SK_ID_CURR,TARGET
100001,0.03942406107671559
100005,0.1575259892269969
100013,0.026488283067010343
100028,0.05946365976706147
100038,0.11707586515694857
100042,0.07634051889181137
100057,0.008621325949206948
100065,0.021119080600328743
100066,0.00850096670910716
100067,0.07588273053988814
100074,0.047147836768999696
100090,0.02389061253052205
100091,0.2074655145406723
100092,0.053439139388501644
100106,0.034132278990000486
100107,0.19962330721318722
100109,0.05138453096151352
100117,0.019379072706215084
100128,0.082170226611197
100141,0.062313291477039456
100150,0.01856804161798209
100168,0.006959027959965169
100169,0.03561419527977705
100170,0.13661277573555708
100171,0.03257438959553838
100172,0.09265906410291791
100184,0.16999703831970692
100187,0.06629149802029133
100212,0.016662402893416584
100222,0.04365864582359791
100223,0.026911015156656504
100232,0.009467378549743444
100241,0.09953951369971037
100245,0.02267646911786869
100253,0.028847320936620235
100256,0.058954942505806684
100271,0.013508065545465797
100278,0.25758553110063076
100280,0.008703709492692724
100306,0.17211574036628008
100311,0.047093238681554794
100312,0.030920583056285977
100330,0.14066734164953232
100331,0.021426804014481604
100352,0.15911636035889387
100358,0.18122877087444067
100367,0.021695286501199007
100382,0.17478156182914972
100384,0.17540721595287323
100385,0.04983264580368996
100386,0.031164451502263546
100399,0.03336990065872669
100404,0.02918247040361166
100416,0.019670244655571878
100422,0.018251210800372064
100426,0.022204908542335033
100438,0.03868666756898165
100444,0.07554232515394688
100445,0.08321026992052794
100446,0.05119586316868663
100447,0.022411723039112985
100450,0.07808438641950488
100466,0.018452371237799525
100483,0.025128022651188076
100484,0.028610833687707782
100494,0.03396802884526551
100510,0.16968821734189987
100512,0.011504467984195799
100517,0.08426718274131417
100548,0.02657590387389064
100551,0.0400799666531384
100552,0.12979461625218391
100553,0.026581989135593176
100561,0.1389731140807271
100568,0.33100808784365654
100569,0.011417654401157051
100591,0.07590743061155081
100592,0.03032669727690518
100602,0.0195792515296489
100607,0.040811683516949415
100613,0.08777857339009643
100617,0.10291280038654804
100618,0.08911436423659325
100622,0.052156621823087335
100625,0.06704156240448356
100677,0.08530398923903704
100699,0.049229452619329095
100702,0.29293053410947323
100711,0.03355369810014963
100729,0.06996330199763179
100740,0.14688681438565254
100744,0.10400952026247978
100745,0.03465579729527235
100747,0.08809449058026075
100751,0.3096252307295799
100752,0.024921685457229614
100753,0.21948161162436008
100754,0.17631377652287483
100760,0.03941524191759527
100762,0.11812092177569866
100763,0.019415304297581315
100765,0.008524537784978747
100770,0.08749327575787902
100772,0.03323117783293128
100777,0.011135482287500054
100791,0.024707026430405676
100792,0.009538195910863578
100797,0.030920594232156873
100823,0.06302382284775376
100826,0.02940768818370998
100830,0.026406617369502783
100836,0.22951042838394642
100872,0.04742615018039942
100910,0.045535274781286716
100913,0.039872219087556005
100918,0.025777921197004616
100931,0.009636741422582418
100952,0.026153777027502656
100953,0.030871224589645863
100965,0.11587203573435545
100970,0.03409350570291281
100982,0.24604238756000996
100983,0.2410213965922594
100984,0.05918942764401436
100987,0.04367264383472502
100997,0.04704879503697157
100998,0.18471306934952736
101002,0.02066711464431137
101005,0.11201720032840967
101008,0.25484248623251915
101020,0.042914927238598466
101021,0.0986027680337429
101024,0.036053539952263236
101025,0.22976612113416195
101026,0.032873885706067085
101031,0.010431550850626081
101041,0.02027769957203418
101051,0.005382229166571051
101055,0.12031690310686827
101056,0.20875028148293495
101057,0.029402876971289515
101064,0.01958296331577003
101079,0.050344936084002256
101087,0.013888337591197342
101090,0.027487810235470533
101092,0.07780080148950219
101097,0.17330161668360233
101099,0.017571447300724685
101107,0.11055862391367555
101118,0.07440520264208317
101125,0.11150347627699375
101126,0.014984088367782533
101128,0.014502720441669226
101136,0.050743012921884656
101140,0.09751936793327332
101149,0.09368592454120517
101160,0.19391125347465277
101169,0.1814031470566988
101181,0.048887288896366954
101186,0.009792855009436607
101190,0.0387346560601145
101193,0.1287977248430252
101194,0.10832941997796297
101198,0.10373546741902828
101200,0.009614632639568299
101204,0.016422617016360164
101211,0.08517139498144388
101213,0.03642306779511273
101223,0.021408822620287538
101225,0.10156389512121677
101237,0.038485947297886014
101243,0.09316108375787735
101244,0.14388053212314844
101258,0.014936451567336917
101259,0.14066107198596
101268,0.10552591271698475
101269,0.022746260627172887
101271,0.055019828490912914
101279,0.026964954799041152
101281,0.22897735983133316
101287,0.05236847000196576
101292,0.03205613302998245
101294,0.033031865721568465
101296,0.12784483563154936
101297,0.013899763929657638
101299,0.02007605880498886
101301,0.026810784824192524
101305,0.08386728074401617
101308,0.15264806617051363
101318,0.012877686880528927
101327,0.19629605300724506
101329,0.008779866446275264
101332,0.07614309201017022
101337,0.03710649232380092
101343,0.039591885870322585
101345,0.019427870749495924
101346,0.01683805778156966
101353,0.03105165995657444
101354,0.14681893959641457
101355,0.14446624647825956
101356,0.02373358025215566
101362,0.13274537026882172
101363,0.2899078968912363
101365,0.020747158443555236
101366,0.08485289104282856
101367,0.2981540746986866
101368,0.007809141941834241
101374,0.14195162430405617
101380,0.015070664521772414
101383,0.03059140290133655
101398,0.013660331431310624
101399,0.18598208855837584
101401,0.1664954675361514
101412,0.0888527580536902
101426,0.06197143765166402
101427,0.35706716030836105
101428,0.16462445352226496
101429,0.10914583783596754
101434,0.014624231844209135
101440,0.1601204974576831
101448,0.06065766280516982
101449,0.035818373085930943
101465,0.05138781014829874
101467,0.014457033714279532
101472,0.055538367945700884
101478,0.11959522869437933
101497,0.05009681871160865
101504,0.0399357199203223
101547,0.01672204548958689
101548,0.08837704034522176
101555,0.1297391438856721
101570,0.015537952771410346
101572,0.028295594500377774
101578,0.0482574119232595
101580,0.17949867341667414
101588,0.14524236973375082
101602,0.06131482310593128
101610,0.129278264939785
101614,0.01621456176508218
101616,0.012355240294709802
101643,0.11635163798928261
101644,0.03853581007570028
101649,0.04283708264119923
101650,0.02631968876812607
101665,0.013947670755442232
101667,0.07418136671185493
101669,0.058315359288826585
101674,0.06220164289698005
101675,0.012029399978928268
101678,0.1318234922364354
101682,0.03160901227965951
101686,0.03620243351906538
101697,0.2857896164059639
101700,0.28277287632226944
101711,0.021343094762414694
101714,0.05394896259531379
101715,0.2518346346914768
101728,0.02847626293078065
101732,0.05640982068143785
101757,0.18123607151210308
101758,0.06241747457534075
101759,0.06453040009364486
101762,0.02565932075958699
101764,0.06537584448233247
101780,0.18177103996276855
101784,0.01083161833230406
101789,0.019401070894673467
101816,0.04449909762479365
101819,0.033883218420669436
101827,0.007003850303590298
101863,0.06841924274340272
101867,0.034294044598937035
101870,0.012034233892336488
101873,0.17443441320210695
101878,0.04850405128672719
101879,0.047630326356738806
101880,0.01927691965829581
101887,0.05574317090213299
101897,0.018308476079255342
101901,0.071634316816926
101903,0.16864148527383804
101920,0.04520747857168317
101921,0.020285512902773917
101922,0.03445746563374996
101961,0.12194156460464001
101962,0.007897744188085198
101971,0.03504286450333893
101976,0.3536243252456188
102002,0.07823007879778743
102005,0.023447423242032528
102007,0.2530064731836319
102017,0.022182421176694334
102019,0.0799567368812859
102029,0.00930591020733118
102051,0.12009945511817932
102052,0.005737146770115942
102054,0.018095929641276598
102062,0.04512662370689213
102067,0.1247281851246953
102068,0.14776902832090855
102070,0.07153160916641355
102090,0.07619460439309478
102092,0.026697283261455595
102099,0.09336335910484195
102100,0.026454156381078064
102112,0.09830890968441963
102113,0.02831370965577662
102122,0.13129477389156818
102123,0.019792903913185
102125,0.01786723325494677
102126,0.21538714691996574
102146,0.006791081570554525
102147,0.061517433263361454
102151,0.04335524304769933
102158,0.20315488148480654
102159,0.02895460673607886
102162,0.04816512414254248
102165,0.056019396521151066
102166,0.03435616591013968
102174,0.008227161946706474
102193,0.19678754918277264
102198,0.02356229000724852
102205,0.12768373731523752
102206,0.007803038170095533
102218,0.033980209613218904
102221,0.030887270346283913
102230,0.06459477357566357
102238,0.02420215157326311
102248,0.059327507857233286
102252,0.1849079243838787
102259,0.059102936647832394
102262,0.10978838242590427
102273,0.023929166258312762
102286,0.14897355064749718
102293,0.011400322429835796
102294,0.019658013014122844
102296,0.04859946039505303
102298,0.11364890914410353
102303,0.023217452806420624
102309,0.02256856916937977
102315,0.029862586176022887
102340,0.07151508890092373
102342,0.05886377673596144
102344,0.022010461310856044
102346,0.08294829446822405
102347,0.010658864805009216
102374,0.058223503176122904
102380,0.03703121212311089
102387,0.017090651555918157
102393,0.03472017520107329
102403,0.01779004279524088
102413,0.03013962716795504
102414,0.0035965153947472572
102415,0.03221995569765568
102416,0.12937490921467543
102439,0.04403862380422652
102441,0.020679822308011353
102443,0.034788961289450526
102444,0.14439818169921637
102445,0.1093037175014615
102448,0.0736288707703352
102449,0.10326966736465693
102450,0.1527473572641611
102456,0.016413836390711367
102458,0.07216922380030155
102459,0.10091351578012109
102465,0.038651716662570834
102470,0.19482270814478397
102471,0.016249220352619886
102475,0.02197270339820534
102476,0.21878273598849773
102506,0.0443204736802727
102509,0.044280899688601494
102519,0.013960489421151578
102522,0.032517782878130674
102545,0.0413202487397939
102549,0.03613005322404206
102562,0.007985691423527896
102563,0.01418684155214578
102568,0.0988199133425951
102582,0.0725591559894383
102592,0.01687354943715036
102597,0.11940570175647736
102605,0.01987373025622219
102614,0.018445661175064743
102617,0.12981298472732306
102634,0.021584286354482174
102652,0.022778205340728164
102655,0.00774954236112535
102671,0.07365264091640711
102694,0.19265848211944103
102701,0.04634321969933808
102703,0.009769558790139854
102704,0.026925669284537435
102713,0.009059823991265148
102720,0.12348298821598291
102731,0.018219541874714196
102733,0.02494969533290714
102749,0.017653792281635106
102755,0.11977347359061241
102763,0.0058926579367835075
102770,0.08790498785674572
102772,0.03954365733079612
102799,0.13203174993395805
102838,0.01111227337969467
102854,0.01767305552493781
102862,0.18430190440267324
102863,0.02553716883994639
102867,0.007455583778209984
102868,0.012997922021895647
102878,0.04888086556456983
102887,0.058135333471000195
102898,0.2162443995475769
102904,0.09666591230779886
102912,0.05581408878788352
102919,0.03447406250052154
102927,0.039531252812594175
102932,0.027384677669033408
102933,0.06369065772742033
102935,0.01287281815893948
102958,0.05130287539213896
102969,0.19178677164018154
102971,0.026094623492099345
102975,0.0664367601275444
102979,0.04478143365122378
102982,0.0052271704480517656
102987,0.22856303304433823
102989,0.057350206887349486
102995,0.041286607505753636
102996,0.009760852786712348
103000,0.025250294827856123
103001,0.16805529687553644
103004,0.026512020966038108
103010,0.010000488604418933
103025,0.23798433877527714
103029,0.018155643600039184
103046,0.03408544114790857
103056,0.07247738121077418
103062,0.08362491708248854
103078,0.021303786663338542
103083,0.032813061494380236
103092,0.04317964497022331
103096,0.03473545820452273
103097,0.08752330718562007
103102,0.20425664819777012
103112,0.05616971431300044
103132,0.03128197346813977
103144,0.0517853694036603
103145,0.10043404065072536
103146,0.008453021669993177
103147,0.11960945464670658
103158,0.03723561018705368
103171,0.062361015006899834
103173,0.03168250271119177
103184,0.011465780204162002
103195,0.09438918996602297
103196,0.06341602234169841
103206,0.016829137690365314
103230,0.07040990237146616
103231,0.16316008754074574
103232,0.024436803651042283
103239,0.11052235588431358
103240,0.12897087913006544
103243,0.014172943658195436
103252,0.0885527515783906
103258,0.051575728226453066
103259,0.09075284888967872
103279,0.010377965751104057
103280,0.008780058153206483
103286,0.04875943996012211
103287,0.2785724326968193
103290,0.014909490360878408
103298,0.03469612565822899
103315,0.005490823416039348
103319,0.011915589740965515
103334,0.1991192288696766
103336,0.028788321651518345
103345,0.0380330600310117
103368,0.019748035934753716
103371,0.1571722747758031
103377,0.014747238019481301
103398,0.013829200295731425
103404,0.10530285816639662
103408,0.19574926607310772
103410,0.0501967309974134
103418,0.007516805490013212
103420,0.14529545325785875
103432,0.08028786024078727
103433,0.010295755229890347
103436,0.03712271270342171
103440,0.01812372193671763
103453,0.016509412904269993
103459,0.07935153692960739
103460,0.037644106429070234
103461,0.010536007990594953
103462,0.034772750455886126
103473,0.09989890735596418
103474,0.018535298528149724
103475,0.20645130053162575
103478,0.10010099969804287
103480,0.036929234862327576
103484,0.026774622150696814
103494,0.11732029728591442
103513,0.02452319231815636
103515,0.06891659228131175
103516,0.08884156448766589
103525,0.08238820591941476
103541,0.13711261935532093
103544,0.0038817880558781326
103562,0.451144065707922
103570,0.19312180764973164
103572,0.08926564967259765
103574,0.034902713960036635
103575,0.027254024986177683
103591,0.1784370020031929
103594,0.008542821713490412
103609,0.051449454855173826
103613,0.17190046422183514
103614,0.06867286236956716
103615,0.046285710763186216
103624,0.06291173724457622
103625,0.14806001540273428
103628,0.10560752544552088
103629,0.01023236446781084
103647,0.09325571684166789
103648,0.04053629096597433
103651,0.03004352725110948
103658,0.01747826160863042
103668,0.03999598161317408
103669,0.04139052890241146
103676,0.0291521477047354
103682,0.03138714376837015
103683,0.08685961784794927
103689,0.020308462204411626
103725,0.05394904827699065
103733,0.14333361946046352
103744,0.03378738509491086
103762,0.17722500301897526
103771,0.347704004496336
103773,0.0035795095027424395
103783,0.06491200579330325
103784,0.04610742372460663
103808,0.009895600785966963
103812,0.031225354876369238
103813,0.15237500239163637
103814,0.04016534727998078
103818,0.05585947958752513
103824,0.025377080077305436
103828,0.010226583166513592
103830,0.2927340641617775
103840,0.021241161157377064
103842,0.12948237545788288
103847,0.12896147463470697
103848,0.14373690076172352
103851,0.014690858195535839
103854,0.13636311888694763
103857,0.1431971788406372
103861,0.0282325983280316
103862,0.02241066040005535
103865,0.031216777861118317
103870,0.011002795188687742
103876,0.0161093216156587
103891,0.207122303545475
103908,0.04718166030943394
103914,0.07411355199292302
103918,0.10720182303339243
103940,0.04399857041426003
103963,0.08041684562340379
103966,0.013678265502676368
103971,0.16702858731150627
103980,0.08273000596091151
103984,0.05123956315219402
103985,0.026624433579854667
103998,0.2539965882897377
104019,0.010346394265070558
104026,0.018786259810440242
104035,0.08522669738158584
104044,0.04775103065185249
104045,0.0953657915815711
104047,0.0844061546958983
104051,0.03210521535947919
104058,0.0478929637465626
104063,0.01813999831210822
104066,0.21212478913366795
104087,0.024648366263136268
104089,0.03791811875998974
104095,0.0357287076767534
104098,0.07877639820799232
104104,0.039564453065395355
104110,0.29437073692679405
104120,0.053024131804704666
104122,0.04315348854288459
104131,0.026241899002343416
104132,0.060405940283089876
104135,0.02671733614988625
104136,0.03911520750261843
104149,0.05141199706122279
104150,0.07618276355788112
104156,0.30097603239119053
104165,0.10122952330857515
104175,0.02563583164010197
104179,0.10573227517306805
104184,0.10983737325295806
104206,0.025442556128837168
104216,0.42789426445961
104230,0.10411373432725668
104257,0.03947045328095555
104272,0.03314118692651391
104273,0.028536976082250476
104278,0.022537516080774367
104294,0.03256003768183291
104295,0.0374420324806124
104297,0.04004242620430887
104298,0.07187112187966704
104308,0.03905284125357866
104318,0.032464635791257024
104319,0.09980955813080072
104320,0.07775616273283958
104327,0.060492506716400385
104334,0.08186192763969302
104344,0.020590582746081054
104350,0.03345105494372547
104351,0.13896058779209852
104354,0.026565540465526283
104369,0.042546103708446026
104376,0.07536066975444555
104381,0.04124022903852165
104384,0.0747250490821898
104391,0.037045482313260436
104394,0.014147004345431924
104398,0.20237593166530132
104402,0.01058314717374742
104408,0.0684853671118617
104409,0.01214357907883823
104410,0.4519243538379669
104412,0.04527796129696071
104417,0.06937368819490075
104424,0.08511860808357596
104426,0.012978229322470725
104435,0.05180247640237212
104445,0.030348482774570584
104458,0.012683830922469497
104460,0.0375290357042104
104466,0.013356406067032367
104472,0.06233850633725524
104473,0.047858663368970156
104479,0.012026308802887797
104480,0.008979259408079088
104482,0.012176326476037502
104499,0.012150691472925246
104501,0.015181927650701255
104502,0.0161998177645728
104506,0.06866118963807821
104510,0.003979792760219425
104512,0.05839821137487888
104520,0.14562785159796476
104528,0.07596464222297072
104529,0.011707235826179385
104541,0.0354776659514755
104578,0.010781448188936338
104584,0.0457993452437222
104588,0.07262974372133613
104602,0.1894486676901579
104610,0.01832356653176248
104611,0.08647234551608562
104618,0.06752237724140286
104620,0.036764638032764196
104622,0.015915179741568863
104624,0.0324668032117188
104625,0.13429971411824226
104634,0.10671006329357624
104639,0.10234909877181053
104646,0.007622756384080276
104647,0.05554399359971285
104652,0.023886860231868923
104670,0.04094633972272277
104677,0.008967001223936677
104685,0.05306089762598276
104691,0.04404070251621306
104696,0.07762536033987999
104699,0.01745670149102807
104712,0.12564967572689056
104714,0.020483419997617602
104717,0.05952075216919184
104718,0.03458037902601063
104740,0.0599919050000608
104741,0.0424743911717087
104743,0.008100822335109115
104744,0.026234828168526292
104747,0.03205005661584437
104767,0.03506591310724616
104772,0.1657143896445632
104776,0.09247921733185649
104779,0.0229894284857437
104814,0.009396493143867701
104815,0.03744184807874262
104830,0.052843273151665926
104831,0.1151954559609294
104833,0.03886227891780436
104839,0.01737972884438932
104840,0.03572646924294531
104860,0.20500031299889088
104861,0.013068498752545565
104866,0.07561645982787013
104870,0.010114380333106965
104877,0.05164029053412378
104878,0.008674338168930262
104879,0.0256629534997046
104880,0.09020089311525226
104899,0.012214953021612018
104906,0.041384381242096424
104907,0.04607893223874271
104913,0.10275357589125633
104916,0.15042044688016176
104921,0.04591262247413397
104930,0.04239470511674881
104931,0.2775713726878166
104936,0.04614724568091333
104937,0.01763105276040733
104942,0.01699115667724982
104943,0.02695059939287603
104969,0.05790043156594038
104972,0.15944876242429018
104988,0.06151166744530201
105013,0.010008653975091875
105015,0.02124951092991978
105019,0.08105203229933977
105027,0.08689745888113976
105030,0.08586216811090708
105035,0.24620690010488033
105041,0.01430374407209456
105051,0.22358990088105202
105056,0.03645412973128259
105067,0.23123999126255512
105071,0.04241418815217912
105072,0.01900583622045815
105074,0.1261572577059269
105091,0.020534445997327566
105101,0.015136742498725653
105103,0.05606275284662843
105134,0.03780976659618318
105139,0.008951519499532878
105142,0.13364716805517673
105146,0.027570101665332913
105163,0.1031055897474289
105168,0.04147979710251093
105172,0.014559620525687933
105176,0.18128338269889355
105195,0.07190752821043134
105196,0.18270288035273552
105197,0.010417771758511662
105203,0.053290043491870165
105223,0.05208961945027113
105227,0.2989180441945791
105228,0.005457102204672992
105230,0.0884243999607861
105231,0.2008039392530918
105239,0.03227825416252017
105242,0.16541024949401617
105244,0.03495079791173339
105245,0.04792186734266579
105248,0.02379891974851489
105249,0.016909171477891505
105266,0.16120621096342802
105271,0.1799010932445526
105276,0.034370421431958675
105282,0.034146718215197325
105292,0.07457625214010477
105297,0.006753651032340713
105332,0.050721320789307356
105333,0.01956614281516522
105343,0.031148507026955485
105344,0.05054698372259736
105345,0.18229887075722218
105357,0.0384902567602694
105359,0.048884735442698
105366,0.05466882581822574
105367,0.019051041919738054
105370,0.005952996929408982
105377,0.09024797845631838
105390,0.0106527783209458
105399,0.01122635108185932
105403,0.13546221144497395
105404,0.026216763770207763
105414,0.014936080551706254
105417,0.07325535221025348
105425,0.10461295023560524
105452,0.21103268675506115
105454,0.09084230521693826
105456,0.06480719847604632
105470,0.020317673683166504
105471,0.025808114558458328
105483,0.08409017790108919
105493,0.2848094794899225
105508,0.04534074920229614
105514,0.056453184224665165
105515,0.02585116180125624
105528,0.1871471982449293
105529,0.008448334876447916
105531,0.01776817999780178
105532,0.02063415863085538
105558,0.014688159979414195
105574,0.010548518446739763
105578,0.008234103472204879
105584,0.2588331326842308
105595,0.061400461941957474
105617,0.13623582758009434
105618,0.04824018059298396
105621,0.03252146253362298
105625,0.022251973510719836
105629,0.04751603747718036
105630,0.010342364548705518
105634,0.0284025912405923
105635,0.012254374043550342
105641,0.12872907798737288
105647,0.12082740757614374
105648,0.045702345902100205
105655,0.03169236332178116
105657,0.013361400691792369
105672,0.09260318148881197
105678,0.11110352352261543
105682,0.04980853945016861
105691,0.02180269791278988
105692,0.022806670516729355
105706,0.02159185044001788
105712,0.03226027451455593
105720,0.01697121368488297
105734,0.009304942155722529
105735,0.017500684829428792
105736,0.1526663899421692
105737,0.029294586507603526
105738,0.05992104159668088
105740,0.2371654137969017
105744,0.0478983570355922
105747,0.02738572866655886
105749,0.17089945171028376
105754,0.030354491202160716
105758,0.03701115562580526
105760,0.027286558877676725
105767,0.2266633529216051
105784,0.09309302968904376
105791,0.03154255682602525
105802,0.1236609211191535
105807,0.0799536993727088
105809,0.036992913112044334
105816,0.07727361796423793
105817,0.012609354627784342
105824,0.06870946241542697
105832,0.034161438001319766
105856,0.01632426376454532
105865,0.0298359883017838
105899,0.16592689603567123
105906,0.04678773274645209
105916,0.05207166797481477
105923,0.03340577334165573
105937,0.08412042958661914
105965,0.042243449250236154
105966,0.0827231495641172
105968,0.01906249683815986
105973,0.04426736431196332
105976,0.13251160364598036
105978,0.1448238492012024
105979,0.031507097417488694
105991,0.08755207201465964
105998,0.0954310754314065
105999,0.014083269168622792
106000,0.13738594762980938
106001,0.03427442512474954
106010,0.18836052250117064
106011,0.014943826710805297
106013,0.07013212377205491
106015,0.011067576939240098
106026,0.019806905649602413
106032,0.013679581810720265
106035,0.17108994349837303
106040,0.04569597449153662
106041,0.1400044672191143
106044,0.013659640506375581
106053,0.159318333491683
106054,0.009448212047573179
106065,0.10229619033634663
106081,0.04167445912025869
106083,0.11751588899642229
106087,0.023086196277290583
106090,0.06159016536548734
106101,0.03955326764844358
106102,0.04420508770272136
106109,0.03804573300294578
106116,0.09214281151071191
106150,0.00455229239014443
106155,0.09144474100321531
106166,0.02137685555499047
106176,0.2253622356802225
106189,0.028316796524450183
106199,0.1357843019068241
106205,0.13050281815230846
106206,0.16685493290424347
106211,0.0130707744974643
106214,0.14161093346774578
106216,0.05439975671470165
106217,0.06419016094878316
106225,0.025882025714963675
106249,0.022441320586949587
106256,0.04796682554297149
106258,0.0329859871417284
106261,0.055879101157188416
106262,0.07772917952388525
106264,0.010894228413235396
106271,0.018174641067162156
106276,0.013960621610749513
106277,0.09087209682911634
106286,0.03588634287007153
106293,0.04126738500781357
106295,0.027899716747924685
106296,0.01915669208392501
106297,0.09403883619233966
106298,0.03852584818378091
106311,0.052225341787561774
106314,0.02169099764432758
106320,0.027594716637395322
106334,0.19059821870177984
106346,0.036273800767958164
106347,0.035784786799922585
106349,0.17601573653519154
106354,0.07850552070885897
106360,0.009817844838835299
106373,0.08744920324534178
106377,0.02624969172757119
106386,0.13055886700749397
106387,0.08579633943736553
106391,0.02886859723366797
106401,0.2606594990938902
106411,0.056081767193973064
106413,0.3778587877750397
106426,0.2628717590123415
106427,0.11641879472881556
106428,0.08401896664872766
106434,0.03538129385560751
106438,0.022187812603078783
106440,0.012733081297483295
106441,0.021155214053578675
106452,0.13737318944185972
106453,0.06626970274373889
106454,0.03677546908147633
106457,0.06390590872615576
106484,0.021930411225184798
106488,0.07965747499838471
106491,0.21421016193926334
106514,0.08408246980980039
106527,0.04509790660813451
106528,0.022489188238978386
106529,0.008596906176535413
106534,0.15538224950432777
106550,0.2695220373570919
106577,0.037164075300097466
106585,0.13996247574687004
106590,0.005679367284756154
106607,0.062153822742402554
106610,0.07001410331577063
106611,0.030600335681810975
106612,0.11029355134814978
106624,0.03725923039019108
106631,0.00916571746347472
106647,0.13532334007322788
106660,0.09259180724620819
106674,0.011164764349814504
106687,0.010374842444434762
106712,0.03232767921872437
106713,0.05639579799026251
106717,0.139286738820374
106720,0.07385261030867696
106721,0.0901800449937582
106724,0.06431132555007935
106735,0.11117687169462442
106739,0.060832487884908915
106740,0.10060450388118625
106754,0.07889238093048334
106760,0.27104925736784935
106761,0.04507194901816547
106784,0.09436897747218609
106787,0.08428814262151718
106797,0.007905251753982157
106798,0.07670090161263943
106802,0.1086500845849514
106803,0.052459544502198696
106804,0.1702860677614808
106805,0.03234932362101972
106810,0.11320764571428299
106812,0.15521780401468277
106813,0.07523404946550727
106817,0.04062910424545407
106822,0.07378322072327137
106823,0.04346249718219042
106827,0.015026559005491436
106841,0.05559144215658307
106851,0.07766633527353406
106852,0.0986945228651166
106853,0.22103558480739594
106854,0.29799522645771503
106861,0.025302547961473465
106873,0.022277558455243707
106877,0.018692689249292016
106878,0.006320898770354688
106881,0.1253801118582487
106900,0.007257164310431108
106906,0.04094210476614535
106907,0.07421177951619029
106914,0.1363777220249176
106916,0.0759932198561728
106924,0.013153512147255242
106931,0.021153092035092413
106936,0.05775749683380127
106937,0.13659239560365677
106938,0.012393349956255406
106939,0.05397715466096997
106943,0.03742166166193783
106944,0.17355674039572477
106967,0.06720595713704824
106980,0.014781425939872861
106986,0.12713336944580078
106987,0.013871995906811208
106990,0.006365842680679634
107013,0.007049023697618395
107023,0.10995082277804613
107033,0.06742111686617136
107037,0.06168302847072482
107048,0.014470413327217102
107071,0.0458449509460479
107081,0.005500533545273356
107113,0.08398402715101838
107130,0.020284676225855947
107131,0.020043967640958726
107145,0.06295713223516941
107156,0.06184383714571595
107219,0.07066626474261284
107222,0.10701475292444229
107223,0.16714550741016865
107232,0.25769357569515705
107245,0.04110451438464224
107246,0.03441058099269867
107247,0.03905865829437971
107256,0.009659596427809447
107259,0.010318364715203643
107260,0.013247792900074273
107279,0.2293249275535345
107280,0.043173354119062424
107281,0.027879069559276104
107285,0.060126110911369324
107329,0.011586977110709995
107337,0.062283833511173725
107349,0.08068634197115898
107350,0.027084884117357433
107351,0.006462609540903941
107359,0.20316657051444054
107391,0.09370320523157716
107394,0.06380772450938821
107395,0.03465809370391071
107406,0.04958642041310668
107416,0.07768703298643231
107417,0.0171026352327317
107418,0.05132300453260541
107419,0.05391867645084858
107444,0.013829416828230023
107445,0.03255450306460261
107446,0.07668332057073712
107460,0.14493024442344904
107470,0.10379459615796804
107475,0.026686558965593576
107520,0.026041183155030012
107526,0.1749511891975999
107527,0.03246727422811091
107530,0.00634182125213556
107532,0.04064052877947688
107534,0.12092403881251812
107535,0.024501550011336803
107554,0.15937310922890902
107556,0.01672504865564406
107559,0.10006404854357243
107561,0.011668275808915496
107564,0.0659572803415358
107566,0.06395799806341529
107571,0.0679080244153738
107590,0.2259815428406
107602,0.12193338386714458
107625,0.09541245922446251
107626,0.4262104891240597
107635,0.008975391392596066
107636,0.050137005746364594
107645,0.02107255265582353
107652,0.30257226154208183
107655,0.043111793929710984
107668,0.03773448662832379
107670,0.06940302671864629
107677,0.00986957538407296
107680,0.18257899209856987
107683,0.1377069167792797
107684,0.011428832018282264
107691,0.054967769188806415
107692,0.029610105557367206
107703,0.03379199653863907
107709,0.030736717395484447
107710,0.07953711273148656
107721,0.08415517024695873
107725,0.22063901275396347
107727,0.10092792846262455
107739,0.030129060614854097
107740,0.05499782785773277
107741,0.02207062707748264
107747,0.023768501938320696
107765,0.16632396075874567
107768,0.019650212954729795
107775,0.0821297587826848
107782,0.3762607593089342
107790,0.013309207977727056
107801,0.023229651618748903
107807,0.019559270818717778
107811,0.05280105909332633
107817,0.046855249209329486
107826,0.05848390003666282
107838,0.21022500284016132
107839,0.026659428724087775
107843,0.12082786858081818
107847,0.052368315402418375
107849,0.08811787609010935
107850,0.08795366296544671
107867,0.07586643192917109
107871,0.08136657904833555
107908,0.03853716189041734
107913,0.039892334723845124
107927,0.012195353338029236
107931,0.032419281313195825
107955,0.014887617784552276
107962,0.10230474453419447
107977,0.04440215742215514
107978,0.025794848217628896
107993,0.025257522356696427
108010,0.10534595604985952
108016,0.03713619406335056
108018,0.2826761659234762
108027,0.24885999225080013
108045,0.2859498839825392
108069,0.14629355818033218
108082,0.01815638691186905
108089,0.07722561759874225
108092,0.025974862626753747
108106,0.019704606500454247
108112,0.08624811703339219
108120,0.13822218123823404
108122,0.19439304247498512
108135,0.03135265572927892
108170,0.009064962563570589
108171,0.062435965053737164
108177,0.007202779524959624
108180,0.12493107467889786
108183,0.020982074202038348
108184,0.01929260033648461
108185,0.04770092363469303
108192,0.04292480042204261
108195,0.1737324818968773
108196,0.26707069016993046
108218,0.03412812133319676
108219,0.0671990611590445
108243,0.09801480267196894
108249,0.00996343238512054
108251,0.022712020436301827
108274,0.0342793723102659
108280,0.2738886456936598
108289,0.06877675955183804
108292,0.023427081643603742
108295,0.03723653522320092
108327,0.017009474686346948
108332,0.04423460504040122
108346,0.04932685266248882
108349,0.19321671687066555
108353,0.030051120556890965
108362,0.023886102251708508
108363,0.026462622452527285
108377,0.14558220375329256
108378,0.08901446731761098
108381,0.042268128134310246
108383,0.37841806560754776
108390,0.06473827082663774
108407,0.008280992216896266
108408,0.05053253611549735
108411,0.07793320808559656
108412,0.01805362943559885
108419,0.013607115601189435
108436,0.21484775096178055
108437,0.09254158288240433
108438,0.13241948653012514
108441,0.01445954677183181
108448,0.02159952698275447
108449,0.09725014492869377
108466,0.015628756722435355
108467,0.09056083764880896
108473,0.03722788346931338
108474,0.07209659647196531
108476,0.020176401012577116
108479,0.01120036985957995
108486,0.012460253899917006
108493,0.0121943264384754
108501,0.0273107981774956
108506,0.1496156007051468
108510,0.037693962920457125
108511,0.026391220628283918
108514,0.15997589472681284
108517,0.015641722362488508
108519,0.04589147190563381
108522,0.02757992665283382
108548,0.08496062969788909
108554,0.09981647320091724
108555,0.03731733188033104
108559,0.06681185541674495
108562,0.024179562693461776
108571,0.11535646300762892
108572,0.03349643782712519
108579,0.025564190931618214
108583,0.014326563221402466
108584,0.007082265947246924
108592,0.014118332124780864
108602,0.010666874411981553
108609,0.013803787704091519
108613,0.32277163304388523
108616,0.06693081092089415
108618,0.06188485538586974
108620,0.013104807236231863
108643,0.01714896858902648
108649,0.01839548849966377
108654,0.07407261477783322
108655,0.014667695621028543
108656,0.040608472656458616
108667,0.05687239579856396
108668,0.08156400453299284
108682,0.06571350945159793
108690,0.05447035050019622
108691,0.060402037808671594
108692,0.08906236896291375
108695,0.03993273386731744
108699,0.05267447233200073
108710,0.1836737608537078
108718,0.23500431887805462
108739,0.07802939508110285
108740,0.006529148755362257
108741,0.008226022764574736
108742,0.016481937956996262
108763,0.013622741622384638
108767,0.1260670218616724
108769,0.1486776741221547
108779,0.1563355876132846
108788,0.0454319310374558
108801,0.036840109853073955
108802,0.030567072331905365
108810,0.027628550538793206
108811,0.008908339368645102
108813,0.00657721608877182
108814,0.17140557616949081
108825,0.022238256060518324
108826,0.063747463747859
108830,0.05118838348425925
108834,0.038439171155914664
108852,0.008902233967091888
108887,0.10489560849964619
108901,0.07639766531065106
108908,0.013670516782440245
108910,0.05647457763552666
108920,0.03679641964845359
108922,0.027776825008913875
108929,0.1787691293284297
108930,0.016760966973379254
108937,0.03390630683861673
108938,0.023371289717033505
108943,0.07819995749741793
108948,0.032030105125159025
108953,0.04897136893123388
108956,0.17001568526029587
108965,0.010924430913291872
108985,0.07038042368367314
108986,0.13345718663185835
108987,0.03220041678287089
108990,0.020703296177089214
108991,0.026878318283706903
108993,0.17473577987402678
109000,0.13651035446673632
109001,0.08920600498095155
109012,0.2004781812429428
109014,0.1551642483100295
109015,0.07730326568707824
109021,0.059381887316703796
109037,0.12368725426495075
109042,0.11828831490129232
109044,0.04115163744427264
109046,0.45573464035987854
109064,0.003280815973994322
109084,0.08317571505904198
109086,0.02078694081865251
109092,0.004315672777011059
109093,0.06246705586090684
109100,0.1363546196371317
109101,0.006437459582230076
109110,0.03300915414001793
109114,0.1974995695054531
109126,0.06845573522150517
109152,0.010135544172953814
109162,0.05938922381028533
109167,0.036016581347212195
109168,0.08250533742830157
109169,0.015847992850467563
109179,0.05263540870510042
109184,0.06619292683899403
109191,0.07054954022169113
109192,0.043242929270491004
109193,0.016788886045105755
109196,0.14066838286817074
109206,0.02275400108192116
109210,0.018232443719170988
109244,0.024874273454770446
109249,0.009761693247128278
109273,0.025568651966750622
109276,0.2107630204409361
109281,0.045100540621206164
109287,0.0489539687987417
109297,0.08355436939746141
109298,0.06549558881670237
109306,0.02088752284180373
109309,0.08043643413111567
109321,0.22259471565485
109328,0.12368792947381735
109336,0.013774128048680723
109342,0.0533349618781358
109346,0.03215491119772196
109347,0.10923925135284662
109348,0.08173094363883138
109362,0.05412811879068613
109363,0.022582103381864727
109367,0.021796679007820785
109370,0.01097740331897512
109393,0.1079469108954072
109405,0.03151257196441293
109413,0.10932638868689537
109414,0.39568644762039185
109421,0.025628830306231976
109427,0.10086405836045742
109428,0.047498579835519195
109429,0.13070450723171234
109437,0.026042933925054967
109443,0.024721742840483785
109461,0.03330470039509237
109468,0.06924067670479417
109469,0.024492253782227635
109471,0.02843680838122964
109479,0.060853143222630024
109484,0.005441549117676914
109501,0.04547655279748142
109505,0.09160222252830863
109535,0.02898579160682857
109539,0.00795923441182822
109544,0.05309635284356773
109545,0.015748269855976105
109551,0.16639973036944866
109553,0.030760124558582902
109555,0.03510212292894721
109561,0.035423142835497856
109580,0.024699984351173043
109583,0.3461097665131092
109593,0.13724455889314413
109604,0.09652258362621069
109620,0.05851329583674669
109635,0.03916596691124141
109637,0.1605166606605053
109638,0.07548592705279589
109642,0.11950078699737787
109649,0.02366672025527805
109652,0.06284503219649196
109656,0.04274278995580971
109663,0.03641406213864684
109696,0.07641081511974335
109700,0.10247710719704628
109709,0.07231392152607441
109735,0.03287553368136287
109740,0.05970247485674918
109741,0.0359816555865109
109749,0.0552365742623806
109764,0.02154577779583633
109771,0.05793614638969302
109772,0.013100676820613444
109773,0.14861001167446375
109798,0.042929981369525194
109802,0.18550786655396223
109804,0.019929660018533468
109813,0.04681797279044986
109818,0.043699691304937005
109848,0.07595283119007945
109850,0.018282135133631527
109851,0.0346629002597183
109855,0.022467166767455637
109871,0.1740716490894556
109877,0.06251891935244203
109883,0.011275378579739481
109886,0.01818609982728958
109905,0.111323949880898
109936,0.2260768860578537
109950,0.10353308636695147
109958,0.07549437042325735
109959,0.13379635475575924
109969,0.01660545589402318
109971,0.06460650404915214
109984,0.017734762164764106
109985,0.17292669881135225
109988,0.05488969758152962
109992,0.11199612636119127
110005,0.02984608430415392
110009,0.04722551442682743
110011,0.24598696641623974
110014,0.04754339647479355
110026,0.04725870070978999
110042,0.050086878472939134
110058,0.009676370595116168
110069,0.07527637016028166
110080,0.014095453429035842
110087,0.025089126313105226
110091,0.047788725700229406
110094,0.044744862243533134
110098,0.2375839166343212
110105,0.05403500166721642
110117,0.06231112405657768
110136,0.14154954627156258
110138,0.17859052494168282
110149,0.1028598127886653
110164,0.11059204209595919
110202,0.1741709914058447
110212,0.0232122631277889
110226,0.006886601622682065
110236,0.016016541339922696
110249,0.009843325649853796
110257,0.04659249703399837
110258,0.013378231786191463
110277,0.013518467312678695
110282,0.03879702929407358
110284,0.036294351099058986
110286,0.039638407761231065
110289,0.018207984627224505
110304,0.008472833957057446
110319,0.10224325023591518
110324,0.10732430219650269
110326,0.009880178200546652
110335,0.02793590200599283
110337,0.10344928503036499
110338,0.03849570523016155
110343,0.03467798978090286
110345,0.021540181594900787
110347,0.09302629390731454
110355,0.006193040462676436
110359,0.09749473165720701
110360,0.05476886359974742
110364,0.044505230616778135
110371,0.11699905339628458
110372,0.018848289037123322
110376,0.07092408183962107
110379,0.2086983434855938
110380,0.03625028464011848
110393,0.05692958342842758
110401,0.2286656815558672
110406,0.02419781289063394
110411,0.0916364686563611
110416,0.007780752261169255
110420,0.035703088622540236
110443,0.017800993751734495
110465,0.016715912031941116
110468,0.04240403580479324
110469,0.05678961332887411
110471,0.10635691694915295
110487,0.28120257891714573
110491,0.20437137689441442
110504,0.09516290063038468
110547,0.044707125751301646
110550,0.041259816847741604
110559,0.21751735731959343
110578,0.10791501309722662
110582,0.047722369665279984
110590,0.03351950366050005
110598,0.05193167831748724
110601,0.20776444487273693
110602,0.04443261516280472
110604,0.015877203491982073
110625,0.12622092384845018
110626,0.10458838567137718
110636,0.36928660050034523
110637,0.09650928853079677
110638,0.07875134842470288
110646,0.045347732957452536
110648,0.028056283947080374
110652,0.02577287214808166
110681,0.09118831064552069
110682,0.09245872683823109
110687,0.11499517876654863
110691,0.011100734118372202
110694,0.08119429089128971
110695,0.023805323988199234
110696,0.15302211046218872
110708,0.021134436945430934
110710,0.006896134320413694
110717,0.16671118885278702
110730,0.05887415446341038
110740,0.010383404849562794
110742,0.04073065938428044
110747,0.04104468319565058
110761,0.016253540758043528
110766,0.015362700447440147
110769,0.01333715207874775
110774,0.07516579376533628
110803,0.028154337196610868
110805,0.012070546625182033
110809,0.11982216406613588
110827,0.042643153108656406
110832,0.03880397160537541
110839,0.127555126324296
110859,0.2501974683254957
110861,0.010812399559654295
110863,0.09311863919720054
110865,0.05517262825742364
110881,0.11780126206576824
110889,0.034786153584718704
110891,0.015964299789629877
110894,0.006414759118342772
110895,0.12704858649522066
110907,0.23184112459421158
110914,0.02731129783205688
110933,0.0425072240177542
110934,0.013108592014759779
110937,0.03411372494883835
110953,0.012693631346337497
110954,0.14971568249166012
110958,0.16058684419840574
110970,0.02467546588741243
110974,0.05626186961308122
110977,0.03485553036443889
110989,0.017309627728536725
110993,0.3263302017003298
110994,0.13799101021140814
111018,0.008364191191503778
111019,0.06989968894049525
111030,0.02328429848421365
111032,0.12280806712806225
111041,0.020264060935005546
111045,0.024303014273755252
111048,0.013080583652481437
111052,0.033008677419275045
111070,0.23436807282269
111084,0.11726575903594494
111091,0.09206229448318481
111104,0.00967530143680051
111108,0.03759305994026363
111112,0.01526774070225656
111127,0.005714813421946019
111142,0.10589599329978228
111146,0.3488955181092024
111165,0.024530188064090908
111168,0.03136394917964935
111169,0.27061792090535164
111172,0.049106764839962125
111173,0.014738364785443991
111174,0.05158151313662529
111175,0.16140508744865656
111176,0.07391208270564675
111177,0.032454475527629256
111180,0.022687196033075452
111182,0.03407353232614696
111192,0.012565162789542228
111194,0.11972972191870213
111196,0.1640718262642622
111197,0.022311292588710785
111198,0.03227094258181751
111205,0.053277111146599054
111207,0.06336522614583373
111222,0.004809144040336832
111228,0.04110080748796463
111233,0.02462662779726088
111256,0.02020902477670461
111258,0.008994078438263386
111262,0.031530693639069796
111263,0.08847989421337843
111267,0.02657379093579948
111269,0.03475688025355339
111276,0.0373411038890481
111277,0.33374121598899364
111279,0.12803953047841787
111290,0.02214788261335343
111294,0.022180059226229787
111295,0.09976065810769796
111315,0.31025284342467785
111318,0.11086910078302026
111327,0.04351166193373501
111328,0.14782905019819736
111332,0.09880799148231745
111338,0.013770223129540682
111343,0.07863548025488853
111344,0.02347544627264142
111345,0.313973618671298
111347,0.024466776521876454
111356,0.014989923918619752
111359,0.08260450232774019
111367,0.014966522576287389
111368,0.010402929270640016
111391,0.2327040433883667
111408,0.005232190596871078
111412,0.10503319837152958
111419,0.10257394146174192
111422,0.02421571663580835
111423,0.28930134139955044
111439,0.04856386361643672
111452,0.43235035240650177
111456,0.07492971373721957
111467,0.03510845359414816
111478,0.1394092058762908
111482,0.02967951283790171
111488,0.3018265590071678
111503,0.08820428466424346
111510,0.01701448648236692
111512,0.008699849480763078
111518,0.04079253552481532
111532,0.055057761259377
111537,0.02905654232017696
111541,0.14024516008794308
111544,0.1208244739100337
111550,0.016729292110539973
111554,0.09059900650754571
111560,0.1405368661507964
111566,0.03049361309967935
111567,0.1615611631423235
111592,0.022457326063886285
111618,0.09406231110915542
111620,0.15192526299506426
111627,0.012460238765925169
111641,0.2843745183199644
111646,0.15802176296710968
111652,0.023716420168057084
111657,0.036816811421886086
111664,0.08509320020675659
111665,0.14310941752046347
111669,0.03361215302720666
111673,0.011280008999165148
111687,0.026045553386211395
111688,0.026495727943256497
111689,0.04045337368734181
111694,0.06843737699091434
111695,0.04292928450740874
111698,0.02917187917046249
111703,0.003567995925550349
111709,0.013843756925780326
111712,0.049433283507823944
111715,0.060945925768464804
111724,0.03798084962181747
111730,0.023736836854368448
111747,0.030205153860151768
111760,0.027350293239578605
111761,0.031979165971279144
111763,0.18459279369562864
111776,0.0668682986870408
111777,0.005535175267141312
111781,0.013497491017915308
111793,0.030849454225972295
111804,0.13162045925855637
111810,0.11818479839712381
111816,0.017675147799309343
111818,0.025005069794133306
111830,0.02789656398817897
111832,0.03765549534000456
111841,0.045899878023192286
111842,0.0208491082303226
111843,0.10286944638937712
111846,0.09522711671888828
111848,0.3032727111130953
111856,0.022083860472775996
111857,0.0031621267407899722
111877,0.009109382226597518
111882,0.03264253621455282
111883,0.1145081426948309
111891,0.011860652826726437
111893,0.04889513552188873
111901,0.06805906305089593
111912,0.05365838063880801
111913,0.04615999176166952
111955,0.027244882541708648
111958,0.030403896002098918
111960,0.0905998726375401
111967,0.020333255059085786
112000,0.07929248176515102
112003,0.09816561546176672
112015,0.24059117026627064
112019,0.2759200930595398
112020,0.019888076814822853
112028,0.05555996624752879
112029,0.06320569408126175
112031,0.05260414117947221
112039,0.03633872070349753
112042,0.007831207185517997
112049,0.03571236948482692
112052,0.1763142952695489
112054,0.00628486936329864
112055,0.018103063921444118
112063,0.11022214405238628
112070,0.03350804606452584
112071,0.025845442432910204
112080,0.010530740953981876
112083,0.02953243302181363
112085,0.0140536442049779
112089,0.10200836602598429
112098,0.1268810760229826
112100,0.02194295113440603
112105,0.12213813699781895
112124,0.0319157293997705
112126,0.04322902858257294
112127,0.05154481716454029
112128,0.0188636687817052
112148,0.024082129006274045
112149,0.02952334750443697
112165,0.12462747935205698
112170,0.01854646939318627
112171,0.037498543271794915
112176,0.13373329397290945
112186,0.021032067015767097
112199,0.08312314236536622
112203,0.013955899339634925
112214,0.06742646638303995
112215,0.02294398716185242
112216,0.053885992616415024
112224,0.10842208657413721
112225,0.07724445406347513
112231,0.23755178973078728
112234,0.1499688560143113
112235,0.028749037766829133
112236,0.05766376992687583
112254,0.1388456467539072
112265,0.06546570314094424
112271,0.04273946792818606
112284,0.024997304659336805
112287,0.10366526804864407
112295,0.2206260971724987
112303,0.08014724915847182
112307,0.2907766569405794
112310,0.034345097141340375
112312,0.2049499060958624
112313,0.022231553099118173
112326,0.040029482915997505
112333,0.025529016042128205
112334,0.025705808540806174
112339,0.051080754259601235
112347,0.02869025303516537
112350,0.061253531370311975
112356,0.1041698195040226
112357,0.053951905108988285
112359,0.055167291313409805
112360,0.10442516254261136
112371,0.16235326044261456
112385,0.032147706020623446
112392,0.012252489337697625
112401,0.17003281600773335
112405,0.1389051554724574
112414,0.1552601121366024
112429,0.0871891612187028
112448,0.023468419909477234
112467,0.09027324244379997
112468,0.08930609747767448
112469,0.09173338767141104
112491,0.05007926025427878
112500,0.0398086195345968
112510,0.20918962359428406
112535,0.10916847782209516
112537,0.03137015807442367
112551,0.023361603496596217
112552,0.04156125336885452
112556,0.10609830217435956
112577,0.0367713060695678
112590,0.02970687299966812
112593,0.01762198656797409
112596,0.24548484571278095
112601,0.01577651669504121
112604,0.06360840192064643
112622,0.017816017265431583
112655,0.02347816585097462
112663,0.008981975086499006
112667,0.0052692586032208055
112670,0.05692094471305609
112676,0.04052897356450558
112677,0.05643172189593315
112679,0.016166763845831156
112683,0.2156161144375801
112688,0.027470113127492368
112692,0.0672344109043479
112696,0.06925007561221719
112702,0.014473842631559819
112709,0.012284176249522716
112720,0.052640951704233885
112735,0.012901756097562611
112738,0.08165802108123899
112742,0.008135752636007965
112748,0.0029459538927767426
112749,0.02480565255973488
112766,0.014265257399529219
112767,0.03133788821287453
112769,0.04477527365088463
112771,0.11663373466581106
112775,0.018262661644257605
112794,0.09336542105302215
112795,0.013070537941530347
112796,0.026319622062146664
112815,0.013677450944669545
112817,0.08701684512197971
112821,0.03160030557774007
112822,0.09034894639626145
112829,0.07277583703398705
112831,0.15830654371529818
112835,0.018563682911917567
112838,0.02811378100886941
112842,0.040810882579535246
112844,0.13516433723270893
112845,0.007088841462973505
112846,0.04592128610238433
112847,0.029550767969340086
112867,0.03463128861039877
112868,0.025000048568472266
112874,0.01762047759257257
112879,0.005810730770463124
112882,0.08665331173688173
112886,0.06947871949523687
112895,0.06050615245476365
112896,0.02737564267590642
112902,0.03436631476506591
112904,0.040487340185791254
112917,0.3362095206975937
112932,0.08472249936312437
112944,0.007946256315335631
112946,0.08238956099376082
112947,0.028398663736879826
112948,0.026675109984353185
112966,0.140475794672966
112967,0.019613404176197946
112971,0.04855465958826244
112973,0.03395021636970341
112974,0.0193228458520025
112978,0.06558079551905394
112988,0.018153304466977715
112992,0.2027259524911642
113003,0.022206752793863416
113004,0.03751096618361771
113007,0.40200259909033775
113020,0.13930507097393274
113025,0.22060367837548256
113032,0.009602771606296301
113042,0.10691756941378117
113047,0.0123723927536048
113066,0.024572370341047645
113067,0.18659747671335936
113071,0.04282564367167652
113087,0.1930779330432415
113108,0.007742801564745605
113109,0.07633971748873591
113123,0.029156354488804936
113128,0.2001933790743351
113134,0.08509496925398707
113151,0.05010507768020034
113175,0.1107810428366065
113181,0.008315674407640472
113188,0.2882072292268276
113191,0.09364779107272625
113193,0.13248638715595007
113201,0.1121266121044755
113209,0.1338300881907344
113222,0.03719237167388201
113248,0.01332253887085244
113272,0.07694456446915865
113276,0.014808683888986707
113287,0.005888728977879509
113302,0.022622702061198652
113308,0.06469764653593302
113316,0.06273019895888865
113318,0.04074291023425758
113320,0.09634256828576326
113322,0.15533789992332458
113325,0.08348580962046981
113326,0.12148817535489798
113332,0.05177148780785501
113346,0.24591797031462193
113352,0.007346064376179129
113361,0.008433630573563278
113362,0.00960455578751862
113365,0.023225991986691952
113366,0.016061807749792933
113368,0.01639889006037265
113382,0.010768427513539791
113385,0.022218217724002898
113390,0.07825619680806994
113391,0.03056694462429732
113393,0.025763936107978225
113396,0.024597469600848854
113397,0.11958902515470982
113402,0.017864129971712828
113403,0.018927072873339057
113405,0.06251340173184872
113406,0.04467588057741523
113410,0.3068780992180109
113413,0.046383179957047105
113418,0.05049871001392603
113419,0.017197140608914196
113435,0.29128944501280785
113438,0.06391218164935708
113447,0.00723682704847306
113458,0.14845668710768223
113466,0.06483971793204546
113475,0.03203870612196624
113482,0.09134267549961805
113490,0.008989234862383455
113505,0.024505624314770103
113508,0.20005046110600233
113520,0.08945323852822185
113532,0.04672643751837313
113535,0.026554972399026155
113549,0.02995837014168501
113557,0.09725213143974543
113558,0.00929957054904662
113561,0.10013012308627367
113566,0.023856308311223984
113569,0.06705431966111064
113574,0.03436262789182365
113576,0.04546472663059831
113577,0.018504773848690093
113585,0.024457805091515183
113587,0.10636773193255067
113599,0.10277011711150408
113601,0.09519647341221571
113602,0.03336724732071161
113605,0.17683368362486362
113609,0.08112320909276605
113611,0.09077805560082197
113616,0.055420731427147985
113627,0.669913474470377
113631,0.15679684840142727
113643,0.0400814653839916
113652,0.06850277073681355
113657,0.054710173746570945
113659,0.024817835073918104
113672,0.09146448783576488
113680,0.010450111702084541
113692,0.024396643624641
113694,0.02789415349252522
113695,0.04502640292048454
113701,0.013434077729471028
113733,0.02206843625754118
113738,0.09502628352493048
113740,0.19569006003439426
113742,0.029100226471200585
113777,0.004689951951149851
113783,0.09076343197375536
113788,0.0359798357822001
113789,0.03246632032096386
113791,0.09481708193197846
113795,0.040653528878465295
113799,0.04613079968839884
113805,0.03757690149359405
113820,0.11575047392398119
113822,0.01429502957034856
113824,0.027211526408791542
113829,0.03916674363426864
113832,0.010276856133714318
113833,0.10506112314760685
113841,0.013718883914407343
113849,0.04937702673487365
113862,0.10851439647376537
113863,0.10440554469823837
113864,0.06332844542339444
113870,0.013480805151630193
113875,0.04755155276507139
113882,0.025305595598183572
113887,0.03944982378743589
113894,0.0239172731526196
113909,0.01650904887355864
113930,0.1276515405625105
113936,0.022628169041126966
113939,0.04871948063373566
113942,0.0661054109223187
113943,0.2100365962833166
113945,0.043829216388985515
113947,0.0028876665310235694
113950,0.01550239056814462
113951,0.13766151666641235
113957,0.07209279295057058
113966,0.09118372108787298
113967,0.022964549949392676
113977,0.14401206467300653
113984,0.09775491897016764
113986,0.10075993742793798
113992,0.009891553374473006
113998,0.007073280547047034
113999,0.4733242765069008
114003,0.06187122385017574
114010,0.01937781332526356
114011,0.281106673181057
114032,0.012364104448352009
114047,0.05158775486052036
114055,0.035710513358935714
114056,0.1354149365797639
114064,0.07124156504869461
114065,0.018863261328078806
114067,0.020910830004140735
114068,0.014901346992701292
114075,0.021850774297490716
114076,0.07951222127303481
114077,0.01305059576407075
114094,0.01906685996800661
114095,0.009298718941863626
114109,0.1285326424986124
114114,0.07530838483944535
114116,0.04132879199460149
114127,0.014120025734882802
114158,0.0777580258436501
114168,0.09400142449885607
114169,0.04653615993447602
114171,0.08812116226181388
114180,0.18195244297385216
114193,0.0125069270725362
114198,0.02419691951945424
114201,0.019173216773197055
114202,0.15058088954538107
114207,0.046669025206938386
114210,0.07488381583243608
114221,0.07806359371170402
114222,0.06416311906650662
114227,0.05636284500360489
114250,0.008869717887137085
114253,0.0867692120373249
114265,0.01371628965716809
114267,0.07910360489040613
114273,0.18857076950371265
114280,0.2031201794743538
114281,0.018075964180752635
114283,0.7318373396992683
114291,0.14525802712887526
114310,0.21833188273012638
114316,0.0046734597272006795
114326,0.007698808854911476
114327,0.03011879278346896
114339,0.0899997865781188
114352,0.04629934299737215
114359,0.1712050996720791
114360,0.04506154381670058
114382,0.17126514576375484
114396,0.14310996606945992
114397,0.03615219355560839
114415,0.07241233345121145
114425,0.037587776547297835
114434,0.015985550184268504
114456,0.1924786977469921
114463,0.009143559378571808
114469,0.003117908570857253
114476,0.008136998862028122
114480,0.0031656727878726088
114482,0.176615240983665
114492,0.014100023952778429
114493,0.11884730122983456
114501,0.05350057687610388
114506,0.16223673708736897
114510,0.0271451665321365
114515,0.19600842520594597
114524,0.11864748690277338
114545,0.1675106156617403
114546,0.010021139634773135
114560,0.012710291426628828
114562,0.04832340660504997
114563,0.02230061835143715
114566,0.10350176226347685
114599,0.029412275180220604
114601,0.00690200919052586
114607,0.052320155780762434
114612,0.015573694079648703
114622,0.2226899154484272
114625,0.2991797346621752
114634,0.1312176138162613
114635,0.031236901180818677
114641,0.010066755814477801
114644,0.0496857943944633
114645,0.15205942746251822
114651,0.02158854005392641
114653,0.005245386419119313
114654,0.056424861773848534
114667,0.02127319376450032
114668,0.1868006307631731
114670,0.02427190262824297
114686,0.06591865606606007
114688,0.2881486937403679
114690,0.06205875286832452
114691,0.024622407858259976
114700,0.046746771316975355
114706,0.013444523967336863
114740,0.07449998147785664
114741,0.08853493677452207
114755,0.01888777664862573
114757,0.011111017840448767
114767,0.030232710298150778
114772,0.22541832365095615
114780,0.12654578313231468
114782,0.019212762941606343
114791,0.008599210006650537
114815,0.08595547545701265
114823,0.07632626919075847
114835,0.042001955676823854
114838,0.006445576989790425
114840,0.03378252370748669
114842,0.07450711959972978
114844,0.15902309212833643
114850,0.0725858649238944
114853,0.006974755611736327
114856,0.2639520186930895
114857,0.016118502244353294
114858,0.0848626084625721
114864,0.04267080361023545
114871,0.017123898956924677
114875,0.0330518689006567
114879,0.07945724902674556
114893,0.03187270672060549
114912,0.08625553175806999
114922,0.025940423365682364
114930,0.015408683568239212
114945,0.022679072921164334
114951,0.013361148536205292
114958,0.031629290198907256
114962,0.04536266764625907
114976,0.03329008352011442
114978,0.04599431552924216
114987,0.01112856314284727
115002,0.021088415756821632
115005,0.014342629117891192
115023,0.1816308880224824
115030,0.012150396942161024
115033,0.10428426321595907
115034,0.06870771944522858
115038,0.009838483354542404
115046,0.06785766873508692
115049,0.036050023743882775
115055,0.01448145997710526
115059,0.041412652703002095
115076,0.1143790315836668
115078,0.03754361136816442
115081,0.1055977363139391
115085,0.08212931174784899
115096,0.057376544224098325
115101,0.02575205033645034
115114,0.04714808124117553
115119,0.03741323808208108
115121,0.11078435089439154
115122,0.03697051457129419
115144,0.06923434184864163
115147,0.1474958909675479
115151,0.010122614563442767
115172,0.02937418152578175
115175,0.08541167248040438
115183,0.006723040918586776
115185,0.06859017442911863
115197,0.03307077055796981
115200,0.07157002482563257
115207,0.12440157681703568
115217,0.008683527121320367
115230,0.06883740518242121
115237,0.008489243569783866
115246,0.019974308786913753
115251,0.02810328616760671
115269,0.06387792341411114
115290,0.11349956411868334
115299,0.03704797592945397
115309,0.23074007406830788
115310,0.05052298819646239
115311,0.011824469489511102
115312,0.02525755763053894
115323,0.012958349252585322
115324,0.015677579795010388
115341,0.16795005649328232
115342,0.03739893343299627
115343,0.007992927974555641
115350,0.07272991770878434
115354,0.10556632094085217
115360,0.08547962829470634
115368,0.056414252147078514
115373,0.021706937346607447
115396,0.20151713490486145
115400,0.04254322196356952
115401,0.022756363498046994
115404,0.017671021749265492
115405,0.0544285299256444
115406,0.03431787178851664
115407,0.010043181653600186
115412,0.008186981198377907
115413,0.0332630705088377
115415,0.02879469934850931
115423,0.025472039822489023
115427,0.09303273912519217
115428,0.011791559110861272
115439,0.04348628758452833
115440,0.13295932300388813
115447,0.03119361586868763
115450,0.020109777455218136
115457,0.03068550443276763
115459,0.07807894190773368
115463,0.02216065372340381
115473,0.24336155131459236
115477,0.012250379659235477
115479,0.013617180695291609
115480,0.11991089303046465
115481,0.04769850429147482
115485,0.0552700636908412
115489,0.020643469411879778
115495,0.021663642139174044
115500,0.017587419948540628
115521,0.04005798324942589
115572,0.011489080381579697
115580,0.00748976127943024
115582,0.012843754549976438
115586,0.019403470098040998
115587,0.11366122215986252
115588,0.014946346636861563
115591,0.14603998139500618
115592,0.009771412180271
115618,0.008098011545371264
115619,0.06867433432489634
115621,0.21041550114750862
115632,0.09031886048614979
115646,0.06125357327982783
115658,0.07966542709618807
115671,0.019332089461386204
115680,0.015385993523523211
115686,0.029391464195214212
115688,0.017936180345714092
115705,0.07106222910806537
115707,0.01863169635180384
115708,0.037875521229580045
115726,0.27159194089472294
115759,0.05292846029624343
115773,0.018863205215893686
115777,0.01111169217620045
115778,0.1723735136911273
115781,0.015235134516842663
115801,0.18458182271569967
115804,0.07494503259658813
115810,0.05622180877253413
115812,0.07775083044543862
115820,0.311715105548501
115827,0.025704620638862252
115831,0.06846793694421649
115841,0.10666016768664122
115846,0.11979673244059086
115852,0.011994440050330013
115857,0.024633501656353474
115858,0.0377503726631403
115860,0.03197446814738214
115865,0.023694126750342548
115867,0.11449598800390959
115869,0.07189827738329768
115877,0.11192217469215393
115904,0.054269037675112486
115913,0.06635048286989331
115916,0.038651772076264024
115928,0.05721055809408426
115932,0.02484371920581907
115933,0.020321574760600924
115937,0.19984247721731663
115938,0.006344332490698434
115957,0.03245754353702068
115958,0.08503109775483608
115969,0.009702696872409433
115980,0.04033479676581919
115984,0.009275167423766106
116006,0.07922695530578494
116007,0.10904141049832106
116008,0.05432449630461633
116009,0.15191736444830894
116011,0.012677869235631078
116012,0.06390612060204148
116015,0.3844492435455322
116025,0.10708943288773298
116047,0.01697561319451779
116052,0.04804556560702622
116068,0.023274512495845556
116077,0.09055759385228157
116084,0.01963256939779967
116089,0.016699168481864035
116093,0.013288832269608974
116097,0.08403884340077639
116102,0.08132573589682579
116118,0.027302702306769788
116119,0.010206893377471715
116125,0.027483584941364825
116128,0.049101795768365264
116135,0.03835141775198281
116140,0.15364962257444859
116141,0.007816302357241511
116142,0.1263787066563964
116153,0.02749534964095801
116156,0.01234560355078429
116157,0.05888538248836994
116167,0.010892504069488496
116168,0.12167849205434322
116175,0.01098130241734907
116187,0.013535945443436503
116189,0.08666045544669032
116191,0.05127860209904611
116201,0.23408532701432705
116210,0.08607304841279984
116213,0.05078442394733429
116215,0.15825584437698126
116223,0.04402738343924284
116226,0.029552342370152473
116228,0.00983817403903231
116241,0.021796471206471324
116247,0.017712954781018198
116266,0.014465128420852125
116276,0.3499770797789097
116287,0.006691648857668042
116289,0.05740724690258503
116292,0.04271997814066708
116306,0.029423828003928065
116309,0.01904308923985809
116312,0.009723207273054868
116313,0.012148014327976853
116335,0.02511881710961461
116342,0.08148213708773255
116348,0.011634713562671095
116367,0.05348048941232264
116380,0.04611321189440787
116383,0.13043867982923985
116389,0.08751170290634036
116395,0.12127398792654276
116397,0.037992737255990505
116398,0.0870496816933155
116402,0.06399090634658933
116404,0.04724686127156019
116406,0.014426482957787812
116424,0.08933330234140158
116428,0.006812359904870391
116436,0.018018926843069494
116440,0.02186976349912584
116448,0.06497907545417547
116458,0.04042456205934286
116466,0.010145313804969192
116469,0.009584224899299443
116473,0.03224164410494268
116474,0.09980517718940973
116479,0.03209923906251788
116480,0.043478941544890404
116491,0.02887725131586194
116493,0.040259393863379955
116505,0.03626455902121961
116511,0.026721889269538224
116525,0.024019131436944008
116535,0.11018372513353825
116544,0.014334940235130489
116546,0.004151173910940997
116562,0.0161847781855613
116565,0.04293578793294728
116578,0.007723573537077755
116579,0.009311465895734727
116580,0.17429218348115683
116582,0.008891390345524997
116584,0.017331060953438282
116586,0.04292438388802111
116596,0.010582465212792158
116597,0.08308863313868642
116598,0.013673662033397704
116604,0.18029779009521008
116608,0.00916939036687836
116609,0.0615514381788671
116613,0.023552064783871174
116614,0.06686969473958015
116615,0.13255671132355928
116633,0.08740451000630856
116637,0.054145487723872066
116643,0.02169885265175253
116647,0.04890492418780923
116656,0.03608808550052345
116659,0.06709220074117184
116662,0.09119278704747558
116676,0.028709468198940158
116680,0.048828305676579475
116681,0.01651716383639723
116683,0.15530785731971264
116684,0.04920266685076058
116712,0.0341889385599643
116720,0.028844405664131045
116726,0.09261523373425007
116729,0.009818855905905366
116737,0.2170556802302599
116745,0.03477052820380777
116747,0.03946052701212466
116766,0.006642958731390536
116781,0.01847640029154718
116783,0.039855957962572575
116787,0.021903750952333212
116788,0.1952158659696579
116789,0.004967253305949271
116801,0.0181242770049721
116803,0.017618031706660986
116804,0.09531612088903785
116806,0.033323546173051
116815,0.08937830850481987
116817,0.01839804177870974
116825,0.036574522498995066
116828,0.006092926312703639
116829,0.042280334047973156
116853,0.09801554679870605
116854,0.1100176703184843
116859,0.04068226972594857
116860,0.13855263404548168
116865,0.05897201970219612
116872,0.15735382121056318
116880,0.23664549738168716
116882,0.039678055327385664
116893,0.04179056780412793
116896,0.09810680150985718
116906,0.006667141424259171
116908,0.05578184500336647
116925,0.00947110092965886
116926,0.20368299074470997
116948,0.07165896566584706
116949,0.08404805837199092
116955,0.10249268682673573
116964,0.05136448983103037
116974,0.07957214349880815
116976,0.14184445329010487
116990,0.02625174925196916
116993,0.061578781343996525
116994,0.08315052604302764
116997,0.058399309404194355
117003,0.010097221296746284
117007,0.0651005869731307
117011,0.050863836193457246
117012,0.029687090776860714
117019,0.009337127965409309
117021,0.01243700081249699
117030,0.09642224758863449
117036,0.05175115494057536
117043,0.1315606152638793
117054,0.04097377322614193
117070,0.08277102326974273
117077,0.16235290188342333
117087,0.023166144266724586
117093,0.03462170949205756
117105,0.036207853350788355
117112,0.09537605848163366
117129,0.3613931704312563
117135,0.11578123364597559
117138,0.10515841608867049
117142,0.03933586529456079
117148,0.12732989992946386
117157,0.2057861778885126
117170,0.010080484091304243
117171,0.020534665207378566
117172,0.09511449746787548
117178,0.10612746980041265
117186,0.04142396850511432
117187,0.07270461414009333
117193,0.10483038565143943
117194,0.14501183852553368
117199,0.020185118017252535
117207,0.04252182855270803
117211,0.03263144171796739
117216,0.2618294935673475
117217,0.020358593435958028
117218,0.027019107714295387
117219,0.06707541411742568
117224,0.037192521849647164
117225,0.020203072344884276
117239,0.05969163356348872
117242,0.04381548962555826
117249,0.1413879869505763
117255,0.02268457307945937
117257,0.11895709857344627
117272,0.006310208875220269
117284,0.15286897961050272
117287,0.06851949729025364
117293,0.023622793145477772
117298,0.18260284140706062
117299,0.048200204968452454
117307,0.019392134621739388
117321,0.03213315084576607
117323,0.03897495148703456
117326,0.06697563733905554
117327,0.18281352892518044
117341,0.0191433762665838
117350,0.04899532254785299
117362,0.19251463562250137
117375,0.031884596683084965
117391,0.065999670419842
117392,0.058618674986064434
117396,0.1837343443185091
117399,0.03730124910362065
117400,0.12879228964447975
117402,0.04560602083802223
117406,0.10061977012082934
117417,0.2789674140512943
117418,0.08152671670541167
117425,0.0554784145206213
117428,0.03909074794501066
117443,0.022848480730317533
117448,0.03355201426893473
117449,0.010213472822215408
117450,0.14567355159670115
117463,0.09853000240400434
117467,0.018016880610957742
117478,0.016469717491418123
117480,0.12206070311367512
117483,0.1073249876499176
117484,0.08534111361950636
117495,0.023679810925386846
117498,0.017285594367422163
117501,0.058525518514215946
117503,0.07771713798865676
117520,0.5395692624151707
117524,0.05506306840106845
117525,0.099316849373281
117526,0.14829539228230715
117527,0.09910362120717764
117531,0.0300112955737859
117545,0.04863828350789845
117547,0.2831916995346546
117557,0.10127743054181337
117563,0.040640619583427906
117564,0.027735935524106026
117598,0.12293982226401567
117599,0.05186666175723076
117610,0.02328250033315271
117614,0.0979663385078311
117616,0.1958951521664858
117623,0.04096498619765043
117625,0.22532086446881294
117633,0.007191720767877996
117634,0.1334425713866949
117639,0.12463990412652493
117652,0.023047424270771444
117653,0.183142957277596
117660,0.026527941692620516
117661,0.011894173047039658
117662,0.0884228190407157
117676,0.06795151764526963
117677,0.09017189871519804
117681,0.0402313859667629
117684,0.0565875715110451
117707,0.06432370375841856
117736,0.19598152674734592
117737,0.13405268266797066
117741,0.08015996916219592
117746,0.1534648034721613
117753,0.11938938871026039
117755,0.032307790126651525
117775,0.03905788995325565
117784,0.15918896347284317
117786,0.06476250197738409
117791,0.03806879813782871
117801,0.08430174132809043
117805,0.031091216602362692
117816,0.03301001479849219
117824,0.1274526147171855
117835,0.09083825163543224
117837,0.029477470088750124
117847,0.06762339826673269
117853,0.040670703165233135
117854,0.055035857018083334
117886,0.04132991237565875
117900,0.011059328040573746
117920,0.33086412586271763
117924,0.030093685491010547
117925,0.13543197326362133
117934,0.027900051791220903
117957,0.05315634934231639
117959,0.1109725134447217
117967,0.17063574772328138
117969,0.11906311940401793
117981,0.014812149573117495
117982,0.04722943902015686
117996,0.12698062509298325
118000,0.05914015043526888
118018,0.14026715699583292
118025,0.08450175542384386
118026,0.24396638944745064
118044,0.0508155464194715
118045,0.07712566433474422
118048,0.033414137084037066
118055,0.10872790263965726
118058,0.007262336468556896
118060,0.2564092855900526
118066,0.0060422544192988425
118071,0.052374016493558884
118072,0.12637715879827738
118082,0.026255709119141102
118089,0.1321615418419242
118106,0.04416755307465792
118115,0.033889494836330414
118127,0.4092676155269146
118144,0.11899350862950087
118150,0.013652120134793222
118151,0.025799651979468763
118157,0.29145511239767075
118162,0.01138786313822493
118163,0.013270295225083828
118166,0.0341988408472389
118181,0.034737904323264956
118191,0.023467703140340745
118202,0.11606188863515854
118205,0.14443396963179111
118214,0.020674478844739497
118251,0.14362930972129107
118264,0.15512507688254118
118271,0.41578617319464684
118272,0.08672623056918383
118276,0.23526289872825146
118287,0.12600862234830856
118291,0.01565106597263366
118292,0.07763476856052876
118294,0.026228828239254653
118305,0.05091307661496103
118312,0.05928269703872502
118319,0.016098165418952703
118321,0.014212286449037492
118326,0.2037394754588604
118342,0.1318560978397727
118343,0.016854104353114963
118353,0.15763512160629034
118354,0.02337792224716395
118358,0.04646431771107018
118359,0.06816413812339306
118365,0.053158659022301435
118367,0.012106791196856648
118368,0.04784089978784323
118371,0.038225878262892365
118378,0.020275964168831706
118379,0.0353197674266994
118383,0.032037820434197783
118386,0.05940368492156267
118387,0.03722317679785192
118400,0.07589377649128437
118403,0.03861334570683539
118428,0.11142435017973185
118440,0.1533703599125147
118459,0.019854314625263214
118490,0.02227080427110195
118491,0.029564133379608393
118492,0.07837764406576753
118498,0.11123721022158861
118499,0.10051281610503793
118509,0.051813115598633885
118518,0.02671162912156433
118531,0.0912562683224678
118532,0.03426953707821667
118546,0.0043089269020128995
118548,0.055319305742159486
118558,0.06332599394954741
118560,0.0959578501060605
118561,0.021153945941478014
118562,0.19158676266670227
118564,0.03299854602664709
118569,0.11834599962458014
118578,0.0474406061694026
118585,0.04041365464217961
118591,0.013091404165606946
118592,0.08036382729187608
118594,0.040265756426379085
118611,0.010373252327553928
118614,0.0849605007097125
118622,0.02534913003910333
118641,0.06018808716908097
118642,0.027545807301066816
118650,0.018802248523570597
118666,0.047593637835234404
118696,0.11337127443403006
118697,0.006234873406356201
118710,0.009556552511639893
118717,0.07162009878084064
118720,0.04020842257887125
118735,0.03200061270035803
118747,0.01630654523614794
118750,0.029562353156507015
118789,0.026292375521734357
118791,0.042163467733189464
118803,0.07978751929476857
118804,0.07866731751710176
118806,0.16100929025560617
118809,0.04356200713664293
118823,0.11299388855695724
118842,0.040265089832246304
118871,0.21101916767656803
118874,0.10092450166121125
118876,0.02848686440847814
118886,0.16904121171683073
118888,0.1240380322560668
118889,0.0073840132099576294
118894,0.04050400457344949
118898,0.016214212926570326
118905,0.21419968269765377
118911,0.012909346201922745
118915,0.026632908498868346
118916,0.07726596016436815
118925,0.03452307591214776
118926,0.040518315974622965
118929,0.045689650578424335
118935,0.07387914601713419
118947,0.10264519602060318
118951,0.009599820827133954
118953,0.02756922971457243
118960,0.04747727233916521
118973,0.031186846550554037
119001,0.08008368359878659
119003,0.11568624526262283
119009,0.10847383365035057
119011,0.028252304531633854
119012,0.10814826935529709
119014,0.06938146846368909
119025,0.036571955773979425
119047,0.05864226957783103
119049,0.012129609996918589
119057,0.040458079194650054
119062,0.015415259054861963
119064,0.011937149160075933
119069,0.043429949786514044
119079,0.012287407473195344
119088,0.009364744822960347
119091,0.19931304827332497
119095,0.11096847709268332
119104,0.04209358152002096
119108,0.15528458449989557
119109,0.03315915819257498
119115,0.06474035559222102
119125,0.005255334021057934
119146,0.016809610300697386
119148,0.029533134773373604
119160,0.2289660219103098
119164,0.3859558179974556
119169,0.08222581958398223
119179,0.10773670999333262
119187,0.04287704499438405
119191,0.022332235355861485
119205,0.021628643153235316
119207,0.05218428163789213
119208,0.015312064671888947
119217,0.029225773410871625
119230,0.06978560797870159
119232,0.056275025475770235
119236,0.1312988130375743
119238,0.05587557191029191
119240,0.07559211878105998
119250,0.10879985243082047
119251,0.1055140420794487
119252,0.04604238038882613
119266,0.02547098766081035
119267,0.0196624145610258
119270,0.11571935098618269
119272,0.08974308660253882
119276,0.14588108006864786
119281,0.01015079754870385
119295,0.04617718770168722
119313,0.09013792825862765
119318,0.03916666773147881
119321,0.09555321466177702
119340,0.06738287024199963
119341,0.010976349236443639
119344,0.07209760136902332
119348,0.03723809216171503
119353,0.016125958994962275
119361,0.14923536032438278
119362,0.449125025421381
119376,0.09485631762072444
119383,0.06003171671181917
119391,0.11581348907202482
119394,0.04586133896373212
119395,0.05752407619729638
119415,0.041530166286975145
119430,0.07996278069913387
119441,0.022483830922283232
119454,0.056341028306633234
119468,0.04214702732861042
119474,0.3553286883980036
119492,0.01865082827862352
119496,0.11326737888157368
119500,0.1663694530725479
119501,0.15887826401740313
119510,0.04645896307192743
119518,0.013803960813675076
119524,0.1328851878643036
119533,0.15295573323965073
119540,0.1362641043961048
119553,0.013627275766339153
119573,0.06407070672139525
119593,0.0756327798590064
119594,0.02416417351923883
119595,0.22731893882155418
119596,0.049157175701111555
119607,0.23997608572244644
119609,0.07162709487602115
119616,0.11588876228779554
119618,0.0895665199495852
119619,0.203402329236269
119628,0.04536397731862962
119630,0.028322793310508132
119632,0.02140341990161687
119648,0.5181264616549015
119671,0.023905848152935505
119675,0.09271667106077075
119683,0.031754642724990845
119689,0.00805568098439835
119697,0.03582173213362694
119698,0.25789496675133705
119702,0.17229099571704865
119709,0.10690576490014791
119715,0.005537840013857931
119718,0.00884930812753737
119719,0.20741611160337925
119731,0.08523281756788492
119736,0.06408051401376724
119745,0.0677497866563499
119749,0.025252012419514358
119751,0.05507209384813905
119757,0.10168725345283747
119761,0.02306787495035678
119762,0.13952345307916403
119771,0.056153001729398966
119778,0.026597087271511555
119784,0.01497068622848019
119788,0.031957154627889395
119802,0.004358537000371143
119803,0.1385158747434616
119806,0.0560622364282608
119810,0.022229073219932616
119811,0.19248651713132858
119813,0.2430134080350399
119820,0.0779948546551168
119821,0.3916991539299488
119842,0.03330874093808234
119843,0.0542879612185061
119844,0.04171696491539478
119861,0.0132973229046911
119866,0.04592762072570622
119868,0.03562080441042781
119875,0.1565254833549261
119896,0.6470052674412727
119898,0.009027066233102232
119921,0.04265576764009893
119922,0.05089120636694133
119929,0.022522149956785142
119934,0.010506187216378748
119938,0.044849941274151206
119947,0.02162015810608864
119948,0.33667150139808655
119967,0.0231912030139938
119977,0.08137317188084126
119980,0.10634846892207861
119984,0.07366323797032237
119989,0.1867166766896844
119990,0.04136446304619312
119994,0.03641119226813316
119999,0.11362121999263763
120004,0.02121675491798669
120020,0.13096552714705467
120030,0.008676839643158019
120036,0.048846919322386384
120050,0.2779222596436739
120051,0.3469830919057131
120053,0.04628080106340349
120075,0.020488741574808955
120076,0.015516903134994209
120088,0.025482406257651746
120099,0.031345947063528
120101,0.026977316825650632
120102,0.010949359857477248
120108,0.004132516885874793
120145,0.11260875687003136
120146,0.20368113927543163
120154,0.07510001491755247
120156,0.09420614037662745
120165,0.037986703449860215
120166,0.022528393426910043
120176,0.015117920585907996
120179,0.12726613134145737
120182,0.01638211903627962
120198,0.010723621933721006
120205,0.13822524528950453
120208,0.0544385495595634
120214,0.009968630445655435
120220,0.2060108706355095
120227,0.06463339924812317
120233,0.06511752214282751
120240,0.07962641166523099
120243,0.00913631691946648
120266,0.0444890926592052
120268,0.173052872531116
120280,0.09325913712382317
120281,0.03742637811228633
120284,0.03484348999336362
120298,0.007882884470745921
120304,0.04323245189152658
120306,0.08143382426351309
120320,0.14210150856524706
120325,0.01860391499940306
120326,0.058113325387239456
120335,0.1863136813044548
120341,0.016654436360113323
120343,0.04443265637382865
120388,0.017934417817741632
120390,0.032216602470725775
120404,0.008179751865100116
120405,0.031367848394438624
120408,0.07495412742719054
120415,0.09797728713601828
120421,0.18802314810454845
120422,0.06560733960941434
120433,0.05977483419701457
120437,0.24428610876202583
120440,0.039354646345600486
120441,0.048068074276670814
120449,0.08811230165883899
120457,0.03722768556326628
120459,0.015878234757110476
120460,0.008945543260779232
120463,0.059199566720053554
120464,0.029865733813494444
120470,0.06542126554995775
120488,0.18439480662345886
120535,0.022842144826427102
120538,0.02633454033639282
120539,0.18956523016095161
120541,0.12828390579670668
120562,0.02587536198552698
120570,0.027434504823759198
120580,0.05157684115692973
120581,0.04980700509622693
120591,0.31789850629866123
120593,0.14915169309824705
120598,0.020696515450254083
120603,0.012794438400305808
120607,0.12282285373657942
120642,0.017443043179810047
120647,0.02813232340849936
120649,0.0034600360959302634
120664,0.015138106769882143
120665,0.011555100965779275
120671,0.09116453398019075
120678,0.013623487146105617
120679,0.01793097471818328
120680,0.08457875344902277
120681,0.08847619127482176
120691,0.14281060826033354
120696,0.016325272561516613
120697,0.0904499082826078
120713,0.10075597185641527
120721,0.1425026897341013
120725,0.09314434370025992
120734,0.17013335973024368
120740,0.21065006218850613
120748,0.1821201555430889
120755,0.05113634001463652
120759,0.017665437189862132
120761,0.0974276177585125
120764,0.06943709822371602
120770,0.04556385497562587
120777,0.01837987801991403
120796,0.014781391946598887
120803,0.14285792876034975
120809,0.046359591418877244
120811,0.023443374084308743
120826,0.08397292532026768
120829,0.14726606383919716
120832,0.03688461543060839
120840,0.1657834555953741
120857,0.045338075840845704
120885,0.034978327341377735
120891,0.012529894826002419
120894,0.018010022467933595
120905,0.1886888239532709
120913,0.04050579946488142
120914,0.008295511332107708
120918,0.05201703356578946
120921,0.020319818635471165
120923,0.05436342768371105
120927,0.06382871465757489
120928,0.10821101348847151
120934,0.16946871858090162
120936,0.04201344819739461
120942,0.031674365513026714
120946,0.026319630909711123
120947,0.04513894906267524
120953,0.018691997975111008
120955,0.03370186313986778
120956,0.1543197901919484
120977,0.09771971916779876
120980,0.36041332222521305
120981,0.04074628767557442
120982,0.0033841255208244547
120991,0.18586385902017355
121011,0.031492412788793445
121013,0.012377693667076528
121018,0.11091492651030421
121020,0.009559572266880423
121037,0.010497416427824646
121038,0.025046046124771237
121039,0.0313496352173388
121045,0.08958738995715976
121046,0.005746699695009738
121059,0.11811606399714947
121066,0.2872546426951885
121078,0.20822717249393463
121080,0.164778595790267
121081,0.0759507529437542
121086,0.06731548253446817
121099,0.034046368673443794
121100,0.04352036723867059
121107,0.12595581449568272
121108,0.05760590871796012
121111,0.012774203612934798
121130,0.046322468435391784
121131,0.08702151756733656
121135,0.26737527549266815
121152,0.011614148213993758
121156,0.009468335192650557
121160,0.10434945486485958
121162,0.13120756391435862
121175,0.12145481491461396
121181,0.02454105217475444
121186,0.02729146648198366
121197,0.009137751709204167
121201,0.24750208295881748
121208,0.03472319501452148
121215,0.06921901274472475
121220,0.1752829784527421
121225,0.2182376477867365
121227,0.023875434882938862
121228,0.30300367437303066
121243,0.03673262428492308
121258,0.09188101720064878
121259,0.023826134856790304
121265,0.019520569127053022
121279,0.041057419031858444
121280,0.06786677055060863
121281,0.08369112107902765
121283,0.004071988485520706
121288,0.044542906573042274
121296,0.01285519334487617
121300,0.023994369548745453
121308,0.203014369122684
121321,0.05893430579453707
121323,0.013100767508149147
121332,0.017817367217503488
121334,0.008433850656729192
121348,0.013319671037606895
121350,0.022257169475778937
121351,0.15845167264342308
121363,0.0074416533461771905
121379,0.0874183508567512
121380,0.0704363863915205
121383,0.025326063274405897
121387,0.186529403552413
121414,0.0706966663710773
121416,0.019008987466804683
121422,0.10392675176262856
121423,0.017545836279168725
121427,0.05854663299396634
121431,0.008493554167216644
121438,0.04078323533758521
121460,0.11597712757065892
121479,0.007104420132236555
121482,0.03943719947710633
121483,0.18896712828427553
121488,0.0964456656947732
121489,0.2070075087249279
121492,0.07696136925369501
121502,0.029664695961400867
121503,0.01498653314774856
121513,0.018103156005963683
121544,0.030977834947407246
121545,0.012050561315845698
121546,0.018752874806523323
121552,0.21988717652857304
121553,0.05651303380727768
121556,0.16484918352216482
121557,0.03530348790809512
121583,0.05935215041972697
121588,0.025134346797131002
121596,0.05506253335624933
121597,0.02274567657150328
121612,0.004326376263634302
121618,0.040904022520408034
121619,0.021292285178788006
121621,0.06312468787655234
121622,0.0969031061977148
121626,0.03415928618051112
121628,0.03239576634950936
121630,0.12406609579920769
121631,0.014500724093522877
121632,0.0910219089128077
121641,0.06283868849277496
121695,0.10313552338629961
121733,0.17206458188593388
121754,0.0715325502678752
121762,0.09924962790682912
121765,0.00980551796965301
121766,0.007878492586314678
121771,0.012681703898124397
121772,0.6310038641095161
121778,0.12927329912781715
121791,0.04937262134626508
121792,0.0196897640125826
121822,0.08586075063794851
121825,0.09780110791325569
121832,0.014282969757914543
121841,0.0496245757676661
121846,0.05724518746137619
121850,0.0417009019292891
121851,0.025087717571295798
121853,0.22478751838207245
121857,0.03351540514267981
121862,0.028287627967074513
121863,0.006555971107445657
121875,0.012794310285244137
121881,0.03004634822718799
121896,0.09530922351405025
121901,0.01916089456062764
121908,0.046436031349003315
121909,0.1804480478167534
121916,0.049544157925993204
121919,0.032642011530697346
121921,0.041698827873915434
121933,0.05444435914978385
121947,0.028004709165543318
121948,0.3493209797888994
121963,0.23262017220258713
121968,0.018507503089495003
121970,0.04940355499275029
121978,0.0988086755387485
121991,0.0502346355933696
121996,0.0390273358207196
121997,0.34801209531724453
122000,0.0721806837245822
122015,0.14140716288238764
122017,0.07703193137422204
122027,0.07397155044600368
122044,0.004552397629595362
122047,0.09890296263620257
122055,0.13587024062871933
122065,0.07882536621764302
122069,0.026397958281449974
122074,0.09350051917135715
122086,0.12333406042307615
122089,0.08954989537596703
122099,0.012973310542292893
122102,0.015850427211262286
122118,0.06636437866836786
122124,0.01582264667376876
122125,0.011521207808982581
122129,0.010890977049712092
122133,0.24792172759771347
122135,0.11646817158907652
122136,0.07283169962465763
122142,0.048567635705694556
122154,0.027967040427029133
122158,0.12377290613949299
122160,0.039540697587653995
122165,0.03510135388933122
122166,0.06682428671047091
122170,0.03627934050746262
122175,0.02918847044929862
122192,0.09531509783118963
122207,0.018362846923992038
122210,0.13617334607988596
122215,0.021332771750167012
122222,0.014501039288006723
122234,0.29843967966735363
122235,0.013861434068530798
122236,0.034254273399710655
122248,0.12675706949084997
122256,0.013068825006484985
122257,0.012833467335440218
122258,0.06268712552264333
122259,0.02736006397753954
122260,0.11204923316836357
122264,0.030542891705408692
122266,0.08630483597517014
122268,0.03907197085209191
122271,0.14437150117009878
122283,0.08933412004262209
122286,0.015340864774771035
122288,0.031549710663966835
122301,0.03749950113706291
122313,0.024329837411642075
122322,0.06552062416449189
122323,0.0334224000107497
122324,0.024418284185230732
122336,0.03782190871424973
122338,0.257754435762763
122349,0.021385756670497358
122351,0.060753907542675734
122354,0.05013430071994662
122358,0.0921072750352323
122376,0.31527729891240597
122378,0.07725617429241538
122387,0.03836102248169482
122392,0.06989315152168274
122405,0.2585469279438257
122409,0.050453520845621824
122411,0.26844786293804646
122415,0.029508375329896808
122416,0.03733804449439049
122425,0.12789261247962713
122452,0.08207406522706151
122453,0.09844020381569862
122456,0.06555496761575341
122458,0.21738452278077602
122465,0.04744773032143712
122468,0.013149806240107864
122477,0.010795083770062774
122483,0.019971544621512294
122517,0.19100947957485914
122521,0.23623934388160706
122537,0.026177801890298724
122538,0.022265158884692937
122552,0.03101227432489395
122557,0.06990993022918701
122561,0.024862646590918303
122568,0.06226807925850153
122573,0.14087800588458776
122583,0.17468946240842342
122590,0.061495298985391855
122609,0.020169302355498075
122617,0.010127137997187674
122621,0.032822607550770044
122635,0.10336436936631799
122638,0.11866706889122725
122639,0.05857025319710374
122644,0.01044605378410779
122675,0.039636654779314995
122699,0.11257883813232183
122703,0.03329663979820907
122706,0.1012304499745369
122712,0.08222564961761236
122730,0.06609481945633888
122731,0.010150809132028371
122736,0.09780980506911874
122741,0.013231874268967658
122745,0.01436538266716525
122751,0.19107420183718204
122768,0.021713730646297336
122785,0.14906136970967054
122797,0.03551753982901573
122812,0.09284442570060492
122816,0.01436037290841341
122817,0.09087086282670498
122826,0.1260077077895403
122838,0.15275485813617706
122845,0.010022493777796626
122848,0.04892910621128976
122850,0.0080205014673993
122856,0.013766327640041709
122862,0.20832074992358685
122869,0.13890101574361324
122871,0.08130995370447636
122874,0.3401575908064842
122875,0.02737174869980663
122885,0.07249403884634376
122901,0.04861666169017553
122902,0.0292279701679945
122903,0.05692453682422638
122904,0.011560825980268419
122910,0.03165806783363223
122921,0.03984650503844023
122925,0.06340079009532928
122964,0.041630799183622
122975,0.037228797329589725
122977,0.07576871942728758
122984,0.2296876162290573
122999,0.016768828267231584
123004,0.11547207739204168
123009,0.04183859541080892
123012,0.07088975189253688
123018,0.02143029822036624
123025,0.08593551442027092
123037,0.052472614450380206
123038,0.10656867269426584
123039,0.02139095577877015
123045,0.14659249875694513
123046,0.012047912139678374
123051,0.05230686394497752
123052,0.03380209021270275
123056,0.11678164079785347
123061,0.051494219340384007
123072,0.0857010199688375
123074,0.027876666048541665
123086,0.06504306476563215
123087,0.021378080011345446
123091,0.09540256578475237
123094,0.017512601101770997
123105,0.0456274189054966
123110,0.0395481085870415
123113,0.015976778347976506
123114,0.2455489169806242
123124,0.041354268323630095
123131,0.0284740230999887
123136,0.3028043210506439
123146,0.016930576995946467
123147,0.027189333573915064
123155,0.07699795812368393
123163,0.03855057084001601
123182,0.039989261887967587
123196,0.02621601603459567
123200,0.03935905429534614
123204,0.016815539449453354
123207,0.016655534622259438
123210,0.027218908770009875
123215,0.12875670474022627
123227,0.007121293194359168
123234,0.017365502892062068
123239,0.18748820386826992
123249,0.12441054079681635
123252,0.0944909774698317
123255,0.010502149118110538
123257,0.01947955647483468
123260,0.03501522680744529
123263,0.08791302843019366
123274,0.024644103017635643
123275,0.05192759376950562
123276,0.013238483224995434
123292,0.034135854337364435
123308,0.012105600908398628
123316,0.019663235289044678
123328,0.017255696118809283
123330,0.0582099873572588
123331,0.142920290119946
123334,0.102556511759758
123343,0.0028892690606880933
123344,0.06065651308745146
123345,0.02350802579894662
123352,0.11159211723133922
123356,0.02031677623745054
123365,0.08830783795565367
123368,0.02983734244480729
123376,0.03534475527703762
123381,0.05352779687382281
123384,0.02714648377150297
123389,0.016374317230656743
123401,0.19568458758294582
123419,0.029367104987613857
123433,0.09217323455959558
123438,0.07524656876921654
123441,0.21760491281747818
123456,0.06651628878898919
123457,0.07438001781702042
123476,0.004698368997196667
123477,0.06056876806542277
123489,0.2168466802686453
123490,0.02786074683535844
123496,0.10462424904108047
123502,0.056050367653369904
123503,0.11943907476961613
123513,0.061318229883909225
123515,0.05371785815805197
123530,0.04344415641389787
123532,0.04072445072233677
123537,0.019435171969234943
123539,0.06664142338559031
123540,0.04531334014609456
123546,0.025676825898699462
123547,0.11029747780412436
123554,0.06858127797022462
123572,0.026951049687340856
123574,0.092675163410604
123575,0.1589205963537097
123576,0.04580102255567908
123584,0.0625736890360713
123586,0.0559816868044436
123591,0.06877751601859927
123606,0.024234623415395617
123607,0.1346964631229639
123615,0.008094244345556945
123616,0.14559895545244217
123619,0.0671779834665358
123621,0.06646360410377383
123622,0.021134032518602908
123633,0.033806774066761136
123635,0.11275910772383213
123658,0.11223079077899456
123659,0.027427352499216795
123663,0.05096640111878514
123666,0.03756060381419957
123670,0.049431788036599755
123678,0.03336121654137969
123688,0.047930675093084574
123707,0.013719101727474481
123709,0.1881842538714409
123720,0.10226765368133783
123741,0.028901602141559124
123751,0.08031448163092136
123759,0.02322976174764335
123765,0.15876525733619928
123766,0.03668759879656136
123793,0.17175311502069235
123794,0.01683080510701984
123809,0.133329464122653
123837,0.014314906438812613
123839,0.018133731675334275
123843,0.042714918265119195
123851,0.04097141860984266
123854,0.06749547459185123
123860,0.00987769733183086
123863,0.19341597892343998
123879,0.08735543582588434
123888,0.07881384994834661
123891,0.02495486638508737
123912,0.01706394285429269
123942,0.031932673417031765
123952,0.06931331008672714
123953,0.05448201345279813
123958,0.18470436334609985
123966,0.00590690114768222
123977,0.03326173033565283
123981,0.04273566487245262
124000,0.01167505735065788
124023,0.046438801335170865
124026,0.011494403006508946
124027,0.028851176844909787
124033,0.2674396149814129
124053,0.03769277548417449
124057,0.027806939091533422
124065,0.2632253523916006
124074,0.01220123708480969
124079,0.13183578941971064
124095,0.014318669273052365
124110,0.06212449399754405
124138,0.01805807405617088
124167,0.1610582061111927
124168,0.09369834372773767
124175,0.011178466607816517
124176,0.164955897256732
124181,0.06882139481604099
124195,0.02718212315812707
124197,0.02962376258801669
124206,0.005791166899143718
124225,0.06970631517469883
124230,0.05011440347880125
124231,0.18742124177515507
124253,0.0745654096826911
124257,0.058376872446388006
124263,0.026474047219380736
124277,0.05495355557650328
124285,0.023802756681106985
124289,0.012519874551799148
124299,0.19093665573745966
124303,0.03182171774096787
124309,0.10676372470334172
124316,0.06813458073884249
124319,0.09704428166151047
124335,0.1890687933191657
124347,0.25500634498894215
124359,0.14049573801457882
124362,0.003745107344002463
124363,0.27895527705550194
124389,0.01958237844519317
124390,0.03904062625952065
124393,0.10145486611872911
124401,0.4461550675332546
124406,0.015717069094534963
124407,0.010595421539619565
124416,0.12676973454654217
124423,0.06467636721208692
124429,0.03452329523861408
124431,0.05895141698420048
124439,0.0051324293308425695
124441,0.011438709043432027
124451,0.10436493530869484
124454,0.009355552610941231
124463,0.18261946085840464
124492,0.03002812445629388
124493,0.07753000361844897
124503,0.035747243324294686
124506,0.03863515192642808
124514,0.10617881640791893
124516,0.007692730869166553
124519,0.0066828044364228845
124520,0.12903177924454212
124539,0.11680007725954056
124545,0.18571103550493717
124546,0.0412985032889992
124552,0.09177499730139971
124553,0.13478962797671556
124555,0.03955869562923908
124575,0.00778243801323697
124586,0.044780691619962454
124587,0.021587784867733717
124591,0.23325478844344616
124595,0.07058983854949474
124597,0.027969299699179828
124625,0.07777970749884844
124628,0.051052485359832644
124647,0.11394351301714778
124648,0.022058642003685236
124654,0.23102890700101852
124655,0.05276024900376797
124656,0.05786543688736856
124658,0.039553817827254534
124674,0.13054805621504784
124675,0.01935270836111158
124686,0.17381626740098
124696,0.08602873189374804
124698,0.016135870944708586
124702,0.05377715127542615
124704,0.1765557210892439
124705,0.01797624898608774
124719,0.012441282800864428
124732,0.01777317188680172
124734,0.03494593349751085
124737,0.007261674531036988
124742,0.09241524990648031
124793,0.04563133860938251
124816,0.29968106001615524
124820,0.011146186152473092
124823,0.3448482658714056
124826,0.02861542988102883
124829,0.02144776750355959
124844,0.03645038651302457
124850,0.019565578899346292
124866,0.04686311166733503
124868,0.014173880685120821
124874,0.08770933002233505
124875,0.0826940224505961
124876,0.011714453808963299
124887,0.019529773271642625
124893,0.15678665693849325
124901,0.006902118038851768
124905,0.2394733540713787
124906,0.10583994351327419
124931,0.10713988170027733
124938,0.06165887974202633
124940,0.1492300760000944
124947,0.08340669656172395
124948,0.026142943184822798
124949,0.026701644877903163
124971,0.17648752965033054
124974,0.03211876470595598
124976,0.0323549818713218
125004,0.21173147670924664
125025,0.03749245009385049
125029,0.08086390187963843
125031,0.07298849057406187
125037,0.1460420209914446
125046,0.0073279500647913665
125052,0.004335917459684424
125053,0.010426433524116874
125090,0.1509980382397771
125093,0.05540378321893513
125100,0.051869324408471584
125101,0.02370074752252549
125104,0.1442240970209241
125111,0.1708124615252018
125133,0.06083683064207435
125144,0.04990224936045706
125145,0.0906964116729796
125149,0.019008903414942324
125157,0.033625510055571795
125158,0.5664410665631294
125164,0.04493477684445679
125167,0.0101492804242298
125170,0.026166707277297974
125177,0.016916364314965904
125185,0.09069779329001904
125190,0.05077326716855168
125196,0.04056030558422208
125200,0.02067358302883804
125203,0.06808141758665442
125215,0.03987695672549307
125221,0.043522760504856706
125224,0.012518958188593388
125227,0.11076782178133726
125252,0.04071138380095363
125256,0.01028335141018033
125264,0.0216040724189952
125266,0.07178684510290623
125267,0.01238915853900835
125268,0.376486673951149
125270,0.010256848821882159
125271,0.04334144270978868
125276,0.012512660410720855
125290,0.012193185044452548
125300,0.037429442862048745
125311,0.03162220283411443
125327,0.029889576602727175
125338,0.023382536601275206
125359,0.010800192598253489
125360,0.01152557076420635
125366,0.0047297825367422774
125373,0.08398627862334251
125376,0.5670438222587109
125384,0.011297074903268367
125387,0.12481049355119467
125388,0.02943522180430591
125393,0.02158670814242214
125394,0.12592274975031614
125396,0.0050837493618018925
125397,0.00720060954336077
125408,0.09161074785515666
125409,0.18529201298952103
125414,0.231162890791893
125423,0.040440144715830684
125425,0.06829938385635614
125436,0.0896404879167676
125450,0.11403357610106468
125465,0.040739874355494976
125471,0.2564476039260626
125488,0.09392321296036243
125496,0.08123673917725682
125500,0.19059139862656593
125505,0.02633268723729998
125507,0.009934806963428855
125519,0.016815337352454662
125521,0.08517183596268296
125524,0.07587730791419744
125531,0.12282370682805777
125542,0.020486453780904412
125552,0.01355699123814702
125560,0.036872669123113155
125573,0.007902584213297814
125574,0.04914721520617604
125576,0.1223701760172844
125592,0.028022190905176103
125604,0.18468106538057327
125622,0.11551317572593689
125628,0.028156903572380543
125649,0.025214942870661616
125668,0.07187425112351775
125695,0.07889705244451761
125698,0.0346721108071506
125701,0.16745474003255367
125705,0.041909657418727875
125709,0.06278149643912911
125713,0.011071801360230893
125720,0.09927031211555004
125727,0.22780878096818924
125747,0.1361444853246212
125752,0.055351376067847013
125758,0.05940325232222676
125772,0.07023869967088103
125779,0.558156818151474
125798,0.03932611760683358
125804,0.05358892260119319
125814,0.01313054165802896
125817,0.010779696051031351
125835,0.007699104375205934
125838,0.06788672739639878
125842,0.07464855164289474
125852,0.15637425053864717
125878,0.007820584869477898
125886,0.044779147021472454
125896,0.16828696057200432
125924,0.024942496907897294
125930,0.040507473750039935
125939,0.03244559816084802
125957,0.044245857978239655
125961,0.052820378448814154
125972,0.10958923865109682
125973,0.1516279522329569
125975,0.02422145544551313
125983,0.015796606428921223
125984,0.29079664312303066
125990,0.07104406133294106
126016,0.1121347788721323
126022,0.031808100757189095
126028,0.16675375122576952
126047,0.1739201359450817
126048,0.0488061485812068
126067,0.02308377542067319
126068,0.012224833888467401
126069,0.05965221533551812
126088,0.09530809568241239
126121,0.009603343438357115
126123,0.012189658940769732
126125,0.020071984734386206
126136,0.09746501501649618
126159,0.02401590079534799
126162,0.0925893560051918
126165,0.042111092479899526
126172,0.15025468450039625
126175,0.18893554992973804
126178,0.021541991154663265
126184,0.009537814825307578
126198,0.09685916174203157
126202,0.13729517441242933
126203,0.020057824905961752
126205,0.005256959178950638
126214,0.018744668341241777
126231,0.24203256517648697
126238,0.08663683105260134
126242,0.09855668200179935
126252,0.0062729111523367465
126263,0.06674966868013144
126265,0.06902325991541147
126267,0.0465744452085346
126274,0.01285725343041122
126299,0.08230960555374622
126307,0.047251864802092314
126310,0.0722999912686646
126329,0.01964837114792317
126331,0.09298006119206548
126340,0.006008353549987078
126341,0.05704813776537776
126348,0.03383089043200016
126349,0.012000138347502798
126351,0.011880851292517036
126354,0.01125346904154867
126366,0.012988413858693093
126370,0.014124065812211484
126398,0.02305100718513131
126407,0.046085086185485125
126409,0.09512743074446917
126431,0.007515550765674561
126438,0.28304137103259563
126448,0.02161054767202586
126462,0.013068691710941494
126464,0.03225335758179426
126468,0.013644381193444133
126472,0.0847593299113214
126473,0.030836728401482105
126479,0.04568643122911453
126484,0.13178379833698273
126486,0.041478549130260944
126488,0.037234208546578884
126490,0.044746190309524536
126494,0.028891437454149127
126506,0.04561038501560688
126510,0.023627244750969112
126513,0.01774865813786164
126526,0.1447262540459633
126533,0.05985281663015485
126538,0.03431924502365291
126549,0.14215856976807117
126553,0.10618657246232033
126554,0.0159094751579687
126555,0.10353721957653761
126579,0.07936092838644981
126584,0.020893495064228773
126594,0.021037295227870345
126595,0.02176764712203294
126596,0.1847644541412592
126602,0.033146655187010765
126611,0.022153847152367234
126614,0.022235289216041565
126636,0.03437679470516741
126638,0.021973670576699078
126651,0.11306372564285994
126658,0.03807621798478067
126674,0.00668772857170552
126685,0.007833209936507046
126688,0.11348355235531926
126689,0.014683933230116963
126707,0.3172093369066715
126715,0.039544828003272414
126716,0.007351337757427245
126721,0.33042167499661446
126722,0.04995514056645334
126732,0.079141641035676
126738,0.029758329037576914
126743,0.04270626965444535
126744,0.03566125058569014
126752,0.055931142531335354
126759,0.04566224059090018
126763,0.23262932896614075
126775,0.02924865437671542
126778,0.19142077304422855
126784,0.02850363706238568
126791,0.03587675513699651
126792,0.03612553863786161
126804,0.11268367804586887
126816,0.1473655877634883
126817,0.019481327617540956
126822,0.0058226053370162845
126832,0.051330262096598744
126842,0.029764563660137355
126849,0.013813700585160404
126850,0.018003353383392096
126861,0.010656261641997844
126871,0.011232462071347982
126872,0.23590715043246746
126880,0.03556129802018404
126888,0.04916065698489547
126896,0.007355978479608893
126913,0.021699610515497625
126918,0.045425419230014086
126954,0.021940913051366806
126961,0.05277581745758653
126963,0.014935415354557335
126965,0.24598109163343906
126968,0.26592571660876274
126971,0.0091815663035959
126981,0.043103656033053994
126984,0.09670595172792673
126985,0.08501468878239393
126995,0.2278701551258564
126999,0.13397078681737185
127007,0.09212450496852398
127015,0.06108319014310837
127038,0.02145641064271331
127054,0.024790893075987697
127057,0.022893565357662737
127062,0.05931909428909421
127083,0.08704324578866363
127098,0.010923836438450962
127102,0.013405470992438495
127110,0.011170195939484984
127111,0.06110204942524433
127116,0.04324100143276155
127126,0.03344590892083943
127135,0.009417497145477682
127137,0.02062029775697738
127142,0.03910801629535854
127151,0.0494939552154392
127155,0.04496061080135405
127156,0.026256780605763197
127160,0.04512258595786989
127169,0.09022891893982887
127174,0.07762880437076092
127175,0.03552893712185323
127177,0.08786844089627266
127192,0.013647385174408555
127193,0.03157054842449725
127196,0.019367308705113828
127197,0.1508705299347639
127204,0.025222715456038713
127207,0.07859659800305963
127215,0.030500947730615735
127226,0.12713470682501793
127230,0.15225860010832548
127244,0.04453705926425755
127247,0.01527124340645969
127249,0.06182193476706743
127259,0.15706028696149588
127299,0.1059315288439393
127304,0.014452343923039734
127308,0.23171493597328663
127309,0.06388847576454282
127313,0.04993354179896414
127316,0.04605292365886271
127317,0.05758041236549616
127318,0.017375382827594876
127333,0.021150084328837693
127334,0.0163610246963799
127336,0.016134610399603844
127346,0.16218151152133942
127370,0.014784244820475578
127375,0.09647016134113073
127390,0.06475590448826551
127392,0.06570586329326034
127398,0.0765221449546516
127400,0.040474416222423315
127402,0.10631560254842043
127407,0.12160812318325043
127412,0.013243215391412377
127413,0.029888788587413728
127415,0.013899670215323567
127418,0.25646078027784824
127425,0.10438176104798913
127432,0.008290859346743673
127436,0.009087892540264875
127448,0.04346019122749567
127449,0.14235750492662191
127463,0.10829905048012733
127464,0.19625356141477823
127468,0.017569062998518348
127481,0.020793014438822865
127492,0.14282835833728313
127495,0.03294580359943211
127496,0.05202101333998144
127501,0.05651213647797704
127508,0.04171822406351566
127531,0.03637953498400748
127554,0.03142961557023227
127562,0.013765294919721782
127565,0.02067065320443362
127567,0.02784748747944832
127582,0.042476333444938064
127593,0.07080991705879569
127595,0.018138918094336987
127614,0.01546970836352557
127627,0.043570313369855285
127630,0.02866634214296937
127638,0.12623748276382685
127639,0.02819586917757988
127641,0.022952543571591377
127643,0.05525928572751582
127665,0.039676503976807
127674,0.018354469095356762
127676,0.08184588188305497
127693,0.1081877127289772
127701,0.010383347689639777
127702,0.10293028689920902
127709,0.10928653087466955
127720,0.07529539009556174
127733,0.04603207344189286
127739,0.11069695465266705
127753,0.020611069747246802
127756,0.04281165264546871
127757,0.12205262389034033
127777,0.17284914571791887
127810,0.19885347411036491
127811,0.07354795793071389
127821,0.08304648892953992
127835,0.012946406204719096
127839,0.023368472699075937
127870,0.12726043816655874
127878,0.26760170608758926
127887,0.11403514910489321
127918,0.04606731003150344
127919,0.22387483343482018
127920,0.0355143821798265
127932,0.023708065506070852
127933,0.14353145100176334
127953,0.013173204730264843
127955,0.043610182125121355
127957,0.013727141951676458
127961,0.07084715878590941
127967,0.11119608860462904
127970,0.1755617866292596
127975,0.08538015326485038
127985,0.022304728161543608
127991,0.01772947091376409
127997,0.02065054897684604
127999,0.006753967783879489
128004,0.02630766516085714
128005,0.06163359247148037
128015,0.05158040905371308
128018,0.023777948692440987
128044,0.08703839033842087
128046,0.04625870892778039
128047,0.06831335509195924
128048,0.11859367601573467
128054,0.09004097245633602
128066,0.05107992608100176
128070,0.008226634003221989
128071,0.10710307024419308
128094,0.07114679459482431
128095,0.053946122294291854
128099,0.11381074413657188
128116,0.01270946953445673
128130,0.03626430919393897
128132,0.11130937375128269
128133,0.3458462841808796
128140,0.011927241750527173
128154,0.11087017506361008
128156,0.15427253022789955
128160,0.010553081054240465
128165,0.18384251184761524
128166,0.02192330069374293
128169,0.009460743167437613
128171,0.01624698529485613
128177,0.032117761904373765
128178,0.016641331487335265
128182,0.011839223094284534
128191,0.1606710832566023
128199,0.18992996960878372
128213,0.10685666278004646
128214,0.03200057125650346
128216,0.022871435154229403
128217,0.1389964334666729
128226,0.05748538253828883
128229,0.05189310945570469
128232,0.05567556479945779
128246,0.013563121785409749
128273,0.08135921088978648
128274,0.04232362471520901
128283,0.029052053578197956
128284,0.06616387655958533
128294,0.22265696711838245
128295,0.08883658144623041
128297,0.07231291197240353
128300,0.024416880449280143
128314,0.02268950652796775
128317,0.014524238067679107
128339,0.019731068518012762
128340,0.007974064181325957
128342,0.05572526529431343
128343,0.027822999749332666
128364,0.1150104901753366
128368,0.24085815995931625
128377,0.028258321224711835
128380,0.022614579647779465
128383,0.0400354468729347
128407,0.04080227529630065
128409,0.014132538344711065
128423,0.05494427960366011
128428,0.015645037405192852
128433,0.050509786466136575
128438,0.16472175158560276
128439,0.1172030484303832
128446,0.04616371029987931
128447,0.032505510840564966
128450,0.20490380004048347
128455,0.1562689933925867
128457,0.08174858894199133
128464,0.03465143358334899
128465,0.06567440647631884
128471,0.03581197466701269
128474,0.06649208976887167
128483,0.02073324262164533
128514,0.03434087918139994
128516,0.052783981431275606
128519,0.05889396253041923
128528,0.01578753802459687
128529,0.17105238512158394
128536,0.029451528564095497
128541,0.01583069481421262
128542,0.05013577616773546
128545,0.015305028413422406
128557,0.01280258793849498
128560,0.05847657099366188
128568,0.024380743270739913
128571,0.021691748057492077
128578,0.011080613010562956
128582,0.08243142114952207
128588,0.2508613709360361
128597,0.16229033470153809
128610,0.2252192161977291
128619,0.19795666821300983
128630,0.028113019303418696
128680,0.04691584687680006
128684,0.0385631057433784
128687,0.026166829746216536
128699,0.15834500547498465
128702,0.049167856806889176
128704,0.04039361258037388
128710,0.08003422152251005
128720,0.14066963084042072
128724,0.02925571007654071
128727,0.12425873568281531
128744,0.03575264476239681
128745,0.026073666173033416
128760,0.0579419347923249
128766,0.2920645661652088
128770,0.0856930180452764
128782,0.1648687655106187
128822,0.01459263713331893
128830,0.09808354265987873
128836,0.13780269864946604
128845,0.045425660675391555
128858,0.0433217235840857
128859,0.016419055638834834
128860,0.059104342479258776
128874,0.07006588485091925
128880,0.055622207932174206
128882,0.2527880650013685
128883,0.05096309748478234
128884,0.010605437215417624
128892,0.08785009384155273
128905,0.11860413011163473
128910,0.052474759984761477
128912,0.07671382557600737
128915,0.04528641887009144
128917,0.07078873598948121
128937,0.016230875626206398
128942,0.07691124174743891
128945,0.014285262092016637
128957,0.05296014039777219
128962,0.06446576863527298
128970,0.017491145292297006
128985,0.13234767224639654
128986,0.02094095037318766
128992,0.0070891073846723884
128994,0.03693057643249631
129003,0.04068530444055796
129005,0.08712642267346382
129010,0.011433549923822284
129024,0.05489781824871898
129038,0.03518763114698231
129042,0.019570502219721675
129049,0.015118706622160971
129062,0.11665694881230593
129067,0.10563933290541172
129070,0.0132835004478693
129073,0.006242740200832486
129074,0.09304029867053032
129088,0.020930240978486836
129090,0.10206600371748209
129101,0.2800691965967417
129102,0.06319114263169467
129106,0.09280546382069588
129108,0.09217217704281211
129120,0.058252377435564995
129122,0.05043152719736099
129123,0.2658817954361439
129135,0.029119803570210934
129141,0.1037534847855568
129152,0.12367791775614023
129160,0.05931147513911128
129168,0.05478996643796563
129174,0.05031914683058858
129178,0.05693390150554478
129183,0.05261952732689679
129187,0.013385732658207417
129197,0.0874133575707674
129200,0.02579425007570535
129205,0.07251805625855923
129222,0.06804465292952955
129230,0.06180128757841885
129235,0.006255134823732078
129251,0.021809292258694768
129274,0.02870792173780501
129282,0.01642116520088166
129284,0.047243586741387844
129298,0.05071323225274682
129299,0.06980053847655654
129311,0.024912529275752604
129312,0.008533805550541729
129313,0.018707297975197434
129314,0.023221034556627274
129321,0.0943640312179923
129329,0.04732762812636793
129330,0.09349990217015147
129332,0.019704476231709123
129338,0.05184803670272231
129345,0.010355566570069641
129349,0.06027571111917496
129353,0.01250829704804346
129357,0.0056316582194995135
129358,0.12930519226938486
129365,0.04173399321734905
129376,0.01612254831707105
129380,0.013136708526872098
129382,0.024926246260292828
129402,0.042317766696214676
129403,0.010162108344957232
129412,0.04646843555383384
129441,0.23222844116389751
129442,0.027685988694429398
129448,0.05577262328006327
129466,0.016294636530801654
129475,0.03616625303402543
129483,0.05435490747913718
129484,0.01084642979549244
129499,0.006274882762227207
129501,0.03130107861943543
129508,0.01915335049852729
129510,0.15792869869619608
129526,0.07070917868986726
129527,0.3346477039158344
129533,0.01930655282922089
129535,0.16468802466988564
129536,0.1625273935496807
129545,0.04703192343004048
129553,0.06713652983307838
129557,0.06869190139696002
129560,0.016137953847646713
129576,0.06912580225616693
129580,0.07859484292566776
129585,0.06126322643831372
129587,0.019711127737537026
129597,0.06283966917544603
129611,0.019623175845481455
129619,0.01779918815009296
129622,0.087786088231951
129631,0.03893812955357134
129632,0.03050692123360932
129640,0.007743667403701693
129647,0.04633196513168514
129658,0.018212501308880746
129676,0.02260519756237045
129683,0.02834841958247125
129685,0.010943783010588959
129701,0.1409057453274727
129706,0.18964518420398235
129707,0.02646531432401389
129720,0.03617079905234277
129727,0.16275292076170444
129728,0.03738354239612818
129768,0.025034781196154654
129775,0.021653396193869412
129790,0.009826384601183236
129804,0.020002549164928496
129805,0.04960262752138078
129813,0.013375160517171025
129816,0.018168206908740103
129823,0.08097104448825121
129826,0.36809148266911507
129831,0.008738671138416976
129833,0.004634524724679068
129851,0.03461195598356426
129857,0.15451207384467125
129860,0.03713833726942539
129914,0.029671874013729393
129926,0.04260641033761203
129933,0.06066501094028354
129939,0.045793311670422554
129949,0.029535141540691257
129959,0.1313573233783245
129962,0.197335883975029
129963,0.21536977030336857
129964,0.014473151823040098
129977,0.013510424119886011
129985,0.0313038497697562
129987,0.007128898083465174
129992,0.048709016060456634
130002,0.1296088546514511
130016,0.056092348881065845
130045,0.01889077655505389
130048,0.03484902833588421
130051,0.04160477593541145
130053,0.10362825822085142
130056,0.032578154001384974
130061,0.017951101763173938
130062,0.17088052164763212
130065,0.056330141611397266
130066,0.06979823671281338
130070,0.18498117197304964
130079,0.042356060817837715
130080,0.12362438719719648
130098,0.08162775775417686
130109,0.07080147718079388
130110,0.06342108268290758
130116,0.012136787408962846
130125,0.38173217326402664
130134,0.15159971453249454
130137,0.03436644212342799
130138,0.02626421896275133
130146,0.04716590838506818
130148,0.033830448519438505
130154,0.014269356150180101
130156,0.024357089772820473
130158,0.13819053396582603
130159,0.029164694482460618
130177,0.033852661959826946
130186,0.23895839415490627
130204,0.18117142654955387
130205,0.10259049292653799
130206,0.03515732707455754
130211,0.011028726934455335
130217,0.014390962838660926
130218,0.01991716492921114
130235,0.07003132486715913
130236,0.2141141276806593
130239,0.007089538790751249
130256,0.07987153204157948
130260,0.015940662880893797
130261,0.09400868462398648
130262,0.013509535870980471
130263,0.0846378318965435
130264,0.007561996229924262
130266,0.23639109171926975
130277,0.14666512235999107
130278,0.025346578448079526
130281,0.13521818723529577
130297,0.08362085884436965
130302,0.1253940323367715
130320,0.047961401753127575
130325,0.13738070521503687
130329,0.015603477892000228
130338,0.15297969616949558
130339,0.04167585959658027
130340,0.08961273171007633
130344,0.049478052649647
130347,0.028857041848823428
130353,0.021271728677675128
130358,0.013736931374296546
130366,0.04563404689542949
130371,0.026209657080471516
130374,0.05617639725096524
130389,0.0485933069139719
130390,0.05571019044145942
130404,0.041141941444948316
130426,0.029674055287614465
130440,0.02486332133412361
130449,0.3053319863975048
130451,0.006806422432418913
130452,0.08500949339941144
130453,0.10058744344860315
130463,0.017322776606306434
130466,0.01726974837947637
130467,0.01522995630512014
130475,0.04537856485694647
130489,0.10356295481324196
130490,0.008791051834123209
130495,0.09675941755995154
130497,0.055952954571694136
130499,0.003980065637733787
130504,0.026133542880415916
130513,0.03192826174199581
130528,0.02779774321243167
130533,0.12862098589539528
130543,0.08491615019738674
130567,0.04953973111696541
130571,0.14829848427325487
130572,0.052279864670708776
130589,0.07288562646135688
130592,0.19819355942308903
130603,0.07798323361203074
130623,0.022952021099627018
130641,0.06702202325686812
130687,0.02938002021983266
130690,0.05944558558985591
130698,0.035515558207407594
130707,0.030516547965817153
130709,0.18264633603394032
130718,0.18361261580139399
130722,0.06190419849008322
130732,0.035783801693469286
130735,0.07219063630327582
130757,0.07380941277369857
130760,0.020605679019354284
130771,0.027294371277093887
130772,0.007258913392433897
130774,0.12266732193529606
130779,0.07371421763673425
130795,0.10061881598085165
130828,0.047576674493029714
130833,0.012585229123942554
130843,0.00819533655885607
130855,0.1382710011675954
130871,0.021046647569164634
130878,0.08586177974939346
130885,0.06800678139552474
130889,0.15525335259735584
130894,0.07072774041444063
130896,0.07353977300226688
130905,0.0184574814629741
130906,0.03532817750237882
130930,0.03846323653124273
130931,0.07034487603232265
130943,0.11209113337099552
130946,0.006610420561628416
130947,0.20448718033730984
130950,0.013991221552714705
130954,0.012379677267745137
130966,0.08276754897087812
130983,0.19808558002114296
131003,0.007289151661098003
131005,0.008748144813580438
131009,0.04817132907919586
131013,0.07751554949209094
131027,0.027571874670684338
131030,0.3181047923862934
131031,0.005617970862658694
131033,0.007545195461716503
131039,0.037869016174227
131045,0.21822171844542027
131057,0.10405114386230707
131072,0.011510905344039202
131084,0.08441567979753017
131088,0.019945042906329036
131089,0.03131037624552846
131091,0.020683889742940664
131093,0.08602585410699248
131114,0.28407193534076214
131118,0.012454617884941399
131123,0.07849440257996321
131130,0.0255751998629421
131144,0.02822555461898446
131162,0.1386758554726839
131163,0.010472142603248358
131166,0.12895049434155226
131179,0.07569423317909241
131181,0.024544288869947195
131183,0.4677877388894558
131219,0.025819294853135943
131227,0.044857042375952005
131231,0.02269091084599495
131235,0.08964686840772629
131242,0.08269491419196129
131251,0.023393119918182492
131257,0.05916307494044304
131263,0.08679893985390663
131268,0.11601741146296263
131271,0.02458165236748755
131275,0.040502218063920736
131286,0.1672275885939598
131290,0.05060089146718383
131300,0.01008631504373625
131306,0.015393563953693956
131316,0.05597732216119766
131321,0.28684219159185886
131322,0.04094790481030941
131326,0.007486006477847695
131333,0.07664546743035316
131335,0.07920873118564487
131352,0.014547167578712106
131354,0.016683155146893114
131366,0.13131106458604336
131373,0.0935922316275537
131388,0.0943654184229672
131394,0.023726400453597307
131404,0.12572195194661617
131405,0.10308172507211566
131411,0.011785369482822716
131416,0.03739390452392399
131421,0.10318315541371703
131424,0.05407054163515568
131426,0.12389647122472525
131443,0.18101537227630615
131470,0.10981752630323172
131471,0.11558902822434902
131476,0.020216190721839666
131477,0.04559635161422193
131479,0.206283800303936
131493,0.15255366172641516
131495,0.07732514292001724
131496,0.11157776974141598
131498,0.14625111036002636
131504,0.057747856015339494
131525,0.10978265013545752
131528,0.01487207441823557
131548,0.009427741635590792
131549,0.036685077706351876
131550,0.05823636148124933
131557,0.14934071898460388
131564,0.03923123539425433
131565,0.017897684941999614
131576,0.1597662614658475
131602,0.23318364284932613
131628,0.07956439815461636
131629,0.04900651867501438
131641,0.06661288812756538
131647,0.02889717509970069
131664,0.057729961816221476
131677,0.04083837126381695
131681,0.04107147338800132
131682,0.10057034948840737
131688,0.17414601147174835
131690,0.02031410823110491
131691,0.017778326175175607
131709,0.052512627094984055
131713,0.019727527513168752
131719,0.14976537879556417
131733,0.05386045994237065
131734,0.08709119400009513
131743,0.21607614494860172
131747,0.04035952128469944
131748,0.09142244374379516
131758,0.03388955979607999
131759,0.3211214952170849
131764,0.024537308607250452
131771,0.01579246297478676
131788,0.018016511341556907
131791,0.10835205018520355
131798,0.04569648462347686
131810,0.09890247182920575
131812,0.04860875732265413
131815,0.05175814847461879
131823,0.052287857979536057
131824,0.010693706208257936
131828,0.09248976595699787
131844,0.032107661478221416
131846,0.023909250390715897
131848,0.038933702278882265
131863,0.018645024276338518
131864,0.02355551836080849
131889,0.014749591355212033
131890,0.1449732994660735
131892,0.1646304028108716
131895,0.043676254572346807
131896,0.054983214009553194
131897,0.02682124054990709
131905,0.03837249684147537
131906,0.030838111182674766
131907,0.16726122424006462
131914,0.02113658154848963
131921,0.009555204771459103
131922,0.12741934973746538
131925,0.01183553203009069
131936,0.04683218663558364
131941,0.10968191176652908
131950,0.0478440560400486
131952,0.03285319684073329
131959,0.3768741823732853
131983,0.016163611435331404
131987,0.13395387306809425
131994,0.020638688001781702
132004,0.05199494562111795
132009,0.027522741118445992
132012,0.025392678566277027
132013,0.046152429888024926
132014,0.18114875070750713
132028,0.3109567426145077
132054,0.034998302115127444
132061,0.0229724058881402
132062,0.1467066491022706
132078,0.0961613948456943
132082,0.009032306814333424
132086,0.04237029980868101
132089,0.0702181295491755
132095,0.09099614387378097
132109,0.08310490613803267
132110,0.07108901487663388
132121,0.005797690188046545
132125,0.020386815071105957
132127,0.10176789853721857
132128,0.006351006479235366
132134,0.0664617707952857
132139,0.011008056928403676
132141,0.017000077292323112
132149,0.31640439853072166
132150,0.0553657952696085
132152,0.024572160560637712
132153,0.06516215717419982
132164,0.02535967354197055
132179,0.2620963640511036
132182,0.0506228927988559
132189,0.03177127195522189
132193,0.022883099620230496
132194,0.011438209214247763
132195,0.06489674467593431
132208,0.3286269623786211
132211,0.0765938526019454
132212,0.09387033432722092
132216,0.019373732269741595
132219,0.011658523348160088
132223,0.06593819428235292
132238,0.06950091477483511
132242,0.007820608472684398
132268,0.01821230282075703
132275,0.038419590797275305
132276,0.16603010334074497
132279,0.014898586203344166
132289,0.4208555854856968
132290,0.0077104410011088476
132300,0.14911332912743092
132319,0.10607599187642336
132340,0.0025513514556223527
132344,0.07271289266645908
132345,0.006009409349644557
132346,0.12360292673110962
132352,0.08384241815656424
132353,0.06368099991232157
132358,0.613770667463541
132381,0.05331838596612215
132382,0.030425385921262205
132383,0.0943174040876329
132410,0.04438642179593444
132419,0.011886392894666642
132423,0.05758814560249448
132432,0.0982537753880024
132434,0.02289087767712772
132440,0.09348137211054564
132441,0.047748086508363485
132452,0.021915666409768164
132453,0.00833193544531241
132456,0.13523348607122898
132459,0.013476556167006493
132462,0.008678479091031477
132463,0.0323646713513881
132468,0.2205385733395815
132485,0.30904421769082546
132490,0.029498589574359357
132500,0.037846849067136645
132521,0.1345897987484932
132555,0.054967002011835575
132560,0.012925397953949869
132562,0.04127966775558889
132575,0.027256319648586214
132587,0.01772586931474507
132591,0.058781039202585816
132611,0.05466821952722967
132615,0.03027752588968724
132617,0.1104199793189764
132622,0.32378953881561756
132629,0.021734266891144216
132638,0.051742237992584705
132642,0.028069117106497288
132658,0.03390230401419103
132664,0.12477028463035822
132668,0.016471778508275747
132676,0.18724487721920013
132704,0.1361389048397541
132707,0.1355417724698782
132719,0.06323672831058502
132723,0.35982805490493774
132724,0.11313857324421406
132732,0.04742596624419093
132754,0.07921766908839345
132756,0.04630129621364176
132766,0.04293340747244656
132767,0.049667568411678076
132775,0.06940608751028776
132776,0.128824052400887
132785,0.07736769458279014
132787,0.031568105216138065
132793,0.0932516185566783
132807,0.014999628067016602
132811,0.006117735407315195
132818,0.03732662438414991
132834,0.018366256030276418
132846,0.013951936038210988
132861,0.012716142809949815
132870,0.07045368338003755
132882,0.018160298699513078
132884,0.03567030350677669
132885,0.2242913357913494
132888,0.07680555712431669
132898,0.06679651094600558
132912,0.020362176117487252
132916,0.1203891197219491
132917,0.052281041629612446
132932,0.12083044275641441
132940,0.039111527148634195
132943,0.008633492892840877
132962,0.10162631329149008
132965,0.1366381123661995
132969,0.01154489372856915
132974,0.057108542416244745
132977,0.03231693571433425
132978,0.04295035288669169
132982,0.013856971869245172
132983,0.006634627206949517
132996,0.03964266995899379
133006,0.01148229226237163
133007,0.023859812994487584
133025,0.04052960337139666
133027,0.0418092361651361
133033,0.025796180474571884
133038,0.02079743519425392
133040,0.02231982012744993
133041,0.015536882972810417
133044,0.05173477903008461
133053,0.014815984992310405
133063,0.08426681952551007
133065,0.021767424419522285
133083,0.03116611111909151
133084,0.019442626158706844
133091,0.036606785375624895
133092,0.010477963893208653
133107,0.20694219507277012
133111,0.035942913964390755
133122,0.020359197980724275
133132,0.02656223450321704
133140,0.04450747184455395
133147,0.052450004033744335
133150,0.0038659634592477232
133168,0.041293516056612134
133170,0.019544977927580476
133184,0.0247081289999187
133228,0.012411714531481266
133229,0.017441850330214947
133230,0.007218882296001539
133232,0.11242084391415119
133242,0.12668217904865742
133246,0.05395870003849268
133247,0.033322912408038974
133253,0.032662826124578714
133268,0.12362111825495958
133271,0.12308021169155836
133272,0.023388170171529055
133296,0.17333395592868328
133299,0.0763550833798945
133302,0.07384122302755713
133315,0.09471073653548956
133330,0.026733042439445853
133331,0.09045307943597436
133332,0.03255325253121555
133333,0.03353510447777808
133334,0.31498015858232975
133361,0.3125755116343498
133363,0.10399713274091482
133404,0.004630987386917695
133412,0.5877667739987373
133418,0.06032121181488037
133422,0.13034114614129066
133426,0.15174770448356867
133450,0.03729936573654413
133465,0.08076241193339229
133468,0.04718799167312682
133469,0.02959911129437387
133474,0.02300703793298453
133479,0.02377639093901962
133490,0.09088575094938278
133492,0.027001889888197184
133495,0.0365416978020221
133496,0.024779715575277805
133501,0.17416222486644983
133502,0.10022925026714802
133511,0.04989130003377795
133515,0.04340363945811987
133528,0.07258190587162971
133539,0.025531654944643378
133551,0.0726894699037075
133564,0.041241670260205865
133569,0.03150060563348234
133570,0.01889822818338871
133578,0.15740127209573984
133586,0.014472286333329976
133587,0.22723418287932873
133597,0.07391476351767778
133608,0.01832209574058652
133624,0.06531631317920983
133626,0.0978607451543212
133645,0.036320135928690434
133655,0.015524366404861212
133658,0.048987621907144785
133659,0.03479563258588314
133660,0.06455793138593435
133664,0.007023544021649286
133684,0.13309218268841505
133685,0.01369526790222153
133688,0.15722886566072702
133706,0.0410816608928144
133713,0.05059915315359831
133723,0.007790531846694648
133730,0.05054948688484728
133733,0.011412008956540376
133760,0.024415258900262415
133762,0.1642139358446002
133777,0.008370062801986933
133793,0.007658799164346419
133816,0.03831460792571306
133818,0.07329763984307647
133824,0.03661368112079799
133841,0.058269698172807693
133850,0.012760373472701758
133877,0.12342404760420322
133880,0.05215020454488695
133887,0.02790400350932032
133889,0.22125056758522987
133896,0.09700285270810127
133916,0.1177089773118496
133920,0.015585256391204894
133936,0.0519325842615217
133939,0.019061973958741874
133940,0.017441152594983578
133942,0.03859181283041835
133956,0.11375951860100031
133957,0.06645849253982306
133965,0.03684832900762558
133972,0.07965577114373446
133973,0.0355361879337579
134008,0.02371096145361662
134016,0.30256881564855576
134039,0.05568336229771376
134040,0.012749471119605005
134045,0.055380589328706264
134050,0.11442180909216404
134056,0.10797884222120047
134082,0.12676174566149712
134085,0.08221022458747029
134089,0.026936565176583827
134102,0.11550215445458889
134118,0.017925129155628383
134131,0.010733695467934012
134135,0.06327031319960952
134137,0.04640089883469045
134150,0.05244498257525265
134159,0.01969430490862578
134183,0.012356760678812861
134186,0.28071925789117813
134211,0.03838381660170853
134216,0.012485182203818113
134217,0.035342732327990234
134218,0.0371881895698607
134230,0.038067085668444633
134233,0.09064468741416931
134234,0.010703710606321692
134236,0.1988202929496765
134241,0.011543909698957577
134242,0.03508577623870224
134273,0.030061107827350497
134277,0.010921892593614757
134287,0.07001620763912797
134293,0.030092323548160493
134302,0.013268960581626743
134306,0.14432342257350683
134307,0.02288339752703905
134325,0.05259193922393024
134330,0.17885294556617737
134334,0.0705084060318768
134338,0.14134523272514343
134339,0.014428799855522811
134348,0.014226236729882658
134355,0.007762199762510136
134369,0.2782979793846607
134387,0.02962810080498457
134399,0.04345596837811172
134400,0.009466224815696478
134405,0.025701172766275704
134407,0.01825576415285468
134433,0.02467569150030613
134448,0.011085032718256116
134460,0.056716696824878454
134463,0.24063241481781006
134467,0.025866706972010434
134485,0.010474317939952016
134486,0.13668106868863106
134490,0.13570896908640862
134494,0.2107370374724269
134501,0.22192186675965786
134508,0.019487438024953008
134512,0.13176125194877386
134514,0.0055165716767078266
134519,0.04308456392027438
134528,0.038451896980404854
134536,0.0682843616232276
134540,0.054453518241643906
134546,0.006406014785170555
134549,0.08729601930826902
134558,0.09848669124767184
134560,0.11692046094685793
134588,0.07361971447244287
134590,0.05238147755153477
134591,0.08390242420136929
134594,0.050124640110880136
134622,0.06245844624936581
134626,0.022503080195747316
134639,0.037505794782191515
134649,0.06237732176668942
134654,0.07540712784975767
134658,0.027053982485085726
134683,0.050918651977553964
134688,0.227300638332963
134689,0.24953238666057587
134697,0.027578258188441396
134698,0.1604594625532627
134718,0.05835722805932164
134742,0.036695982329547405
134751,0.09349483717232943
134760,0.03651693183928728
134763,0.033884221920743585
134764,0.09581760317087173
134765,0.05676506692543626
134773,0.024534321972168982
134790,0.0204204028705135
134794,0.017071758746169508
134802,0.026081654126755893
134805,0.007659221795620397
134807,0.030199750792235136
134812,0.05136172194033861
134813,0.02964715426787734
134823,0.07859553582966328
134824,0.11177244689315557
134838,0.07211793074384332
134841,0.024469345225952566
134857,0.027571373735554516
134862,0.18646006006747484
134865,0.03129311418160796
134880,0.2637800555676222
134883,0.10535069461911917
134884,0.11203262209892273
134916,0.008254874759586528
134918,0.04901537043042481
134919,0.11140278680250049
134921,0.006284425093326718
134928,0.0763499760068953
134943,0.06577998353168368
134950,0.034565655048936605
134968,0.014600065944250673
134971,0.0466668123845011
134972,0.015814931015484035
135011,0.06494974298402667
135013,0.282946215942502
135016,0.010271200095303357
135031,0.07520651025697589
135036,0.02086417772807181
135041,0.03408346138894558
135052,0.034379680873826146
135053,0.08565717423334718
135054,0.07955747051164508
135060,0.03959535388275981
135072,0.04289958951994777
135078,0.04102348047308624
135079,0.04167467821389437
135090,0.053202772280201316
135113,0.05483756633475423
135123,0.02052092761732638
135128,0.08173022326081991
135136,0.10365545842796564
135152,0.02614340663421899
135163,0.018760045408271253
135166,0.015203227987512946
135186,0.04438875801861286
135188,0.03115815855562687
135194,0.01879450911656022
135214,0.019278216175734997
135220,0.03280906123109162
135235,0.01212153147207573
135236,0.01000825350638479
135241,0.07545957807451487
135243,0.04987247008830309
135253,0.039309419225901365
135258,0.08289980702102184
135264,0.04118638299405575
135271,0.03234504163265228
135274,0.04469758761115372
135275,0.08460299158468843
135288,0.06790614454075694
135290,0.05996171664446592
135299,0.08110524527728558
135304,0.11996577121317387
135309,0.028696044581010938
135345,0.2761285025626421
135359,0.043033086927607656
135360,0.17263215314596891
135361,0.11112031433731318
135363,0.12482727691531181
135365,0.03942173230461776
135369,0.13430674001574516
135380,0.007041287346510217
135387,0.04910781537182629
135389,0.04606085456907749
135390,0.10493636410683393
135393,0.0338666153838858
135401,0.0858778627589345
135409,0.2591570932418108
135410,0.06791144283488393
135412,0.021279967157170177
135430,0.05084518902003765
135434,0.011712477193214
135435,0.025739242089912295
135445,0.18028543889522552
135449,0.22847049497067928
135460,0.06249337294138968
135461,0.025145259452983737
135491,0.054360817885026336
135500,0.09861900797113776
135504,0.019046874018386006
135506,0.1114731002599001
135521,0.09398580621927977
135523,0.24367260932922363
135527,0.03783616563305259
135528,0.05647849524393678
135530,0.28536830469965935
135540,0.03994491184130311
135541,0.3845009207725525
135562,0.11442272178828716
135578,0.02409785846248269
135584,0.11160478834062815
135589,0.14876529853790998
135590,0.029158910154365003
135591,0.1612635711207986
135596,0.018092489219270647
135607,0.003908881815732457
135622,0.013072630332317203
135626,0.050995411118492484
135635,0.03145714185666293
135636,0.06646541506052017
135650,0.021887371316552162
135656,0.023467478691600263
135657,0.30293091014027596
135672,0.41117261722683907
135673,0.022498850477859378
135678,0.2223500031977892
135679,0.003153937417664565
135684,0.1382361575961113
135701,0.01141592749627307
135704,0.043836703756824136
135713,0.10742168501019478
135716,0.10310817742720246
135718,0.010088107315823436
135723,0.017573202727362514
135737,0.0680726389400661
135738,0.006901886663399637
135745,0.023126274230889976
135746,0.1691979095339775
135752,0.06873370241373777
135755,0.03785813204012811
135756,0.02088785031810403
135765,0.01672245969530195
135778,0.04386181919835508
135779,0.03923986293375492
135788,0.011845379427541047
135803,0.052595799090340734
135804,0.041658247355371714
135809,0.010326588351745158
135811,0.14315731544047594
135812,0.05134241748601198
135823,0.12960977386683226
135834,0.0585515177808702
135838,0.007714740000665188
135843,0.03737487085163593
135847,0.041337229777127504
135857,0.40735433623194695
135865,0.03468436235561967
135872,0.045318439370021224
135885,0.13232381734997034
135888,0.02832060749642551
135899,0.045717205153778195
135910,0.036805533803999424
135930,0.1155880019068718
135941,0.1580818621441722
135943,0.09110593143850565
135949,0.09491085726767778
135950,0.06496939295902848
135951,0.05244155437685549
135954,0.08747897576540709
135966,0.22910454869270325
135967,0.022957161534577608
135971,0.044901488116011024
135974,0.09733676444739103
135975,0.0423738572280854
135985,0.02184825495351106
136004,0.012465155276004225
136009,0.05613618716597557
136033,0.04043242218904197
136041,0.04285884741693735
136051,0.012419078033417463
136057,0.09621530817821622
136070,0.14155386202037334
136099,0.011186853284016252
136103,0.033655531937256455
136114,0.08103966480121017
136116,0.04274732945486903
136140,0.057380807120352983
136160,0.00759167579235509
136185,0.06052399845793843
136201,0.02035125100519508
136211,0.09305189363658428
136213,0.11291875317692757
136224,0.12052832264453173
136234,0.0314232655800879
136244,0.04056956060230732
136255,0.008462945581413805
136257,0.06972130062058568
136260,0.013104057172313333
136261,0.05195741052739322
136263,0.04805782460607588
136267,0.022784628556109965
136277,0.06585264252498746
136289,0.0175266990554519
136293,0.07474500453099608
136296,0.03296427789609879
136302,0.09391346806660295
136312,0.06021095160394907
136317,0.12145841866731644
136337,0.2758884560316801
136355,0.024855067138560116
136356,0.29078818671405315
136383,0.049298910424113274
136390,0.023689380730502307
136406,0.019131280481815338
136416,0.014227460604161024
136417,0.006548605131683871
136429,0.12925369944423437
136440,0.06024560006335378
136445,0.10152552369982004
136449,0.026151749421842396
136454,0.08179151033982635
136457,0.0027796822250820696
136467,0.1538985501974821
136474,0.06859860895201564
136503,0.042245621560141444
136505,0.14730253722518682
136558,0.036085023544728756
136578,0.08020506286993623
136579,0.010745599021902308
136582,0.07484786259010434
136583,0.01617969642393291
136588,0.04714363836683333
136593,0.0262041708920151
136605,0.1850862167775631
136617,0.06373090483248234
136620,0.12036206852644682
136625,0.0381834723521024
136640,0.019132827990688384
136643,0.12976356875151396
136653,0.0937301036901772
136654,0.20961243845522404
136660,0.020962921320460737
136661,0.00735353579511866
136663,0.039045301266014576
136683,0.19597665593028069
136711,0.0400001808302477
136726,0.09486200287938118
136730,0.1229484174400568
136739,0.12110711447894573
136740,0.1421937681734562
136745,0.011645743972621858
136751,0.04854910518042743
136754,0.06841296190395951
136758,0.13603729475289583
136762,0.1280341548845172
136763,0.024488663766533136
136778,0.008356964914128184
136782,0.04021047824062407
136798,0.09130825940519571
136808,0.19380808994174004
136811,0.03532778192311525
136829,0.060253330040723085
136832,0.01706966175697744
136838,0.06628796178847551
136846,0.0779451709240675
136848,0.09034759784117341
136852,0.026663276716135442
136854,0.033911152044311166
136856,0.03790436219424009
136862,0.30428579449653625
136863,0.036652175011113286
136885,0.015255868551321328
136887,0.08074867818504572
136902,0.11459201201796532
136918,0.014882536022923887
136922,0.03873404371552169
136923,0.011323337850626558
136929,0.25825687497854233
136940,0.0697461343370378
136967,0.1830143155530095
136968,0.16085757594555616
136972,0.03761603939346969
136984,0.038098161574453115
136993,0.12293140217661858
136994,0.014991799369454384
136995,0.03322373819537461
136999,0.023036315222270787
137013,0.022863950696773827
137015,0.14573118835687637
137023,0.07296789297834039
137025,0.07794828666374087
137032,0.03722423501312733
137033,0.25284607894718647
137045,0.06396731780841947
137049,0.013796559942420572
137051,0.07270501367747784
137052,0.04121835180558264
137101,0.1919727474451065
137119,0.2131675835698843
137142,0.13994155451655388
137149,0.039611134910956025
137166,0.015583562373649329
137167,0.024740563123486936
137192,0.037000440526753664
137193,0.21476258896291256
137194,0.059619683772325516
137204,0.1395347910001874
137214,0.02943036623764783
137222,0.08002370782196522
137223,0.021336193312890828
137234,0.013665207370650023
137254,0.028723062830977142
137269,0.013403984252363443
137284,0.059364146552979946
137285,0.2027901653200388
137286,0.1969138253480196
137287,0.021321582375094295
137300,0.0946536660194397
137305,0.04964872566051781
137313,0.03804874210618436
137344,0.14424272999167442
137346,0.11640277691185474
137354,0.1585333738476038
137356,0.12019316107034683
137357,0.11192489136010408
137364,0.10358723346143961
137368,0.007997683802386746
137380,0.051647469168528914
137383,0.0446111666969955
137395,0.03916571266017854
137432,0.016100852051749825
137433,0.0880041504278779
137435,0.03636283683590591
137444,0.028277911012992263
137453,0.09958592429757118
137454,0.023466977174393833
137455,0.0374213729519397
137456,0.015004924789536744
137457,0.09441409539431334
137465,0.07652562065050006
137476,0.04692858969792724
137515,0.036627016263082623
137544,0.1308571957051754
137549,0.03073549165856093
137560,0.17956876847893
137577,0.19211809244006872
137590,0.009732342965435237
137591,0.017993665765970945
137592,0.050346620846539736
137595,0.03420934313908219
137614,0.04430178529582918
137624,0.008885197574272752
137640,0.008222332166042179
137651,0.08548644231632352
137657,0.016552195767872036
137658,0.4025941248983145
137672,0.05476927408017218
137673,0.034380394499748945
137687,0.09302430367097259
137688,0.04341716365888715
137689,0.028636264731176198
137700,0.15505913365632296
137711,0.05565468268468976
137715,0.08499624626711011
137718,0.018210523994639516
137721,0.04115828522481024
137722,0.14959704224020243
137726,0.047753067687153816
137739,0.17178065981715918
137741,0.005908965598791838
137743,0.08398517686873674
137747,0.04554671817459166
137761,0.028719924157485366
137796,0.008360302948858589
137807,0.08246180275455117
137809,0.0794946737587452
137824,0.04645731835626066
137827,0.06295969802886248
137846,0.17250911332666874
137862,0.024699913570657372
137865,0.022072413587011397
137868,0.09084200393408537
137875,0.016360624926164746
137878,0.012129272450692952
137883,0.04327442450448871
137888,0.029791842331178486
137913,0.061220793053507805
137915,0.011295239441096783
137934,0.054746226873248816
137936,0.08470245869830251
137937,0.047725594602525234
137942,0.13011804968118668
137944,0.11698817647993565
137947,0.007982695533428341
137960,0.018183859647251666
137977,0.13156405836343765
138006,0.07406389666721225
138007,0.0492735595908016
138008,0.014354057726450264
138019,0.1459883376955986
138021,0.02481560641899705
138022,0.07731231674551964
138025,0.08648993168026209
138044,0.02167342894244939
138046,0.05584471998736262
138050,0.04797804821282625
138068,0.09117923676967621
138084,0.07442647917196155
138085,0.019579491519834846
138086,0.013405957608483732
138087,0.01289291016291827
138089,0.04970057960599661
138100,0.03910617018118501
138105,0.035321235889568925
138107,0.03953863400965929
138127,0.014044671377632767
138128,0.1445378065109253
138129,0.008210224943468347
138131,0.012224793201312423
138132,0.014449434471316636
138150,0.019846868701279163
138156,0.031813004170544446
138169,0.08509539347141981
138174,0.053177563939243555
138177,0.025503770215436816
138187,0.04633103497326374
138189,0.01715858734678477
138193,0.06154908146709204
138203,0.024718197528272867
138209,0.02051804936490953
138237,0.0412421403452754
138243,0.04036849783733487
138273,0.017427680199034512
138274,0.030406463658437133
138275,0.021993709728121758
138277,0.04926268081180751
138285,0.010571524093393236
138289,0.1586962230503559
138308,0.03731777286157012
138313,0.06760883936658502
138317,0.027290317695587873
138326,0.047914320370182395
138327,0.14274523872882128
138338,0.029505451442673802
138367,0.013001859188079834
138377,0.11279862001538277
138416,0.06906118057668209
138417,0.03901629289612174
138419,0.03620410896837711
138425,0.09436850342899561
138430,0.04583132336847484
138454,0.05334763368591666
138465,0.028926094179041684
138470,0.02927742514293641
138480,0.020471731782890856
138481,0.2589071113616228
138486,0.07982276380062103
138492,0.02401811839081347
138496,0.08735591126605868
138519,0.07229263940826058
138520,0.09811956714838743
138522,0.06269363965839148
138545,0.007496840262319893
138556,0.05079763033427298
138560,0.005529343106900342
138564,0.04038918623700738
138573,0.036715433932840824
138581,0.16613976005464792
138585,0.10247090039774776
138591,0.0713206110522151
138598,0.01953321450855583
138600,0.016933181323111057
138602,0.03262586169876158
138613,0.07291218638420105
138639,0.050312436651438475
138651,0.05452696047723293
138652,0.10444536060094833
138661,0.2060291338711977
138674,0.024660886032506824
138678,0.3804785553365946
138679,0.00902807287639007
138686,0.02424597681965679
138695,0.04204323119483888
138711,0.03425206337124109
138728,0.0809707879088819
138731,0.022161210770718753
138744,0.10757780726999044
138752,0.2873744945973158
138754,0.1215664790943265
138756,0.07739579863846302
138770,0.03792379330843687
138771,0.14601367432624102
138807,0.00831536715850234
138818,0.061700785998255014
138819,0.0608544428832829
138820,0.03731992584653199
138831,0.020763205364346504
138843,0.027349265525117517
138871,0.04591563460417092
138873,0.028628524858504534
138876,0.04032451193779707
138880,0.09262133808806539
138881,0.03159308386966586
138882,0.011612939997576177
138890,0.03420863556675613
138892,0.006210493243997917
138893,0.10841797478497028
138917,0.022076520370319486
138921,0.01589595602126792
138922,0.16476837452501059
138924,0.013681898301001638
138926,0.014853748201858252
138932,0.09495352022349834
138946,0.09268169989809394
138959,0.08776903105899692
138961,0.02132326120045036
138964,0.006749928405042738
138968,0.2117199068889022
138969,0.20220302417874336
138980,0.10266345180571079
138992,0.07759246043860912
139002,0.11904513649642467
139010,0.17233607172966003
139011,0.03135974192991853
139017,0.2190794162452221
139030,0.040286378003656864
139032,0.07472650706768036
139034,0.06072404608130455
139039,0.05744969961233437
139049,0.1602504337206483
139053,0.01999263244215399
139058,0.07848044391721487
139062,0.10825244383886456
139067,0.21545680705457926
139069,0.23787527903914452
139070,0.47607536241412163
139075,0.03439092566259205
139082,0.02818568656221032
139092,0.10930612683296204
139098,0.04565250361338258
139108,0.0953761050477624
139127,0.13597001880407333
139130,0.1078975684940815
139145,0.03238137508742511
139164,0.10341300768777728
139174,0.023515276261605322
139175,0.06878678034991026
139178,0.009371180029120296
139180,0.011420244176406413
139181,0.4363083280622959
139186,0.04165561869740486
139189,0.056326975813135505
139190,0.012714087089989334
139191,0.012702657899353653
139198,0.04722164059057832
139201,0.018482903367839754
139204,0.045305018313229084
139208,0.002603717119200155
139211,0.020381848560646176
139215,0.030025686603039503
139225,0.0827849991619587
139226,0.01890956691931933
139231,0.021064171683974564
139246,0.14162244275212288
139252,0.050369407050311565
139256,0.018217746983282268
139258,0.012762728438246995
139268,0.044510922860354185
139272,0.019428732455708086
139283,0.0681847557425499
139286,0.02437784057110548
139289,0.05885119875892997
139290,0.12211070116609335
139291,0.01876210852060467
139293,0.031845964142121375
139303,0.020045030862092972
139304,0.018067246419377625
139307,0.15845412574708462
139319,0.015366011648438871
139321,0.04064151458442211
139326,0.030100636649876833
139327,0.03758446662686765
139355,0.11345514189451933
139363,0.030557840131223202
139375,0.055885367561131716
139397,0.06566439755260944
139412,0.051762321731075644
139413,0.01562514650868252
139415,0.09599244920536876
139416,0.08234758581966162
139449,0.10421230457723141
139461,0.026480665430426598
139462,0.2112064454704523
139463,0.15930369962006807
139486,0.013371356064453721
139493,0.1335354084149003
139515,0.10112571995705366
139516,0.11128921061754227
139522,0.033809847198426723
139532,0.020048689912073314
139542,0.05751642910763621
139545,0.04195110150612891
139552,0.17408241610974073
139553,0.07420858088880777
139555,0.14266561716794968
139559,0.10739251133054495
139560,0.06838466599583626
139564,0.03714154125191271
139565,0.03904219879768789
139567,0.016935114981606603
139568,0.03149639011826366
139572,0.013605376472696662
139573,0.07051394414156675
139592,0.014316866640001535
139595,0.07220569928176701
139597,0.07626855280250311
139598,0.06028309278190136
139607,0.0728520187549293
139609,0.058438018430024385
139628,0.03153773886151612
139653,0.037512964685447514
139656,0.43057242035865784
139661,0.07671950291842222
139673,0.025108992704190314
139674,0.032676746137440205
139683,0.00681210495531559
139714,0.09700818872079253
139724,0.01796529593411833
139737,0.20942187123000622
139749,0.08976473426446319
139755,0.0047010301786940545
139756,0.07054028660058975
139757,0.03194105392321944
139763,0.08034762414172292
139769,0.10276967566460371
139774,0.1957204807549715
139775,0.03511135606095195
139777,0.0722407391294837
139780,0.043194902362301946
139788,0.18000878393650055
139794,0.1628746408969164
139831,0.10197007190436125
139832,0.012196373951155692
139834,0.054066084790974855
139839,0.04255596175789833
139843,0.16244537197053432
139844,0.009758448170032352
139858,0.18132766522467136
139861,0.14381371065974236
139864,0.26226596906781197
139865,0.1426473930478096
139874,0.05365132354199886
139876,0.022377848625183105
139895,0.020253327791579068
139903,0.08378596277907491
139917,0.03187687776517123
139930,0.03172076400369406
139934,0.03534401417709887
139935,0.016765408916398883
139946,0.014366762479767203
139958,0.020212882780469954
139977,0.01018465548986569
139981,0.08652024809271097
139989,0.012857026478741318
139992,0.08322731126099825
139995,0.028692200197838247
139996,0.0990732884965837
139997,0.020218726131133735
140005,0.08692109771072865
140010,0.10213229712098837
140018,0.06567934108898044
140026,0.03595078026410192
140027,0.14235004782676697
140031,0.03790211211889982
140037,0.007453470636392012
140039,0.004454518042621203
140040,0.06067400146275759
140042,0.011033400136511773
140049,0.16576594300568104
140084,0.03521595196798444
140087,0.03035455336794257
140096,0.09835139149799943
140101,0.3461160361766815
140114,0.04423304693773389
140117,0.10408327775076032
140129,0.0788452671840787
140131,0.3040741942822933
140132,0.015538604813627899
140136,0.13810225389897823
140144,0.008236695313826203
140151,0.10020927991718054
140172,0.019294656231068075
140174,0.006146165018435568
140190,0.037949490593746305
140196,0.027828430524095893
140200,0.022268647328019142
140204,0.05168517539277673
140223,0.047897552605718374
140232,0.011085546779213473
140234,0.11310533620417118
140237,0.03990141744725406
140245,0.25303129851818085
140247,0.130989458411932
140248,0.0890288115479052
140298,0.014354280254337937
140305,0.24820946343243122
140311,0.014505815575830638
140312,0.13476302567869425
140318,0.1230666907504201
140325,0.08167329896241426
140327,0.20590432919561863
140334,0.0697128395549953
140337,0.04250827303621918
140338,0.005174085177714005
140343,0.05900376895442605
140376,0.037157525308430195
140378,0.19286125898361206
140381,0.010967002192046493
140382,0.033411702839657664
140384,0.10709899011999369
140386,0.24681303277611732
140390,0.027934426674619317
140402,0.022613518638536334
140406,0.011118534894194454
140425,0.018630283535458148
140426,0.11252375692129135
140434,0.01054505052161403
140435,0.03302823577541858
140436,0.1585907768458128
140451,0.04007056797854602
140452,0.016637132270261645
140454,0.18417728878557682
140455,0.019914396456442773
140483,0.0651908558793366
140504,0.04327056463807821
140512,0.059163607424125075
140518,0.020234361407347023
140534,0.05774787347763777
140545,0.002740087868005503
140546,0.18778583221137524
140560,0.043618868570774794
140563,0.005166039220057428
140564,0.10553071089088917
140569,0.020084643736481667
140577,0.09266353538259864
140638,0.04822628479450941
140655,0.029157015960663557
140664,0.17834744229912758
140669,0.016833969857543707
140672,0.24564465507864952
140682,0.0390359575394541
140693,0.0642712377011776
140700,0.023351621464826167
140701,0.06266313651576638
140704,0.039947835728526115
140705,0.029385347850620747
140719,0.015890209411736578
140749,0.22787066735327244
140750,0.040632688673213124
140751,0.18917626049369574
140752,0.030352025059983134
140762,0.10016526468098164
140772,0.03342882974538952
140778,0.19675875641405582
140779,0.017158638162072748
140780,0.016720589075703174
140802,0.023965849075466394
140804,0.12296394817531109
140807,0.07518275082111359
140813,0.015758846537210047
140827,0.080239147413522
140840,0.044228629441931844
140845,0.06444164272397757
140847,0.1064766445197165
140861,0.014264410361647606
140862,0.15841741114854813
140872,0.015707865124568343
140879,0.02227259159553796
140880,0.15844845119863749
140886,0.039801831590011716
140924,0.01335045020096004
140938,0.01717914518667385
140944,0.0921276630833745
140945,0.13381861429661512
140961,0.015471820661332458
140963,0.02227041684091091
140967,0.054130409145727754
140982,0.10484555084258318
140990,0.015712361549958587
140993,0.014743716106750071
140996,0.2727539576590061
141004,0.06971346074715257
141025,0.4910566806793213
141030,0.011365935381036252
141031,0.04820168390870094
141032,0.1036580540239811
141067,0.015569572569802403
141072,0.08264903537929058
141081,0.03604916436597705
141084,0.0646175523288548
141085,0.06268908269703388
141089,0.017469513695687056
141090,0.03354429721366614
141093,0.07305587083101273
141095,0.052193233044818044
141110,0.026316857896745205
141114,0.029641657369211316
141119,0.2763160187751055
141147,0.11843550950288773
141150,0.35527724027633667
141159,0.06397718377411366
141160,0.15086394175887108
141167,0.011817244987469167
141206,0.09947834582999349
141213,0.029179596807807684
141215,0.5597965978085995
141222,0.0258893322898075
141255,0.01997384987771511
141283,0.011870638583786786
141298,0.11938851419836283
141306,0.014983175438828766
141310,0.19611694663763046
141320,0.016472225019242615
141323,0.06978963548317552
141329,0.058605066034942865
141333,0.013729540805798024
141339,0.011221446271520108
141340,0.07102611800655723
141344,0.05266824667342007
141345,0.0231638167751953
141347,0.0465105848852545
141350,0.035100601497106254
141356,0.02964451746083796
141358,0.01787649665493518
141365,0.013720786257181317
141368,0.014843532582744956
141369,0.03964285925030708
141376,0.07902160845696926
141377,0.04543113964609802
141385,0.01490499306237325
141387,0.03736912179738283
141388,0.10798744717612863
141389,0.05849689315073192
141390,0.025558150256983936
141409,0.018285414204001427
141410,0.1187657150439918
141411,0.12077101040631533
141414,0.1241407236084342
141422,0.05622494965791702
141426,0.10776320938020945
141457,0.015877843950875103
141470,0.03310191072523594
141480,0.03981100511737168
141481,0.02073222945909947
141492,0.027769821579568088
141493,0.019876929349265993
141496,0.03889207006432116
141497,0.014265946694649756
141502,0.028790729586035013
141503,0.054243229795247316
141504,0.3123743124306202
141507,0.06768636405467987
141515,0.016898762609343976
141524,0.19535987079143524
141528,0.04608434461988509
141540,0.004468337720027193
141542,0.03440330643206835
141551,0.1436256254091859
141573,0.13301347754895687
141580,0.02151617279741913
141588,0.18191058654338121
141596,0.12427642103284597
141597,0.020807466586120427
141602,0.12514443416148424
141608,0.016336090280674398
141611,0.02279367414303124
141612,0.09465979086235166
141618,0.032443232485093176
141628,0.029244728153571486
141632,0.043382436502724886
141634,0.1018173242919147
141637,0.064965118188411
141638,0.12954991590231657
141639,0.016696855309419334
141640,0.08776880754157901
141644,0.10761361196637154
141654,0.05306541873142123
141656,0.022803240339271724
141668,0.05083388602361083
141717,0.1409659432247281
141718,0.02134938503149897
141723,0.233637360855937
141743,0.03799606370739639
141744,0.04632062464952469
141750,0.028373738285154104
141753,0.024033622932620347
141762,0.19102127104997635
141809,0.019500612164847553
141815,0.04280298436060548
141826,0.022020208067260683
141832,0.03032939159311354
141840,0.03112130891531706
141869,0.09743547346442938
141870,0.2077908292412758
141887,0.14163759723305702
141915,0.021437435410916805
141925,0.004736233808216639
141945,0.7163902670145035
141949,0.015313502110075206
141958,0.02578124520368874
141959,0.025799191440455616
141963,0.02222506992984563
141989,0.043134297244250774
141995,0.0513649748172611
141997,0.03587227989919484
142005,0.033129718620330095
142008,0.09520386531949043
142012,0.06438399106264114
142014,0.009420179470907897
142025,0.10128855612128973
142036,0.0253308885730803
142037,0.061904811300337315
142038,0.014550499385222793
142039,0.046062380541116
142064,0.024442008696496487
142065,0.13323584850877523
142070,0.04174176440574229
142074,0.05264110746793449
142079,0.055938049452379346
142084,0.19969318620860577
142087,0.05350889707915485
142102,0.01700053981039673
142106,0.013722037256229669
142115,0.020473607466556132
142120,0.010806223552208394
142132,0.02005091740284115
142139,0.0544276786968112
142142,0.01442022091941908
142153,0.16542093269526958
142160,0.10171736497431993
142162,0.03201379347592592
142163,0.04603182594291866
142167,0.031371407210826874
142168,0.035020177252590656
142177,0.043285415740683675
142180,0.2545615378767252
142183,0.01092670758953318
142186,0.02558387746103108
142189,0.0704267774708569
142195,0.02284619794227183
142198,0.01873493625316769
142210,0.04049881407991052
142215,0.17193577252328396
142222,0.04070593253709376
142223,0.1450025625526905
142224,0.024216960300691426
142236,0.02279922622255981
142237,0.01759260438848287
142239,0.0320600843988359
142242,0.04046799382194877
142243,0.06617470178753138
142244,0.029462764970958233
142255,0.004071427378221415
142273,0.013098616676870733
142289,0.06461589457467198
142294,0.009496741637121886
142303,0.16468877904117107
142305,0.060938067734241486
142339,0.05907642189413309
142359,0.12476097606122494
142361,0.014334291394334286
142364,0.01473151973914355
142378,0.3044774681329727
142380,0.1340141398832202
142383,0.07825104985386133
142387,0.061712243128567934
142393,0.04694219375960529
142396,0.22644240409135818
142407,0.07382767554372549
142409,0.030745532596483827
142427,0.009778385632671416
142429,0.38906770199537277
142430,0.08139459136873484
142431,0.055022469721734524
142433,0.05806898698210716
142439,0.19445337541401386
142440,0.006847342971013859
142446,0.02640706894453615
142459,0.040654564974829555
142478,0.019422067794948816
142481,0.05396625283174217
142491,0.042287269374355674
142495,0.02909470023587346
142497,0.016093885526061058
142510,0.0922557981684804
142513,0.180703803896904
142521,0.026568292058072984
142529,0.23168481141328812
142537,0.016479942947626114
142542,0.219090785831213
142558,0.055987691041082144
142574,0.03367818798869848
142575,0.030536797014065087
142579,0.06304641487076879
142587,0.020747157279402018
142590,0.4725552573800087
142610,0.01932833017781377
142614,0.02708005253225565
142621,0.014476133917924017
142641,0.0319206474814564
142650,0.027780256001278758
142653,0.03649513237178326
142667,0.07397183356806636
142671,0.1329942224547267
142676,0.17039946466684341
142680,0.07754333224147558
142684,0.04324481450021267
142685,0.015665330458432436
142686,0.03268885752186179
142689,0.0797963528893888
142691,0.12966943066567183
142704,0.03934977832250297
142707,0.024881415301933885
142724,0.008201440767152235
142727,0.07126090349629521
142728,0.007405680080410093
142741,0.018072879523970187
142747,0.2327953390777111
142748,0.07687405357137322
142752,0.03604121971875429
142755,0.02378358691930771
142756,0.045132165076211095
142759,0.01859342388343066
142762,0.024473751429468393
142771,0.07014905055984855
142778,0.030236756894737482
142783,0.0428968844935298
142789,0.1176930358633399
142790,0.045654448913410306
142791,0.12580180913209915
142793,0.183189426548779
142795,0.141392569988966
142803,0.21052773483097553
142819,0.033648505341261625
142822,0.059848441276699305
142825,0.1806958094239235
142833,0.027532449224963784
142871,0.020838263793848455
142872,0.014085235947277397
142883,0.11905625555664301
142905,0.010161831742152572
142906,0.04933094885200262
142917,0.07154181599617004
142921,0.08474979503080249
142927,0.09125545667484403
142932,0.028122028918005526
142940,0.02283603243995458
142962,0.13538878597319126
142969,0.06142045184969902
142976,0.005571499117650092
142977,0.13120521698147058
142982,0.08937653992325068
142988,0.026018423261120915
142990,0.07548295194283128
142992,0.010436425334773958
143012,0.025098704732954502
143013,0.08855511387810111
143016,0.11251819273456931
143017,0.026296228170394897
143033,0.09612660948187113
143058,0.04027244099415839
143059,0.03504966222681105
143060,0.016888047684915364
143065,0.03408722672611475
143076,0.03726674825884402
143081,0.3752290550619364
143088,0.01550039037829265
143089,0.08523797802627087
143090,0.02303027652669698
143094,0.009507186769042164
143100,0.022670156904496253
143115,0.03167435037903488
143132,0.04193794704042375
143135,0.007344653946347535
143136,0.07915104972198606
143149,0.11987052392214537
143151,0.039467856753617525
143152,0.01800163963343948
143153,0.06448990758508444
143162,0.07152383541688323
143166,0.021218628040514886
143167,0.03494060435332358
143187,0.05858304584398866
143188,0.01670240081148222
143190,0.06280978582799435
143191,0.010304735827958211
143195,0.3609900828450918
143207,0.07980231428518891
143209,0.05717804515734315
143227,0.16195873823016882
143231,0.03544415510259569
143232,0.021820248570293188
143244,0.021371393813751638
143263,0.07663374301046133
143268,0.11526836548000574
143275,0.09867965523153543
143278,0.1974665019661188
143302,0.09752659499645233
143320,0.0318992689717561
143328,0.06297089252620935
143336,0.0815115524455905
143339,0.021797614987008274
143340,0.1085979132913053
143353,0.01864182169083506
143360,0.04474813141860068
143361,0.117256716825068
143385,0.3702361583709717
143388,0.08749973401427269
143389,0.050417648162692785
143390,0.02368821285199374
143393,0.23541381396353245
143396,0.2793215811252594
143419,0.12613755092024803
143421,0.00527584597148234
143422,0.023110597860068083
143431,0.022074496489949524
143433,0.0630041416734457
143440,0.10678279679268599
143442,0.02619927388150245
143463,0.019063249812461436
143466,0.019264961942099035
143475,0.09124178299680352
143500,0.051527632400393486
143510,0.015971611603163183
143528,0.021509231184609234
143532,0.010681499203201383
143535,0.09647256787866354
143538,0.028188428841531277
143548,0.02899390086531639
143550,0.049217645544558764
143555,0.03162763733416796
143576,0.16306138969957829
143593,0.09134463500231504
143595,0.05549330241046846
143596,0.01855184114538133
143597,0.04898719070479274
143599,0.04343288880772889
143601,0.04209383064880967
143602,0.023230146849527955
143605,0.01766722119646147
143609,0.11300742346793413
143611,0.12504160683602095
143613,0.011966036807280034
143618,0.04858509707264602
143652,0.014542204677127302
143667,0.01894906396046281
143679,0.07386134751141071
143680,0.03003959241323173
143692,0.12260691914707422
143703,0.07705620350316167
143712,0.10091779381036758
143714,0.061580948531627655
143715,0.018382827285677195
143729,0.03954534116201103
143732,0.018120127031579614
143738,0.02375420241151005
143740,0.0754609894938767
143743,0.14025682397186756
143772,0.036758884554728866
143773,0.07165047200396657
143792,0.060926624573767185
143802,0.014576916641090065
143808,0.021377271856181324
143819,0.00677301810355857
143820,0.16491923667490482
143825,0.006957285571843386
143828,0.012688468326814473
143831,0.12109960336238146
143834,0.0076406183652579784
143835,0.010673310956917703
143843,0.020995258237235248
143860,0.007500366307795048
143874,0.03385657258331776
143889,0.07601008890196681
143903,0.015901835402473807
143921,0.04760138923302293
143936,0.04154321108944714
143944,0.036702588316984475
143947,0.09872105997055769
143948,0.012600837566424161
143957,0.27919564209878445
143964,0.19860313087701797
143965,0.003522495106153656
143971,0.06131081469357014
143976,0.08243805216625333
143977,0.16953312046825886
143983,0.10786233376711607
143991,0.033965433947741985
144015,0.07051964709535241
144032,0.06102581229060888
144057,0.014127123809885234
144065,0.024305631639435887
144087,0.014622352609876543
144090,0.02553274086676538
144091,0.1842003744095564
144092,0.018724252353422344
144139,0.05702506098896265
144150,0.03015666059218347
144151,0.04907285515218973
144153,0.06421961635351181
144154,0.19283309113234282
144159,0.26593684405088425
144168,0.026250247145071626
144169,0.0422799289226532
144178,0.16009971406310797
144179,0.015311504015699029
144183,0.011135613836813718
144186,0.058320578653365374
144190,0.2772469036281109
144191,0.018002087366767228
144199,0.13161379750818014
144226,0.04560540779493749
144227,0.00805977697018534
144229,0.04021375719457865
144237,0.04821734060533345
144247,0.011678904760628939
144249,0.07391938241198659
144259,0.08653259882703424
144260,0.025819158065132797
144282,0.02811260148882866
144295,0.14475170243531466
144304,0.024564384249970317
144314,0.022004628204740584
144318,0.07679268391802907
144324,0.15091960690915585
144325,0.011536176054505631
144333,0.0552317863330245
144334,0.03622362157329917
144336,0.028133177431300282
144350,0.0397140490822494
144354,0.01940838305745274
144357,0.06430403841659427
144359,0.02965113113168627
144365,0.021509785088710487
144385,0.03353851311840117
144386,0.043958120280876756
144387,0.07086781272664666
144390,0.025475031230598688
144393,0.05892119253985584
144398,0.058795728953555226
144402,0.012900450557935983
144416,0.04807490203529596
144422,0.0047898881894070655
144446,0.1887984350323677
144451,0.03998006577603519
144461,0.02753341116476804
144464,0.09769818838685751
144483,0.06150265131145716
144498,0.1362337926402688
144499,0.0429382708389312
144534,0.037330718943849206
144549,0.048455571522936225
144563,0.01351563143543899
144570,0.39698171615600586
144579,0.04423182155005634
144580,0.03437680215574801
144581,0.011970075604040176
144582,0.04004588630050421
144587,0.02544683823361993
144588,0.09137078281491995
144589,0.035642537754029036
144590,0.11923546995967627
144598,0.11359279043972492
144601,0.01914105284959078
144610,0.030183475464582443
144611,0.041125494753941894
144612,0.013416464324109256
144613,0.03978255297988653
144617,0.04119446221739054
144635,0.1510885050520301
144640,0.046369077172130346
144644,0.021539768436923623
144645,0.025847229873761535
144654,0.019466917612589896
144656,0.03751588612794876
144657,0.04969189874827862
144658,0.031202725018374622
144659,0.1740589151158929
144665,0.01766222238074988
144667,0.056579968659207225
144675,0.03605902171693742
144677,0.09385154116898775
144678,0.017626466404180974
144690,0.027157982462085783
144701,0.07856152625754476
144702,0.11281841713935137
144716,0.021280821412801743
144721,0.0038138948584673926
144722,0.12731565721333027
144729,0.07333701942116022
144744,0.016661580884829164
144753,0.009074282774236053
144761,0.02775583032052964
144764,0.21339859440922737
144767,0.014357729989569634
144780,0.24196647107601166
144781,0.05948456027545035
144784,0.082879438996315
144806,0.053730315528810024
144810,0.09099809406325221
144811,0.04720566770993173
144824,0.026710063335485756
144828,0.06841908115893602
144829,0.06692360760644078
144835,0.2759891152381897
144849,0.01796193141490221
144850,0.00778610396082513
144870,0.027646398753859103
144881,0.07358856406062841
144891,0.02669105608947575
144898,0.10071882233023643
144904,0.08225325122475624
144906,0.020393106038682163
144909,0.006622824090300128
144910,0.10064914729446173
144912,0.13202732196077704
144963,0.06355496076866984
144965,0.11698960978537798
144966,0.013481019588652998
144979,0.04056597128510475
144990,0.05596355767920613
144991,0.05537436995655298
144992,0.32337348721921444
144999,0.05812259786762297
145006,0.009928677463904023
145007,0.048026279313489795
145008,0.007813234231434762
145009,0.0478467708453536
145011,0.004085768072400242
145014,0.12401032354682684
145025,0.011733261635527015
145036,0.04262370662763715
145041,0.015489595360122621
145058,0.14527110662311316
145071,0.04394984967075288
145106,0.05805001757107675
145110,0.01996731897816062
145142,0.08266231510788202
145146,0.08827123511582613
145147,0.012657272047363222
145148,0.0572369615547359
145149,0.017642077757045627
145154,0.03192464564926922
145157,0.062237991485744715
145158,0.02521011373028159
145167,0.013729215133935213
145172,0.06840215204283595
145174,0.013625993859022856
145192,0.007786485424730927
145195,0.07619553059339523
145196,0.19970540329813957
145199,0.012249029241502285
145209,0.09438172588124871
145242,0.02341216430068016
145248,0.013312920986209065
145249,0.03659110772423446
145250,0.04166260617785156
145281,0.06597665697336197
145287,0.0476154622156173
145288,0.134581895545125
145298,0.07789852656424046
145303,0.0033698818006087095
145309,0.07283273199573159
145333,0.05837074923329055
145336,0.023771181469783187
145339,0.08835102524608374
145350,0.05072855809703469
145353,0.0133951407042332
145354,0.029395254561677575
145358,0.03355046734213829
145382,0.1774943694472313
145383,0.23097805306315422
145389,0.046269885962828994
145390,0.07460769545286894
145391,0.0677485391497612
145392,0.06941608339548111
145407,0.004472693093703128
145410,0.017459816299378872
145412,0.11320643499493599
145415,0.054902796633541584
145418,0.04698332608677447
145419,0.03372566471807659
145440,0.006375396478688344
145451,0.09818881377577782
145476,0.10841457918286324
145481,0.024861768004484475
145482,0.006927602720679715
145484,0.018647487042471766
145502,0.03317620302550495
145512,0.050761804450303316
145515,0.02194071200210601
145521,0.020189869333989918
145523,0.012450280890334398
145554,0.011109700601082295
145557,0.029474898241460323
145560,0.3096282444894314
145563,0.09491670550778508
145569,0.02989818318746984
145586,0.29019311629235744
145601,0.05600373353809118
145602,0.019208268844522536
145615,0.09999759355559945
145623,0.055713996291160583
145638,0.018942972063086927
145640,0.03466624580323696
145645,0.039133932907134295
145654,0.013038737059105188
145664,0.06353198643773794
145677,0.01571418868843466
145679,0.01615939533803612
145681,0.014297102577984333
145698,0.03444556554313749
145709,0.007342006603721529
145713,0.017742771771736443
145720,0.021394156268797815
145780,0.04207391384989023
145781,0.040807602694258094
145798,0.07170775951817632
145811,0.05430148635059595
145819,0.014472886978182942
145833,0.08110991353169084
145834,0.038553980411961675
145835,0.08824421418830752
145844,0.013439722068142146
145862,0.011047662235796452
145869,0.10439094249159098
145871,0.01936841767746955
145872,0.005998606618959457
145874,0.421988170593977
145888,0.02624991803895682
145891,0.0683815348893404
145907,0.10497600538656116
145908,0.030199815751984715
145919,0.037484497763216496
145925,0.011635934293735772
145940,0.08367778128013015
145941,0.04470537952147424
145943,0.05264471657574177
145951,0.010972218558890745
145954,0.07263685180805624
145957,0.019076519762165844
145962,0.17746365908533335
145974,0.02109603222925216
145976,0.04441335378214717
145987,0.015058303251862526
145988,0.24154643714427948
145989,0.03149222792126238
145990,0.03260400099679828
145991,0.10749821085482836
145993,0.0634168479591608
146000,0.13548946101218462
146001,0.02950391173362732
146006,0.03886696556583047
146011,0.011057216033805162
146014,0.037124923430383205
146020,0.012806141981855035
146021,0.005717282474506646
146022,0.06393929966725409
146026,0.05103339860215783
146028,0.12337455805391073
146032,0.05941936536692083
146033,0.0866954168304801
146037,0.18893310148268938
146059,0.022956135449931026
146060,0.28176562674343586
146063,0.1615692563354969
146069,0.06227838108316064
146086,0.016511077876202762
146090,0.5560495220124722
146092,0.014817058341577649
146094,0.12489901389926672
146097,0.018243119935505092
146098,0.14248520974069834
146106,0.029865029617212713
146115,0.015679847449064255
146121,0.1424818066880107
146122,0.05864818301051855
146140,0.02867984725162387
146142,0.030195888597518206
146146,0.07223110878840089
146149,0.025341569795273244
146153,0.016186915978323668
146155,0.006629485200392082
146156,0.02651992265600711
146159,0.023778791190125048
146172,0.0947728781029582
146176,0.05812115781009197
146184,0.047906807623803616
146186,0.02340855821967125
146191,0.041642095195129514
146198,0.022146810602862388
146199,0.016534498776309192
146202,0.030942476936616004
146206,0.20306748151779175
146214,0.015043237479403615
146221,0.04007266671396792
146232,0.0437141340225935
146239,0.06692902324721217
146246,0.12108005117624998
146247,0.02689092478249222
146252,0.030590637121349573
146255,0.013125685625709593
146256,0.008292412559967488
146262,0.11153782531619072
146277,0.10490277502685785
146292,0.18642019294202328
146303,0.020103842834942043
146305,0.09597980882972479
146313,0.07854677177965641
146317,0.01368167152395472
146330,0.027697570621967316
146344,0.012030544690787792
146345,0.031339600682258606
146347,0.10357512021437287
146356,0.030059823533520103
146369,0.03228709823451936
146384,0.06626402959227562
146385,0.008942470303736627
146386,0.05946399737149477
146388,0.016031997452955693
146404,0.02821672917343676
146409,0.2388743944466114
146413,0.0321249736007303
146421,0.05020659975707531
146428,0.037016457645222545
146451,0.1016279999166727
146458,0.011703447962645441
146466,0.005274919167277403
146476,0.02695098565891385
146485,0.012252650165464729
146486,0.04542853287421167
146487,0.012507936044130474
146500,0.07758038304746151
146502,0.03782713320106268
146512,0.08792645111680031
146514,0.019081961479969323
146515,0.12182717490941286
146516,0.027130265603773296
146533,0.06871264427900314
146535,0.022751871205400676
146541,0.06714528519660234
146557,0.10042271064594388
146562,0.11292034480720758
146565,0.011725435964763165
146570,0.029758018208667636
146571,0.023725056904368103
146574,0.03956280741840601
146587,0.023743897676467896
146591,0.006607208080822602
146597,0.07819182286038995
146600,0.02320601826068014
146614,0.31753896549344063
146621,0.11801677383482456
146623,0.032942030346021056
146631,0.08682116121053696
146644,0.0171331629389897
146649,0.017946472042240202
146651,0.02238954755011946
146652,0.04661887907423079
146663,0.1542016575112939
146680,0.02166742249391973
146683,0.0869945134036243
146714,0.15563208051025867
146724,0.09143520332872868
146730,0.039516461780294776
146732,0.1391021842136979
146738,0.03603372583165765
146752,0.04257749184034765
146755,0.11933580040931702
146756,0.05048799584619701
146759,0.09940159134566784
146760,0.17861510813236237
146761,0.04412539885379374
146765,0.01752303575631231
146806,0.07531974837183952
146809,0.23986251652240753
146810,0.040508305886760354
146811,0.04478554078377783
146815,0.04559784010052681
146820,0.3183432053774595
146821,0.021767841884866357
146824,0.06540113873779774
146829,0.03748384234495461
146842,0.05069971480406821
146864,0.01634878769982606
146891,0.15413414500653744
146918,0.03727430384606123
146955,0.03972356324084103
146957,0.12265084264799953
146972,0.02383591840043664
146973,0.021572825266048312
146979,0.0913508920930326
146982,0.060608240542933345
146984,0.034119891468435526
146997,0.11508648283779621
147001,0.006578758824616671
147008,0.14393865689635277
147014,0.004290972647140734
147022,0.05285116541199386
147038,0.03038368688430637
147048,0.04679261636920273
147060,0.005048761755460873
147061,0.024124048533849418
147077,0.1475799409672618
147082,0.024277345510199666
147083,0.03806880838237703
147085,0.03555211122147739
147086,0.05503726517781615
147099,0.0518947693053633
147127,0.01421536656562239
147128,0.0513361394405365
147133,0.08167588338255882
147138,0.013807071140035987
147139,0.005195425765123218
147150,0.03371329605579376
147155,0.10734975151717663
147171,0.03125057357829064
147172,0.02990899863652885
147182,0.03232201107311994
147195,0.01178659376455471
147199,0.028254949604161084
147216,0.07065039267763495
147224,0.02007470594253391
147225,0.06714223371818662
147230,0.06523987138643861
147240,0.05950430314987898
147250,0.028474826249293983
147253,0.01457533787470311
147254,0.429780300706625
147264,0.012240256182849407
147294,0.19616743922233582
147308,0.02790007763542235
147309,0.22097553312778473
147315,0.12768569588661194
147319,0.03621384082362056
147329,0.028673750115558505
147340,0.03778029326349497
147345,0.21854287944734097
147353,0.01696512510534376
147354,0.12408844009041786
147364,0.09088404150679708
147366,0.05042588757351041
147373,0.04328983509913087
147382,0.018495366675779223
147383,0.08064663596451283
147390,0.032289644703269005
147408,0.14768909197300673
147411,0.006626310641877353
147415,0.08055154094472528
147416,0.08284879801794887
147425,0.014686338836327195
147427,0.0152426891727373
147438,0.0942824212834239
147439,0.02519463689532131
147457,0.015372130437754095
147459,0.0069500023673754185
147463,0.04143311409279704
147469,0.05336544546298683
147476,0.1742139970883727
147483,0.014579922950360924
147497,0.036243813345208764
147502,0.1354951336979866
147515,0.09397602407261729
147523,0.15840537752956152
147527,0.017758119152858853
147541,0.09057604894042015
147551,0.03678018390201032
147552,0.02992907539010048
147561,0.007021661993348971
147571,0.03950250940397382
147587,0.011115580797195435
147657,0.053361586295068264
147659,0.02447498810943216
147670,0.01149763137800619
147695,0.0727371140383184
147696,0.0688631241209805
147702,0.3755333162844181
147710,0.43094756826758385
147711,0.03126830130349845
147712,0.02784616337157786
147713,0.09830049332231283
147720,0.023366983397863805
147722,0.04947023931890726
147742,0.027525553479790688
147750,0.03786601731553674
147761,0.18561155069619417
147764,0.11084406170994043
147770,0.015400133677758276
147771,0.14346302952617407
147774,0.2413751371204853
147786,0.01059712708229199
147787,0.26814210787415504
147791,0.011818390630651265
147792,0.1461537079885602
147793,0.1218348266556859
147794,0.021023683832027018
147801,0.07481420831754804
147824,0.006479935167590156
147826,0.02299441897775978
147840,0.03637702064588666
147847,0.004487206126214005
147862,0.08289807941764593
147865,0.022725465358234942
147882,0.06259004399180412
147893,0.09898539213463664
147925,0.03369289101101458
147932,0.13692397624254227
147942,0.12545101903378963
147953,0.014682384906336665
147955,0.12008301634341478
147964,0.12912003137171268
147966,0.05316904606297612
147981,0.04464042466133833
147982,0.18013859074562788
147990,0.03209389699622989
147998,0.03513226634822786
148002,0.11872903723269701
148013,0.11279407609254122
148025,0.1647011386230588
148026,0.13284455798566341
148031,0.0900176982395351
148035,0.03706617001444101
148042,0.06553954444825649
148047,0.009247596724890172
148050,0.03201531688682735
148063,0.06836326280608773
148065,0.13876994792371988
148069,0.15408563893288374
148070,0.07654729392379522
148075,0.1432477431371808
148076,0.01126258505973965
148087,0.006486309895990416
148091,0.04811155260540545
148102,0.08738417318090796
148107,0.1360352747142315
148108,0.05453643132932484
148113,0.028713954146951437
148131,0.04051137249916792
148141,0.12633372750133276
148149,0.1051851762458682
148150,0.04958400200121105
148163,0.08950827969238162
148175,0.02305581117980182
148185,0.11833427287638187
148187,0.06533458456397057
148198,0.1570639181882143
148204,0.09402283234521747
148205,0.015403976140078157
148212,0.058680405374616385
148216,0.30776738189160824
148217,0.018554037786088884
148223,0.028699558228254318
148224,0.10090099321678281
148235,0.06514939200133085
148255,0.08729083137586713
148276,0.029337327112443745
148285,0.0203031717101112
148289,0.013188772019930184
148292,0.07594885118305683
148294,0.05905762780457735
148314,0.027491292566992342
148319,0.017763615935109556
148320,0.03570112306624651
148322,0.061638967134058475
148323,0.05784483649767935
148325,0.05108112236484885
148333,0.06326315319165587
148339,0.03589322650805116
148359,0.07134762080386281
148361,0.17287658248096704
148364,0.010587008553557098
148380,0.021765202400274575
148382,0.03121323697268963
148386,0.14859742857515812
148393,0.08735316572710872
148394,0.05330132250674069
148404,0.043933612294495106
148419,0.056535082403570414
148423,0.07722185272723436
148437,0.1723411614075303
148440,0.06402631476521492
148448,0.014413434255402535
148449,0.006112909788498655
148450,0.016524568782188
148451,0.034001107793301344
148458,0.07222904218360782
148471,0.031096948543563485
148475,0.02028699719812721
148476,0.04728633281774819
148497,0.05875729117542505
148511,0.024761424749158323
148512,0.10127076553180814
148534,0.07927297800779343
148545,0.07405340811237693
148557,0.04588995943777263
148564,0.0480484610889107
148570,0.06398595497012138
148586,0.058025273494422436
148596,0.04560678079724312
148600,0.02919803897384554
148607,0.02141232928261161
148609,0.06994329579174519
148622,0.022171467426232994
148623,0.018217821256257594
148625,0.168358551338315
148626,0.004242480048560537
148628,0.022346421610563993
148632,0.012821319105569273
148639,0.019619137630797923
148643,0.07861634716391563
148644,0.08982629328966141
148680,0.010050560667878017
148702,0.10802069399505854
148716,0.06873032357543707
148717,0.036835014121606946
148726,0.14626060612499714
148738,0.1380459452047944
148746,0.0707745784893632
148749,0.02127891406416893
148750,0.10837270598858595
148769,0.05664016376249492
148791,0.04390375385992229
148803,0.01915151870343834
148804,0.02281336614396423
148823,0.008440096629783511
148831,0.051188123412430286
148849,0.032131952000781894
148850,0.03116490982938558
148855,0.06014405703172088
148893,0.03047951217740774
148896,0.03853992139920592
148899,0.05122324451804161
148903,0.14108494110405445
148910,0.05149192130193114
148911,0.017502591479569674
148912,0.20895910263061523
148913,0.03520860965363681
148933,0.03715593880042434
148935,0.021178306313231587
148937,0.011016574688255787
148946,0.240146329626441
148955,0.12546208500862122
148980,0.024348361999727786
148996,0.08983949013054371
149015,0.17949576023966074
149025,0.015621862490661442
149028,0.11518879979848862
149029,0.017253263853490353
149035,0.011382443946786225
149050,0.03054572269320488
149051,0.04715736652724445
149052,0.07774173049256206
149056,0.010331635596230626
149062,0.03567677433602512
149067,0.13695753179490566
149076,0.13064986746758223
149090,0.2534598037600517
149106,0.10690294951200485
149107,0.023983598919585347
149118,0.2519397623836994
149119,0.026845192536711693
149130,0.13989887945353985
149154,0.02988423185888678
149157,0.05380040407180786
149158,0.025102921528741717
149160,0.04060290101915598
149163,0.0818895217962563
149164,0.0727067613042891
149165,0.01900982274673879
149166,0.0182419759221375
149214,0.01821998250670731
149231,0.10848337784409523
149236,0.01844000513665378
149237,0.022908194456249475
149246,0.01162746048066765
149247,0.044510531006380916
149253,0.08618130628019571
149254,0.015635133255273104
149265,0.23365463130176067
149266,0.0474281944334507
149277,0.06362320855259895
149283,0.20851724222302437
149289,0.11289206985384226
149310,0.02514686423819512
149314,0.01642100024037063
149318,0.05390205350704491
149319,0.014007273770403117
149320,0.013646554434671998
149321,0.1358022140339017
149333,0.024822520557790995
149337,0.09523825533688068
149338,0.03164936532266438
149341,0.030154328793287277
149342,0.017384799546562135
149349,0.01037175377132371
149351,0.09204681077972054
149354,0.027925378060899675
149360,0.016235179849900305
149362,0.15527758188545704
149366,0.016781189711764455
149372,0.23458711430430412
149376,0.07087142718955874
149388,0.07012477982789278
149393,0.014853303553536534
149401,0.00955320056527853
149405,0.16852451115846634
149412,0.1043248400092125
149415,0.015709978179074824
149416,0.02406477986369282
149430,0.15624529961496592
149435,0.035384685499593616
149436,0.01763408037368208
149444,0.08011410059407353
149456,0.05488865962252021
149471,0.009661233518272638
149480,0.025405209744349122
149481,0.0874111051671207
149490,0.05067854258231819
149491,0.047339556040242314
149503,0.021096197771839797
149512,0.047705545322969556
149524,0.01756599056534469
149525,0.01413999788928777
149532,0.03611218370497227
149533,0.14023204427212477
149536,0.2639643680304289
149540,0.034484551288187504
149548,0.05352211440913379
149563,0.16494982037693262
149568,0.093286057934165
149569,0.18602856993675232
149570,0.058629344683140516
149582,0.013637154886964709
149584,0.07034595683217049
149587,0.06611139932647347
149592,0.0636969874612987
149596,0.0723314518108964
149599,0.05294722132384777
149612,0.039920070907101035
149643,0.04326914646662772
149648,0.21375262271612883
149665,0.006819931557402015
149666,0.12310440465807915
149671,0.020194116281345487
149675,0.02356133726425469
149676,0.17715656757354736
149677,0.010447561740875244
149680,0.1541443020105362
149711,0.04306065570563078
149723,0.026736439554952085
149726,0.10315111931413412
149727,0.0212725872406736
149730,0.014437908423133194
149733,0.12140423525124788
149734,0.2771701030433178
149736,0.0857689417898655
149750,0.010329268057830632
149752,0.21132965106517076
149767,0.03021146380342543
149791,0.06192255672067404
149793,0.021936299977824092
149810,0.016441870655398816
149850,0.029216114315204322
149857,0.06319994712248445
149858,0.009592151560354978
149860,0.10418695211410522
149882,0.010004118405049667
149889,0.013182812603190541
149890,0.1682405723258853
149918,0.018497316050343215
149919,0.04706815257668495
149927,0.011494192527607083
149928,0.019674111157655716
149940,0.16297300904989243
149944,0.044073674944229424
149947,0.05620939563959837
149951,0.10228797979652882
149956,0.04998059058561921
149958,0.10867009311914444
149969,0.030305768363177776
149988,0.09127186657860875
149996,0.0811465042643249
150007,0.03083454887382686
150018,0.04846843471750617
150025,0.022318402072414756
150054,0.05071857036091387
150064,0.13485535513609648
150070,0.056856481125578284
150074,0.03380810562521219
150078,0.023223737720400095
150084,0.02761956793256104
150106,0.028177222004160285
150111,0.29710184037685394
150115,0.007470088137779385
150117,0.14731197617948055
150120,0.15108733717352152
150127,0.0664423736743629
150128,0.05629474064335227
150130,0.052816631738096476
150132,0.0672076647169888
150135,0.027627567411400378
150145,0.029193145455792546
150148,0.03611223166808486
150153,0.07396060507744551
150154,0.020070735248737037
150173,0.012425213935784996
150174,0.15175066608935595
150176,0.08656900376081467
150177,0.047639371594414115
150178,0.08321067364886403
150179,0.1432516686618328
150187,0.016637296183034778
150207,0.013160597067326307
150223,0.09659476019442081
150224,0.014997223042882979
150229,0.013525000307708979
150233,0.08206355990841985
150245,0.013391488348133862
150252,0.01600630907341838
150257,0.05746227130293846
150258,0.05228526797145605
150267,0.02070111606735736
150268,0.07453893590718508
150272,0.15954277385026217
150282,0.03478634427301586
150289,0.17544683441519737
150299,0.006798734480980784
150307,0.05665462510660291
150310,0.009849877562373877
150311,0.06863625161349773
150312,0.01928615476936102
150313,0.03171573393046856
150324,0.12705156300216913
150335,0.016989342751912773
150343,0.032566257286816835
150354,0.006968010886339471
150363,0.027758507523685694
150365,0.06481017172336578
150377,0.0229116331320256
150381,0.0847529279999435
150382,0.010224144323728979
150414,0.04334085760638118
150418,0.06794858630746603
150431,0.014404265326447785
150449,0.027025473187677562
150450,0.17671438120305538
150473,0.010178892407566309
150475,0.021368547109887004
150476,0.08252225071191788
150478,0.15042764693498611
150488,0.07882520975545049
150499,0.13631761725991964
150501,0.16503106243908405
150503,0.06261198921129107
150518,0.049414192559197545
150529,0.05669883964583278
150531,0.017730912659317255
150532,0.09264461835846305
150535,0.10173740703612566
150543,0.11900995764881372
150545,0.1639807904139161
150548,0.0554262544028461
150552,0.041266531217843294
150558,0.10137222614139318
150574,0.11750306747853756
150576,0.22779732942581177
150577,0.022719479515217245
150594,0.09668890992179513
150601,0.01643372164107859
150604,0.04860483482480049
150618,0.01853921276051551
150626,0.0728216846473515
150627,0.11242867913097143
150635,0.2264147773385048
150648,0.03141145291738212
150649,0.18042963277548552
150650,0.03973703784868121
150651,0.052792781963944435
150652,0.021637882688082755
150657,0.193548284471035
150659,0.030226841801777482
150666,0.08769082510843873
150667,0.0864404016174376
150680,0.00680348151945509
150698,0.41460592672228813
150700,0.4180932231247425
150713,0.03410237329080701
150715,0.055870055919513106
150718,0.003448070630838629
150724,0.08932197093963623
150731,0.017298159655183554
150734,0.019629856455139816
150738,0.015288537659216672
150744,0.014900722017046064
150745,0.09066875278949738
150746,0.06474514305591583
150749,0.06041570007801056
150750,0.09449346922338009
150753,0.028646976919844747
150759,0.013268481998238713
150762,0.017817503190599382
150764,0.019782951450906694
150782,0.04807272646576166
150784,0.029706559609621763
150785,0.025096786324866116
150786,0.03301122994162142
150789,0.07012090040370822
150802,0.08786093490198255
150809,0.032210935140028596
150810,0.07222976023331285
150817,0.024125778581947088
150820,0.014716413337737322
150822,0.06539083085954189
150845,0.0223342461977154
150846,0.128812606446445
150854,0.07279181014746428
150858,0.43490833416581154
150866,0.03111915965564549
150869,0.008886969415470958
150874,0.03880683542229235
150887,0.00658864583238028
150889,0.018072466948069632
150892,0.23638230375945568
150896,0.016749156406149268
150901,0.22531604208052158
150914,0.2003928031772375
150918,0.02889517741277814
150919,0.03429762367159128
150929,0.10493860300630331
150935,0.03499785368330777
150941,0.019207516917958856
150949,0.013802139437757432
150950,0.07675468875095248
150951,0.013151914929039776
150952,0.012519263953436166
150980,0.13938213884830475
150981,0.015083706704899669
150986,0.06169251166284084
150987,0.07191722746938467
151004,0.06388780241832137
151005,0.05953570734709501
151010,0.02865296381060034
151012,0.0539013366214931
151016,0.030626166379079223
151021,0.13560100551694632
151022,0.011533905752003193
151023,0.19286609813570976
151024,0.21200420521199703
151035,0.11986641259863973
151036,0.021215090062469244
151039,0.03071825415827334
151041,0.05797518324106932
151043,0.11097952350974083
151052,0.21608629263937473
151058,0.17389614321291447
151065,0.09093389986082911
151066,0.055152312852442265
151067,0.1828630268573761
151069,0.05637879390269518
151070,0.02025673317257315
151080,0.05204090569168329
151090,0.06225940305739641
151092,0.4694894440472126
151100,0.032746790908277035
151108,0.06328554032370448
151113,0.027792353183031082
151119,0.055648574605584145
151131,0.020304484060034156
151145,0.01909752597566694
151147,0.16207736730575562
151148,0.016386216215323657
151149,0.04589456436224282
151153,0.026422177790664136
151158,0.016999283339828253
151167,0.03969893045723438
151169,0.023790259147062898
151185,0.023839477566070855
151186,0.09509988129138947
151187,0.10624417010694742
151203,0.04056177963502705
151206,0.005794847471406683
151213,0.16846355702728033
151237,0.06448517646640539
151254,0.015039690188132226
151255,0.041441726963967085
151264,0.08584454096853733
151266,0.03626069473102689
151267,0.057038855738937855
151270,0.02042975416406989
151286,0.015061101585160941
151288,0.08160759042948484
151289,0.08143322868272662
151290,0.04785976139828563
151303,0.04862134740687907
151304,0.0629925336688757
151308,0.02091400697827339
151315,0.010678129037842155
151324,0.010861022281460464
151329,0.00959163240622729
151335,0.02121871546842158
151343,0.01871017145458609
151347,0.1678617149591446
151348,0.08125017629936337
151357,0.07797546312212944
151366,0.039045652374625206
151372,0.04321026778779924
151374,0.0161225336487405
151394,0.022405333118513227
151395,0.09750953130424023
151403,0.022738158935680985
151410,0.033497312339022756
151412,0.07831022934988141
151419,0.03780567110516131
151443,0.01894210185855627
151464,0.015514515107497573
151466,0.12194348406046629
151467,0.016070463694632053
151476,0.07079736795276403
151480,0.022429506527259946
151481,0.21058855205774307
151486,0.07932074787095189
151487,0.06651010643690825
151490,0.0831098398193717
151498,0.041912633925676346
151500,0.02964158938266337
151504,0.016410261276178062
151516,0.008482579578412697
151519,0.05803478951565921
151528,0.1449023624882102
151529,0.05038635549135506
151539,0.28111379593610764
151540,0.02387777727562934
151556,0.24101745709776878
151558,0.01602642424404621
151559,0.021438367781229317
151581,0.01509985508164391
151586,0.08627348858863115
151589,0.08205615216866136
151603,0.12018366996198893
151604,0.008309774799272418
151610,0.0075723439222201705
151637,0.08620673045516014
151652,0.27423977106809616
151654,0.011625141371041536
151667,0.064286595210433
151668,0.0900670699775219
151669,0.014368475589435548
151678,0.012521487951744348
151697,0.09877136861905456
151706,0.031657390063628554
151729,0.03006261051632464
151730,0.04497828846797347
151737,0.03403501375578344
151744,0.04122711857780814
151756,0.08784539857879281
151785,0.03461628430522978
151800,0.04607680020853877
151801,0.007417011191137135
151821,0.033614021725952625
151822,0.10391992470249534
151834,0.13055647537112236
151845,0.07953155320137739
151846,0.02260820136871189
151847,0.11232323385775089
151848,0.08134436281397939
151859,0.08571970695629716
151872,0.07687724148854613
151875,0.11240911763161421
151883,0.01835066732019186
151888,0.031412942335009575
151895,0.016322008974384516
151896,0.017563486471772194
151900,0.057294285390526056
151913,0.007168913725763559
151920,0.03339522541500628
151928,0.08776398282498121
151933,0.02149116003420204
151934,0.017240852466784418
151948,0.10247732512652874
151951,0.011644827842246741
151963,0.02193098410498351
151964,0.00917194370413199
151965,0.005514677061000839
151966,0.05191049026325345
151974,0.020804618834517896
151975,0.22401280887424946
151978,0.03148174821399152
151982,0.03984506707638502
151993,0.025114368181675673
152002,0.014575465174857527
152005,0.07423340948298573
152017,0.0432332765776664
152020,0.09306927304714918
152039,0.06319307116791606
152047,0.10744351707398891
152064,0.07174892444163561
152071,0.07619616808369756
152076,0.04825530806556344
152088,0.013583469786681235
152091,0.021469976636581123
152093,0.03775804699398577
152100,0.022579128912184387
152107,0.034558184212073684
152115,0.009141668735537678
152119,0.0052247687126509845
152123,0.005957108151051216
152129,0.04691228014416993
152140,0.2943990472704172
152141,0.021248085657134652
152142,0.03937940811738372
152148,0.046806077705696225
152170,0.012702493695542216
152171,0.02111720247194171
152176,0.010888320714002475
152186,0.04754315968602896
152192,0.09256355371326208
152204,0.0930835111066699
152215,0.009250790608348325
152220,0.034228203585371375
152230,0.021760343573987484
152256,0.028660346404649317
152265,0.05033409711904824
152266,0.0967431478202343
152268,0.025278374552726746
152272,0.043253561947494745
152286,0.017776602471712977
152299,0.025147299631498754
152305,0.04836642439477146
152324,0.04065077239647508
152329,0.06639510579407215
152355,0.03527455311268568
152356,0.007368013757513836
152365,0.08759596105664968
152369,0.07904289430007339
152373,0.07738672336563468
152374,0.10591713292524219
152383,0.07649429747834802
152395,0.12209130637347698
152403,0.09405774250626564
152404,0.045801043044775724
152406,0.010061346925795078
152425,0.02009598328731954
152437,0.017689067753963172
152438,0.07091539725661278
152442,0.16160230059176683
152460,0.06424591736868024
152461,0.04145238595083356
152462,0.00961264461511746
152472,0.04483407340012491
152473,0.22520984522998333
152477,0.03453474212437868
152506,0.03268455853685737
152522,0.013929658744018525
152530,0.02112703293096274
152535,0.010505207494134083
152543,0.011550684575922787
152548,0.06644766312092543
152556,0.037123553454875946
152562,0.051673735957592726
152563,0.040224690455943346
152565,0.031146579538471997
152591,0.0147286974824965
152593,0.0543225381989032
152612,0.03165541496127844
152619,0.05630955216474831
152627,0.025345010217279196
152628,0.021987030864693224
152632,0.15031115151941776
152638,0.08194632921367884
152646,0.04669945570640266
152662,0.14661800768226385
152679,0.09429954830557108
152680,0.045177269261330366
152699,0.04638754320330918
152703,0.026569433975964785
152717,0.12752539198845625
152720,0.11978884227573872
152721,0.02083758160006255
152735,0.01983964943792671
152736,0.02136932808207348
152739,0.19463687762618065
152755,0.031123548047617078
152769,0.009930654603522271
152785,0.16438342910259962
152788,0.05831681424751878
152791,0.015778954955749214
152808,0.04821435990743339
152815,0.0194522236706689
152816,0.22399651631712914
152817,0.01476560311857611
152818,0.014516531606204808
152819,0.13819384202361107
152820,0.02391298720613122
152823,0.10797601472586393
152831,0.0409403673838824
152832,0.14851072896271944
152833,0.06033495208248496
152835,0.07067659730091691
152838,0.011985867226030678
152846,0.01601819123607129
152862,0.14426478277891874
152864,0.009023155260365456
152865,0.039728638250380754
152871,0.01084799092495814
152874,0.03009764989838004
152875,0.0031008582591312006
152876,0.22824399173259735
152877,0.40064190328121185
152881,0.1604672335088253
152892,0.010634071019012481
152908,0.13204649090766907
152909,0.05444788187742233
152915,0.01205491676228121
152916,0.11697815358638763
152923,0.016220043587964028
152932,0.009995029453421012
152934,0.0164528985042125
152936,0.01184423838276416
152948,0.008516845118720084
152951,0.07180237723514438
152956,0.05331647442653775
152963,0.02850168291479349
152964,0.5226382538676262
152978,0.11733618099242449
152980,0.10618197917938232
152986,0.10790566634386778
153001,0.11851616902276874
153002,0.0838566143065691
153007,0.03399428725242615
153009,0.01561118004610762
153017,0.032288293121382594
153018,0.21544049680233002
153022,0.24211558513343334
153027,0.17176158633083105
153032,0.03701076144352555
153033,0.045193133875727654
153034,0.029249274637550116
153037,0.0651544714346528
153051,0.28985424153506756
153052,0.048798675648868084
153057,0.010659364575985819
153067,0.1270847301930189
153084,0.03894230863079429
153088,0.09104093164205551
153089,0.027415171032771468
153093,0.009844485204666853
153094,0.0544857329223305
153095,0.13382179569453
153105,0.15682179480791092
153108,0.09981798473745584
153110,0.0589379258453846
153119,0.10621646838262677
153135,0.010505841230042279
153139,0.021620803978294134
153146,0.07488982006907463
153154,0.025333350407890975
153185,0.011179499560967088
153195,0.11569004412740469
153196,0.029157482786104083
153198,0.03891043015755713
153202,0.01550564996432513
153203,0.02372957579791546
153209,0.03303344827145338
153223,0.06786137539893389
153224,0.052738882368430495
153227,0.06302734604105353
153230,0.04434431763365865
153233,0.031349596567451954
153234,0.013074063346721232
153235,0.17570733837783337
153243,0.12077259225770831
153263,0.053392455680295825
153269,0.028211986762471497
153272,0.008299959590658545
153276,0.1561800939962268
153279,0.036888671573251486
153291,0.06660317908972502
153311,0.08292015315964818
153328,0.18569951131939888
153330,0.08976746862754226
153341,0.2747355680912733
153345,0.03593308990821242
153393,0.01730292697902769
153394,0.052514710230752826
153395,0.026196356280706823
153420,0.08269326947629452
153428,0.05658032395876944
153432,0.047141204588115215
153449,0.039002357982099056
153458,0.38537945970892906
153459,0.014197373762726784
153472,0.049717519199475646
153475,0.013260533101856709
153479,0.13245454244315624
153480,0.07342398958280683
153490,0.08440639125183225
153491,0.012263330165296793
153501,0.027342540444806218
153502,0.03225685586221516
153507,0.08257601084187627
153513,0.0733709349296987
153514,0.08668900420889258
153519,0.13051657658070326
153520,0.009883789753075689
153556,0.04596924711950123
153577,0.03955543227493763
153582,0.20523644983768463
153594,0.12371220346540213
153595,0.050007447600364685
153598,0.18115847185254097
153601,0.032444883370772004
153625,0.040361887658946216
153641,0.01131599146174267
153654,0.03633023763541132
153676,0.05828088941052556
153681,0.0035767545487033203
153704,0.0380372058134526
153706,0.045919251861050725
153710,0.13838190957903862
153720,0.11534683220088482
153734,0.07065768912434578
153738,0.034983541583642364
153743,0.03442575270310044
153748,0.0354770771227777
153756,0.08333667647093534
153757,0.009150304773356766
153759,0.017478149151429534
153764,0.194237201474607
153782,0.005703331611584872
153796,0.10869494639337063
153802,0.27495807595551014
153809,0.3837231695652008
153810,0.011243134358664975
153817,0.1910258885473013
153821,0.0221955762244761
153823,0.019381897407583892
153830,0.06563480477780104
153834,0.04511071485467255
153839,0.03834117902442813
153842,0.1350157530978322
153847,0.13894806616008282
153855,0.018312373431399465
153873,0.005655991059029475
153875,0.06670176004990935
153882,0.04555412940680981
153884,0.013338851334992796
153885,0.17476957105100155
153886,0.07800705637782812
153890,0.02559436159208417
153892,0.009997180197387934
153897,0.05895488616079092
153898,0.04175912938080728
153901,0.09302997775375843
153924,0.03926430968567729
153928,0.0827451441437006
153929,0.29292089864611626
153949,0.008737777126953006
153979,0.013319140183739364
153980,0.0074744297307915986
153981,0.05319400387816131
154010,0.14249570667743683
154015,0.040783615317195654
154039,0.0768411410972476
154043,0.003228929635952227
154044,0.05625145323574543
154046,0.038968135602772236
154047,0.013823040528222919
154058,0.022920237155631185
154060,0.05065763043239713
154065,0.21651783771812916
154083,0.024532651528716087
154100,0.09862052742391825
154108,0.03702221438288689
154120,0.1502999160438776
154121,0.039113338105380535
154122,0.09564228588715196
154128,0.07609083037823439
154137,0.04232940450310707
154143,0.14592370111495256
154151,0.1293605212122202
154158,0.0392662372905761
154176,0.022473882301710546
154184,0.07491269242018461
154191,0.10213839635252953
154215,0.1309987036511302
154216,0.08162662899121642
154220,0.024473880184814334
154222,0.26122537441551685
154227,0.04516574530862272
154241,0.009762745816260576
154243,0.03569077327847481
154244,0.046404201770201325
154254,0.022447634837590158
154264,0.033061983063817024
154265,0.103565679397434
154268,0.037723379442468286
154269,0.011924798018299043
154299,0.020335822249762714
154307,0.052856808761134744
154315,0.07316841930150986
154325,0.06641331035643816
154327,0.05059704929590225
154332,0.07880286173895001
154346,0.010464594524819404
154347,0.008316985302371904
154353,0.2999607231467962
154369,0.027122737024910748
154376,0.038185541750863194
154377,0.21016430482268333
154379,0.053809805074706674
154389,0.018214494921267033
154402,0.06425881292670965
154403,0.027841054019518197
154416,0.008969344315119088
154428,0.0743114803917706
154430,0.006920966785401106
154442,0.2838267907500267
154447,0.05140912905335426
154468,0.015519868582487106
154470,0.017479702830314636
154473,0.1445516049861908
154480,0.037625712575390935
154486,0.03168956085573882
154500,0.10339141730219126
154507,0.11799562256783247
154529,0.004112988244742155
154549,0.01093734143069014
154557,0.014443289663176984
154571,0.05315411416813731
154578,0.02803185291122645
154580,0.015396949602290988
154591,0.02795967471320182
154611,0.17191896308213472
154623,0.006660296057816595
154650,0.053160513285547495
154655,0.07791501842439175
154659,0.04532942408695817
154680,0.0905823134817183
154681,0.01873544289264828
154690,0.06726588495075703
154711,0.06984539935365319
154712,0.03432662901468575
154722,0.008443602768238634
154731,0.021058345097117126
154747,0.14848410617560148
154749,0.07623097905889153
154750,0.09592009242624044
154760,0.054173906333744526
154763,0.044578963657841086
154786,0.0788655518554151
154788,0.060393647756427526
154792,0.06730514531955123
154807,0.17150837555527687
154812,0.02236133348196745
154818,0.12349773570895195
154819,0.058389898389577866
154824,0.10710405558347702
154839,0.08987856516614556
154840,0.01795414910884574
154843,0.012693848402705044
154847,0.1751327570527792
154849,0.1457200227305293
154850,0.003894002380548045
154851,0.03982338146306574
154853,0.0324049717746675
154858,0.03232645080424845
154868,0.21702530793845654
154871,0.01292149059008807
154877,0.027190016815438867
154916,0.030187993892468512
154920,0.027866144315339625
154922,0.09498155396431684
154924,0.023042003391310573
154933,0.07643288327381015
154942,0.3059870097786188
154955,0.033487506792880595
154957,0.25345637649297714
154966,0.02792848169337958
154971,0.014741301711183041
154972,0.019514023733790964
154973,0.033315448090434074
154974,0.015144075674470514
154979,0.01186485803918913
154982,0.04833229444921017
154990,0.1564583033323288
154991,0.01679548027459532
154994,0.14365273993462324
154995,0.030398713424801826
155009,0.028027223073877394
155014,0.017096814583055675
155017,0.003916026631486602
155018,0.028742956346832216
155019,0.019736316753551364
155020,0.021487907390110195
155027,0.03084809216670692
155034,0.11302214581519365
155047,0.014141116407699883
155049,0.10377600276842713
155052,0.18181075993925333
155053,0.016267932835035026
155059,0.07293025078251958
155060,0.13186260219663382
155069,0.014341231260914356
155077,0.1692448602989316
155078,0.085645055398345
155086,0.019899789593182504
155088,0.052567076636478305
155094,0.015086166327819228
155099,0.014686891459859908
155100,0.03658166457898915
155116,0.07309856778010726
155117,0.16288996022194624
155119,0.030725361546501517
155120,0.010180917626712471
155133,0.15851791203022003
155135,0.267651092261076
155141,0.08692029071971774
155144,0.017285525449551642
155145,0.025011915946379304
155174,0.07105173682793975
155194,0.12530936766415834
155196,0.013218663050793111
155204,0.029399028746411204
155232,0.17458532843738794
155240,0.02884794888086617
155246,0.04382706549949944
155254,0.020110572106204927
155267,0.015442672010976821
155273,0.03946031047962606
155274,0.05420669028535485
155283,0.06275670556351542
155296,0.19693570770323277
155312,0.0311483982950449
155318,0.017252731136977673
155322,0.043961792485788465
155323,0.1061802189797163
155329,0.16045486461371183
155342,0.011838519247248769
155346,0.11679517850279808
155366,0.17580651957541704
155369,0.06124527798965573
155372,0.07619738252833486
155378,0.06463750265538692
155382,0.05764605198055506
155390,0.02582102594897151
155401,0.1066292580217123
155428,0.04212819109670818
155443,0.05368837621062994
155445,0.012998916674405336
155450,0.022926028701476753
155452,0.10122109856456518
155453,0.010895193670876324
155480,0.16865014750510454
155482,0.008833497762680054
155484,0.06940440880134702
155485,0.023483035154640675
155496,0.14684291556477547
155497,0.1570331985130906
155531,0.013232857454568148
155541,0.009128322766628116
155547,0.09001176804304123
155550,0.10675201751291752
155551,0.025007489835843444
155565,0.06333154207095504
155567,0.01744741084985435
155569,0.13603716157376766
155573,0.02335326815955341
155575,0.11750080343335867
155581,0.04199340892955661
155591,0.034378221491351724
155593,0.1362352967262268
155594,0.007753600511932746
155610,0.1680719880387187
155623,0.04626906802877784
155624,0.06431757798418403
155629,0.01562758639920503
155638,0.09292477183043957
155650,0.08117170352488756
155652,0.030259803868830204
155687,0.04153839615173638
155697,0.2155199982225895
155715,0.16449954267591238
155718,0.024753322126343846
155719,0.012572037987411022
155723,0.07074880041182041
155730,0.05572823155671358
155731,0.02015467209275812
155737,0.09208148904144764
155738,0.056469792034476995
155740,0.035247074789367616
155742,0.03686348325572908
155755,0.012994797783903778
155766,0.032884420827031136
155768,0.025576796499080956
155771,0.07870238041505218
155803,0.04503155662678182
155808,0.016229485743679106
155809,0.05180517700500786
155812,0.0360793094150722
155820,0.08612557966262102
155832,0.08860238268971443
155841,0.06904767220839858
155847,0.1707396935671568
155848,0.04767885687761009
155855,0.06272759102284908
155886,0.05394796933978796
155893,0.08394579868763685
155905,0.06707854149863124
155910,0.27419895865023136
155912,0.008644287358038127
155919,0.2309721875935793
155921,0.035176229546777904
155937,0.1035849042236805
155939,0.06013217754662037
155950,0.09295485494658351
155987,0.04191911476664245
155988,0.0333929022308439
156005,0.01990465063136071
156006,0.0050962473469553515
156010,0.10135745909065008
156018,0.04088606173172593
156021,0.19064046163111925
156026,0.04746650834567845
156030,0.02506547688972205
156033,0.007595886854687706
156038,0.05275188549421728
156041,0.07968047447502613
156049,0.016320474445819855
156050,0.008898842876078561
156068,0.049995604902505875
156069,0.31732453033328056
156087,0.006228787417057902
156088,0.12746117915958166
156095,0.03941495716571808
156104,0.15316876862198114
156107,0.012578001362271607
156108,0.09007791988551617
156111,0.09124691132456064
156119,0.014460533508099616
156123,0.04957703850232065
156140,0.24405037052929401
156149,0.016695326543413103
156161,0.014651617035269737
156180,0.19325018301606178
156186,0.08586893603205681
156189,0.14862043410539627
156194,0.020882730837911367
156200,0.013063115999102592
156213,0.3747249059379101
156214,0.0467944061383605
156228,0.01405344728846103
156234,0.009450045588891953
156236,0.07828735141083598
156243,0.04967832681722939
156256,0.020407543634064496
156268,0.07842984469607472
156269,0.005518973237485625
156270,0.05467535532079637
156274,0.09568429831415415
156290,0.020037519745528698
156291,0.009397282032296062
156292,0.05158386589027941
156298,0.02145790052600205
156301,0.07570907147601247
156302,0.17526860628277063
156309,0.055033913580700755
156355,0.017918458906933665
156365,0.010942830995190889
156367,0.364640224725008
156372,0.015215178369544446
156376,0.10630303807556629
156377,0.036694422364234924
156389,0.042373714968562126
156400,0.04193515935912728
156404,0.23170915246009827
156405,0.01925839635077864
156426,0.057660662569105625
156427,0.007690000697039068
156429,0.07418707618489861
156430,0.028063310543075204
156431,0.03862404124811292
156432,0.0937831667251885
156449,0.08005052618682384
156463,0.013917307776864618
156464,0.04693322046659887
156478,0.0073987482755910605
156492,0.18042768631130457
156508,0.10268783383071423
156509,0.03882017079740763
156517,0.07920332904905081
156526,0.09595569595694542
156527,0.01526536192977801
156538,0.27475170232355595
156542,0.01607858610805124
156543,0.03343148762360215
156555,0.010505285463295877
156556,0.11999961920082569
156561,0.05734431790187955
156563,0.0233917300356552
156564,0.05355181684717536
156567,0.007062288001179695
156570,0.02408596803434193
156581,0.03724383353255689
156594,0.049183734226971865
156597,0.020461500040255487
156600,0.07444474287331104
156601,0.023659646743908525
156627,0.041625179117545485
156629,0.1705975579097867
156642,0.010598014981951565
156644,0.021060653030872345
156663,0.010620910441502929
156674,0.01360117201693356
156688,0.00677620101487264
156696,0.12540221866220236
156707,0.0050926003023050725
156723,0.07311652135103941
156728,0.09421368828043342
156731,0.15576916001737118
156732,0.03959313780069351
156733,0.15012238640338182
156768,0.05342425289563835
156773,0.1019119038246572
156782,0.08686846261844039
156815,0.04791511408984661
156837,0.026302635087631643
156854,0.10588525887578726
156861,0.12806611321866512
156862,0.013859621656592935
156878,0.2475313637405634
156903,0.08695094427093863
156910,0.015599987178575248
156925,0.0879276767373085
156933,0.023416550480760634
156952,0.07480340963229537
156953,0.04947588639333844
156963,0.3583281207829714
156965,0.24484310299158096
156989,0.02611918922048062
156994,0.02081627957522869
156996,0.017105919308960438
157005,0.03896600310690701
157011,0.014221095945686102
157046,0.053680889774113894
157058,0.024228532100096345
157061,0.14195085689425468
157065,0.03749177046120167
157066,0.05343027785420418
157067,0.05881693912670016
157090,0.11004458460956812
157091,0.05269640660844743
157096,0.021488178172148764
157101,0.22879453655332327
157104,0.02797973621636629
157109,0.03245888534002006
157116,0.09625818487256765
157120,0.31104953587055206
157121,0.026823046151548624
157124,0.11628764774650335
157125,0.02272694045677781
157132,0.2581912688910961
157153,0.20417843107134104
157157,0.2697762046009302
157159,0.11753502674400806
157168,0.0660175890661776
157189,0.030552462907508016
157195,0.06974199507385492
157203,0.048622923670336604
157210,0.06684356275945902
157212,0.016320953844115138
157220,0.02176737366244197
157239,0.12138252705335617
157241,0.03453072626143694
157246,0.03608541307039559
157247,0.05660515604540706
157252,0.020293411682359874
157253,0.41909358464181423
157265,0.024240467697381973
157291,0.073852245695889
157292,0.013069948472548276
157301,0.0595454010181129
157306,0.19949999451637268
157312,0.5209594070911407
157314,0.05036477488465607
157332,0.016339518944732845
157333,0.05220920545980334
157337,0.09238653304055333
157345,0.02756802085787058
157347,0.07411216339096427
157363,0.0902830264531076
157376,0.018244720704387873
157382,0.027267344295978546
157397,0.0048948428011499345
157409,0.006649640417890623
157411,0.025252440595068038
157422,0.02245346165727824
157428,0.03420332749374211
157434,0.14583808463066816
157442,0.03277706983499229
157446,0.01425399153959006
157456,0.017638585180975497
157465,0.051018485333770514
157469,0.010727105312980711
157482,0.023004735936410725
157497,0.010878822824452072
157507,0.006140484154457226
157510,0.04730478092096746
157515,0.018767017987556756
157529,0.042721698293462396
157530,0.18797173164784908
157541,0.23113173060119152
157546,0.08073279540985823
157553,0.0315998891601339
157554,0.04017522046342492
157562,0.1345686949789524
157565,0.07039256813004613
157566,0.09565869718790054
157571,0.014188332424964756
157572,0.008899999113054946
157574,0.01322420424548909
157575,0.02879435569047928
157581,0.19459073711186647
157590,0.38473063334822655
157604,0.020577083341777325
157611,0.09523106599226594
157617,0.11044586822390556
157620,0.07022037589922547
157623,0.016684608533978462
157651,0.04237927030771971
157653,0.031917441403493285
157664,0.13483359571546316
157690,0.02784140082076192
157704,0.08906122762709856
157712,0.17298448458313942
157722,0.2669258862733841
157727,0.023796260356903076
157764,0.015088572748936713
157765,0.18248809967190027
157775,0.01774735510116443
157777,0.08940702211111784
157789,0.10534943267703056
157802,0.1694885790348053
157803,0.023409552755765617
157804,0.014241490804124624
157805,0.12641978915780783
157822,0.08271099161356688
157823,0.01770250767003745
157827,0.030893588438630104
157836,0.09226524271070957
157839,0.04032117687165737
157847,0.043616740265861154
157859,0.043674538377672434
157864,0.018182963714934886
157866,0.2507961727678776
157877,0.19176780059933662
157886,0.043206032598391175
157892,0.06829878548160195
157903,0.018142275628633797
157913,0.15701842680573463
157919,0.016097325016744435
157920,0.10041961167007685
157923,0.03981542238034308
157926,0.023459060699678957
157927,0.11492840154096484
157948,0.02407290495466441
157949,0.022027129190973938
157952,0.018296870635822415
157955,0.25345498509705067
157958,0.0801557800732553
157960,0.025299061555415392
157966,0.09071129793301225
157970,0.02645214193034917
157979,0.05212415102869272
157980,0.056658314540982246
157985,0.009626252634916455
157997,0.1412602188065648
157998,0.10204049712046981
158002,0.059377674013376236
158004,0.06860824534669518
158005,0.06622929079458117
158007,0.028934970498085022
158008,0.010460951714776456
158015,0.03756871377117932
158033,0.10832499898970127
158036,0.03464166889898479
158041,0.058843002654612064
158044,0.03023164882324636
158049,0.1380385160446167
158061,0.04262633738107979
158078,0.05263954238034785
158099,0.009591339039616287
158100,0.029719367856159806
158102,0.08958634501323104
158107,0.05479331919923425
158114,0.036297840531915426
158127,0.08395187463611364
158128,0.07217422313988209
158142,0.024566347245126963
158145,0.16347888950258493
158146,0.0913246595300734
158167,0.0080834865802899
158176,0.0743394703604281
158184,0.017765536322258413
158197,0.022350975312292576
158201,0.06831848481670022
158202,0.08852879982441664
158205,0.04157453076913953
158208,0.18218566104769707
158211,0.06549961678683758
158215,0.05744224623776972
158218,0.05958911823108792
158221,0.4176342710852623
158223,0.06784878810867667
158230,0.010287500219419599
158234,0.016450105467811227
158235,0.0198978662956506
158245,0.07576247816905379
158254,0.10214822925627232
158267,0.07293653208762407
158277,0.03443770529702306
158283,0.08105330634862185
158289,0.15820461232215166
158290,0.050990272080525756
158298,0.027511085849255323
158307,0.019224012969061732
158332,0.09448486426845193
158336,0.01973257539793849
158342,0.043659502640366554
158344,0.03513860632665455
158347,0.09826901089400053
158352,0.010707045556046069
158354,0.10515526682138443
158355,0.022418774431571364
158357,0.027211899287067354
158365,0.03292923583649099
158366,0.004924333552480675
158367,0.05765393143519759
158368,0.3317430503666401
158384,0.08945292420685291
158388,0.0067280554212629795
158395,0.12319053616374731
158413,0.05184042360633612
158425,0.04713163897395134
158426,0.07978644268587232
158432,0.008502656011842191
158444,0.09069464867934585
158453,0.02200963528594002
158454,0.08407698990777135
158459,0.012007559067569673
158462,0.029681490501388907
158468,0.07521068723872304
158469,0.058076397283002734
158470,0.02671763114631176
158483,0.1013926318846643
158485,0.0357289700768888
158490,0.10359836462885141
158494,0.028200811590068042
158500,0.036558861611410975
158503,0.036932232324033976
158504,0.020736840669997036
158519,0.09702790062874556
158523,0.03268700884655118
158527,0.02454973920248449
158533,0.024065783014521003
158535,0.008557912253309041
158539,0.017318936297670007
158544,0.17292523384094238
158547,0.02330923406407237
158551,0.08677119482308626
158552,0.005315115136909299
158560,0.02246998972259462
158616,0.23150462470948696
158638,0.02663244481664151
158642,0.03088965406641364
158651,0.013081543089356273
158653,0.030489222379401326
158677,0.021095025003887713
158683,0.03431336930952966
158687,0.030092451139353216
158693,0.02536294236779213
158700,0.025930707342922688
158703,0.025681203114800155
158705,0.21338343806564808
158706,0.037995606078766286
158708,0.021071665338240564
158712,0.0402387713547796
158714,0.14778379164636135
158715,0.022868003346957266
158752,0.03182607179041952
158753,0.02223860821686685
158763,0.009029721259139478
158764,0.03332490217871964
158767,0.0876213195733726
158770,0.019476092187687755
158781,0.020793291623704135
158789,0.11075919959694147
158790,0.012753981282003224
158791,0.37467274628579617
158795,0.14892488345503807
158796,0.02730733435600996
158800,0.026239285711199045
158806,0.05051585705950856
158807,0.4337104558944702
158815,0.13783869426697493
158824,0.048386162612587214
158828,0.1301460275426507
158831,0.1918619815260172
158840,0.030730843544006348
158841,0.015112251450773329
158847,0.08392951497808099
158856,0.10891556646674871
158858,0.07345711626112461
158884,0.04914944991469383
158885,0.008614692487753928
158891,0.10063542844727635
158898,0.05396132590249181
158911,0.02590443834196776
158913,0.006798928487114608
158918,0.017800568602979183
158926,0.043155464343726635
158929,0.08573114080354571
158939,0.06569554377347231
158940,0.05408496386371553
158952,0.054109108401462436
158963,0.013752008322626352
158973,0.043896757531911135
158977,0.24385130032896996
158988,0.06389348208904266
159013,0.12734140641987324
159016,0.06827778508886695
159018,0.008804430020973086
159024,0.14358939416706562
159034,0.0640265429392457
159035,0.10314706061035395
159039,0.06498093344271183
159049,0.06281901197507977
159056,0.06020970968529582
159068,0.023164541693404317
159078,0.12745859567075968
159099,0.04001967702060938
159103,0.09392850333824754
159106,0.12365677859634161
159113,0.01711343345232308
159117,0.03041547955945134
159124,0.2242592740803957
159132,0.07246577693149447
159139,0.034114124020561576
159142,0.029909165808930993
159145,0.0764708542264998
159147,0.03865902475081384
159174,0.02046074776444584
159201,0.05982542084529996
159203,0.024639037321321666
159212,0.23755471222102642
159214,0.055426562670618296
159221,0.047125053126364946
159240,0.03870996367186308
159241,0.04562687501311302
159242,0.021859550732187927
159244,0.07839956041425467
159250,0.07420286536216736
159275,0.08721826551482081
159284,0.06235285848379135
159293,0.07550973165780306
159295,0.030558247584849596
159301,0.01748848712304607
159310,0.03887914924416691
159314,0.04585472121834755
159318,0.01273705973289907
159333,0.08409712696447968
159334,0.03451633849181235
159335,0.0542279458604753
159337,0.1612706407904625
159338,0.14549884013831615
159340,0.1416650414466858
159361,0.021380541496910155
159384,0.1324406135827303
159402,0.05903750332072377
159421,0.008392902906052768
159424,0.040173267014324665
159425,0.00904366999748163
159426,0.04407775797881186
159439,0.14830526057630777
159445,0.027120022103190422
159449,0.011094091169070452
159460,0.24155954644083977
159475,0.06093603605404496
159481,0.03375887917354703
159483,0.0662262006662786
159494,0.0365766694303602
159504,0.011145185155328363
159512,0.15901108738034964
159522,0.18418679106980562
159524,0.032841172302141786
159526,0.02439435850828886
159528,0.03239186923019588
159547,0.1816202411428094
159555,0.006841602371423505
159562,0.0356559248175472
159563,0.01528125477489084
159565,0.11993247270584106
159569,0.05883977049961686
159578,0.023719183634966612
159579,0.09747656527906656
159581,0.008343896712176502
159594,0.03974722791463137
159598,0.009806822868995368
159604,0.026940492680296302
159605,0.017216156935319304
159620,0.09076249273493886
159631,0.03942135605029762
159633,0.011684071796480566
159659,0.022023558150976896
159661,0.14198648929595947
159667,0.017760900198481977
159669,0.02406028565019369
159682,0.062235376331955194
159683,0.025942280888557434
159693,0.03282117145135999
159698,0.017346548731438816
159702,0.1503907237201929
159703,0.025359071791172028
159707,0.018916196073405445
159716,0.03728707251138985
159732,0.020389921497553587
159734,0.038420262979343534
159740,0.028203966794535518
159748,0.1470033247023821
159751,0.08983634458854795
159756,0.06064774375408888
159758,0.20298116840422153
159767,0.04146997956559062
159769,0.19451581686735153
159775,0.061123018618673086
159802,0.033700061263516545
159804,0.04116283357143402
159817,0.05721496231853962
159818,0.007218604732770473
159824,0.0199002877343446
159837,0.007354149769525975
159840,0.03417554497718811
159842,0.19557881355285645
159851,0.00784960962482728
159865,0.25570847652852535
159866,0.07798297749832273
159872,0.04506219434551895
159874,0.03789412812329829
159879,0.022346364567056298
159883,0.03247341746464372
159884,0.037385540548712015
159898,0.15537845622748137
159903,0.0631429273635149
159906,0.15430597122758627
159914,0.10042320191860199
159915,0.15928016416728497
159917,0.015575079654809088
159929,0.1266686860471964
159949,0.14076251443475485
159951,0.05337168136611581
159953,0.05913363746367395
159957,0.11830605007708073
159968,0.06269789300858974
159972,0.04192145634442568
159973,0.10098345018923283
159993,0.07745675323531032
160008,0.2012481288984418
160011,0.060720345471054316
160013,0.035294231958687305
160015,0.030304167070426047
160017,0.01374471775488928
160023,0.07401123456656933
160028,0.11948400549590588
160035,0.029585519921965897
160074,0.1533093200996518
160076,0.09363539703190327
160077,0.13063758425414562
160080,0.06814137706533074
160084,0.08564910758286715
160089,0.32950226217508316
160094,0.009899560769554228
160101,0.03225318621844053
160103,0.010236865666229278
160111,0.07416848838329315
160114,0.027783040539361537
160116,0.02087628247682005
160119,0.1375581230968237
160123,0.0241788491839543
160141,0.03621079074218869
160147,0.0249660526169464
160151,0.028957198723219335
160172,0.42672623693943024
160173,0.009993745159590617
160177,0.051067856373265386
160178,0.04858772689476609
160180,0.023564178147353232
160181,0.021243443596176803
160188,0.02577910863328725
160189,0.008204691024729982
160193,0.015221475157886744
160205,0.018627594923600554
160214,0.08398852543905377
160215,0.05429308954626322
160217,0.031582584604620934
160262,0.014842243632301688
160263,0.03255762695334852
160273,0.07231379393488169
160282,0.21236231736838818
160295,0.16043289192020893
160297,0.052136058919131756
160303,0.015735838387627155
160305,0.07050566002726555
160309,0.013170497200917453
160324,0.04902283614501357
160338,0.11848997604101896
160366,0.07041699020192027
160375,0.03175426390953362
160381,0.01569092378485948
160398,0.03385959262959659
160400,0.036708504892885685
160406,0.0881622233428061
160410,0.016386060160584748
160411,0.011965891753789037
160418,0.04025125433690846
160440,0.015015821787528694
160441,0.04234160343185067
160450,0.2180020548403263
160465,0.04097640770487487
160470,0.05964156659319997
160471,0.0698234373703599
160472,0.2328062802553177
160479,0.08582785027101636
160490,0.02674937597475946
160500,0.2141555119305849
160503,0.03250374726485461
160504,0.07054377719759941
160515,0.06525634275749326
160541,0.10916642984375358
160545,0.05676848394796252
160562,0.05647464748471975
160589,0.04632842633873224
160594,0.0333168376237154
160595,0.02087321737781167
160598,0.059197846334427595
160601,0.017717036011163145
160605,0.206138851121068
160606,0.009501793363597244
160607,0.03153272857889533
160608,0.087339261546731
160610,0.04824271099641919
160614,0.0841231937520206
160615,0.006122993916505948
160626,0.023960895952768624
160634,0.015620475984178483
160656,0.017828715965151787
160660,0.024456960149109364
160666,0.057175691705197096
160672,0.02119993371888995
160673,0.028840840561315417
160674,0.021395736723206937
160681,0.02970680221915245
160683,0.1004643477499485
160694,0.016333525883965194
160710,0.10668226424604654
160715,0.12082955241203308
160719,0.07340312097221613
160732,0.05021824990399182
160734,0.005682016286300495
160737,0.22626440413296223
160742,0.05310950567945838
160747,0.009672974876593798
160749,0.12913111969828606
160753,0.0501490100286901
160756,0.08451649406924844
160757,0.11769870296120644
160763,0.015523303765803576
160782,0.013808381161652505
160789,0.02921464294195175
160804,0.039101357106119394
160805,0.08480354771018028
160813,0.05654181959107518
160815,0.007552640337962657
160819,0.010985873057506979
160820,0.10599098680540919
160822,0.04716493166051805
160823,0.2184291034936905
160837,0.075395452324301
160841,0.009950049046892673
160847,0.15186548512429
160861,0.04512210306711495
160886,0.034369173692539334
160891,0.07045605266466737
160897,0.042020505759865046
160914,0.15486036147922277
160915,0.13137652073055506
160929,0.07478003855794668
160930,0.005962987779639661
160931,0.016210984555073082
160935,0.04869354888796806
160939,0.05293812323361635
160953,0.014063515583984554
160954,0.04607256595045328
160962,0.03557572653517127
160966,0.007727266609435901
160982,0.03677433612756431
160983,0.03851426835171878
160991,0.011260279337875545
160998,0.02536768582649529
161009,0.04487089323811233
161014,0.02572269761003554
161017,0.0952652683481574
161021,0.048490310087800026
161023,0.031158090569078922
161027,0.018579181167297065
161028,0.06376703828573227
161030,0.16642139200121164
161031,0.01102960214484483
161033,0.06810222240164876
161050,0.08463405631482601
161053,0.0431909030303359
161054,0.036993247689679265
161055,0.015164285607170314
161059,0.027745138620957732
161061,0.10075622983276844
161065,0.06901519419625401
161069,0.05103048076853156
161072,0.028974004089832306
161073,0.025179962976835668
161080,0.14285334665328264
161083,0.037843734258785844
161104,0.04760276642628014
161111,0.10787200462073088
161139,0.1004548966884613
161149,0.018770378432236612
161158,0.134906105697155
161171,0.06392316287383437
161175,0.04635654482990503
161201,0.089030004106462
161202,0.10735267400741577
161205,0.07002729829400778
161228,0.00628917312133126
161233,0.029294313513673842
161234,0.06950996164232492
161237,0.04909271909855306
161238,0.04848433402366936
161250,0.11846640706062317
161251,0.03357935277745128
161253,0.017536469153128564
161254,0.027411526534706354
161283,0.02176517923362553
161291,0.04050461994484067
161297,0.026577764423564076
161300,0.04840690060518682
161314,0.09419040428474545
161315,0.033985624788329005
161336,0.02533968072384596
161341,0.10673275124281645
161343,0.04891172889620066
161351,0.07437059842050076
161352,0.051419024588540196
161353,0.06733683054335415
161361,0.13434732798486948
161366,0.06302853813394904
161368,0.25018840469419956
161378,0.04066057433374226
161379,0.2615817692130804
161380,0.03846879117190838
161398,0.10282503347843885
161408,0.0072233448445331305
161432,0.020846636383794248
161439,0.1969221904873848
161461,0.057845160365104675
161467,0.1019555414095521
161468,0.08380402764305472
161471,0.047206544782966375
161477,0.1181703545153141
161503,0.014715268393047154
161514,0.009064069192390889
161524,0.22619351372122765
161527,0.03433169052004814
161528,0.018717736820690334
161531,0.10713368561118841
161536,0.02192927384749055
161537,0.03953475854359567
161548,0.05070145661011338
161558,0.032894820207729936
161572,0.009664140467066318
161586,0.006306281604338437
161605,0.06855576299130917
161606,0.04500828473828733
161607,0.08602731628343463
161618,0.09020351804792881
161640,0.03513773297891021
161658,0.058848054613918066
161660,0.022734506288543344
161661,0.0982581079006195
161662,0.16749131679534912
161677,0.08727810764685273
161681,0.08282755967229605
161682,0.020979491877369583
161683,0.056893814355134964
161685,0.020026360522024333
161686,0.021300080814398825
161687,0.0216854945756495
161691,0.017865940229967237
161701,0.14288296177983284
161707,0.042310672579333186
161709,0.011034634662792087
161710,0.01164570008404553
161711,0.054572891211137176
161714,0.09276204090565443
161742,0.049382256576791406
161751,0.013879698817618191
161764,0.06022474030032754
161771,0.10833586286753416
161781,0.07299319747835398
161782,0.026435279985889792
161800,0.012369681731797755
161810,0.11026883311569691
161812,0.07139224233105779
161813,0.011525847454322502
161816,0.017242870992049575
161838,0.2531515061855316
161841,0.038914602249860764
161845,0.03813828527927399
161871,0.049299642676487565
161877,0.09111145604401827
161882,0.06971738114953041
161885,0.039351155050098896
161886,0.022400450194254518
161895,0.029815634014084935
161897,0.14412486366927624
161914,0.055851176381111145
161921,0.05460436316207051
161922,0.05062598083168268
161927,0.2187241744250059
161946,0.003998154745204374
161952,0.04741090605966747
161954,0.15927577205002308
161955,0.049930341774597764
161961,0.13687607925385237
161977,0.1479928893968463
161980,0.06243965378962457
161989,0.09807602036744356
161993,0.21295148693025112
162002,0.024955084430985153
162011,0.022124958224594593
162012,0.006475731323007494
162015,0.0420368576887995
162016,0.020161550026386976
162019,0.03346216236241162
162021,0.07048033270984888
162022,0.172453417442739
162023,0.08778579393401742
162025,0.03838527062907815
162028,0.008432840870227665
162029,0.01873195660300553
162030,0.008471456792904064
162031,0.19643248058855534
162033,0.13763229083269835
162037,0.025963009567931294
162044,0.10306114424020052
162071,0.05168717564083636
162093,0.07331712916493416
162094,0.02527424064464867
162100,0.004903895940515213
162102,0.08746090158820152
162105,0.02740653301589191
162109,0.12490834947675467
162116,0.044506334234029055
162117,0.03196626121643931
162118,0.14152448810636997
162120,0.09594321483746171
162125,0.03794517135247588
162128,0.17629460245370865
162131,0.20688598044216633
162133,0.08011191664263606
162135,0.06299243960529566
162156,0.011125318123959005
162157,0.014534159505274147
162165,0.07512578228488564
162166,0.020847103907726705
162170,0.05708712758496404
162201,0.03636828577145934
162202,0.03125819144770503
162206,0.011432184546720237
162211,0.041080644354224205
162227,0.05276611424051225
162232,0.025256628287024796
162235,0.04380301758646965
162237,0.23935918882489204
162248,0.023240611422806978
162261,0.11269941460341215
162262,0.02315354347229004
162280,0.03855079342611134
162282,0.03742946218699217
162284,0.0324613640550524
162287,0.18028335087001324
162305,0.03971356502734125
162308,0.027092670323327184
162309,0.01874407404102385
162312,0.008661835978273302
162313,0.009926832804922014
162316,0.034385948441922665
162324,0.030758413253352046
162325,0.10409503662958741
162333,0.015043024788610637
162334,0.09451963752508163
162337,0.05378081975504756
162340,0.055237893015146255
162344,0.12333654705435038
162347,0.04933388764038682
162350,0.031647152500227094
162351,0.1470951996743679
162365,0.10626798495650291
162368,0.025856529478915036
162379,0.14088823087513447
162383,0.01981071208138019
162392,0.04548797942698002
162393,0.045785145834088326
162397,0.054188078036531806
162398,0.13438584189862013
162406,0.1820523664355278
162410,0.07746735354885459
162418,0.00945844582747668
162420,0.09948058053851128
162424,0.14434395171701908
162425,0.01419689878821373
162438,0.041116777807474136
162442,0.011359705065842718
162462,0.0329605215229094
162476,0.01466384471859783
162477,0.011979103845078498
162480,0.023134843562729657
162491,0.049160433700308204
162493,0.024529357440769672
162503,0.02733027469366789
162504,0.02207169367466122
162513,0.04211774398572743
162516,0.38880710303783417
162517,0.020723737310618162
162522,0.12796455342322588
162523,0.07144946930930018
162542,0.07838323432952166
162584,0.19487611949443817
162586,0.03812717995606363
162589,0.03744037658907473
162594,0.06002378975972533
162616,0.010483519872650504
162630,0.06344848684966564
162637,0.022947308141738176
162652,0.018805717583745718
162659,0.19543313421308994
162668,0.007163690548622981
162674,0.01795244833920151
162680,0.08860814431682229
162685,0.19963373057544231
162689,0.17498536594212055
162711,0.052924747578799725
162714,0.01206828246358782
162732,0.023958363686688244
162741,0.029691084753721952
162758,0.14588553737848997
162759,0.0367057032417506
162775,0.03122727177105844
162776,0.047511663753539324
162777,0.025697681005112827
162782,0.037933537969365716
162786,0.027207926148548722
162794,0.043702459428459406
162799,0.015164695971179754
162801,0.08265843754634261
162802,0.1262092888355255
162807,0.02150728355627507
162820,0.03913565934635699
162827,0.012239804025739431
162833,0.02393878437578678
162837,0.01699016976635903
162844,0.03156700206454843
162860,0.018163662287406623
162862,0.03397161606699228
162864,0.10297663416713476
162868,0.1389145739376545
162880,0.031557772774249315
162895,0.21841130778193474
162898,0.04314698022790253
162918,0.07986784121021628
162924,0.07301938394084573
162931,0.11272875498980284
162936,0.052044796757400036
162978,0.049947070656344295
162979,0.01844001596327871
162988,0.036032516742125154
162989,0.09618230629712343
163013,0.09897938463836908
163014,0.02928085788153112
163021,0.04968492151238024
163024,0.0065610543242655694
163027,0.004279240805772133
163030,0.013721182476729155
163031,0.015084340469911695
163032,0.029642756329849362
163039,0.1263803942129016
163042,0.024606832303106785
163048,0.024819168844260275
163049,0.023935595992952585
163068,0.05058365105651319
163071,0.020696195540949702
163074,0.11280605290085077
163079,0.03667808719910681
163080,0.008783804718405008
163085,0.05303688859567046
163093,0.057533764746040106
163094,0.1098822196945548
163109,0.03675706754438579
163116,0.033362860791385174
163117,0.027834589825943112
163118,0.07985994266346097
163119,0.22164317965507507
163121,0.022199939470738173
163131,0.037036692490801215
163132,0.05312276445329189
163133,0.2089125756174326
163182,0.09465821320191026
163187,0.03758269525133073
163188,0.3132583927363157
163195,0.012521163502242416
163197,0.01322464260738343
163200,0.0026355788795626722
163206,0.31303394958376884
163207,0.05464625544846058
163214,0.1497044237330556
163222,0.012962100183358416
163224,0.025920354761183262
163226,0.15700164530426264
163235,0.07500293990597129
163240,0.026802262058481574
163258,0.11638978123664856
163263,0.04814973892644048
163264,0.19843292981386185
163265,0.06242070812731981
163266,0.04979913588613272
163268,0.08037264179438353
163272,0.02493139950092882
163273,0.5573990270495415
163278,0.1663035685196519
163288,0.0034256766957696527
163299,0.1017228914424777
163302,0.07577837817370892
163307,0.02469506615307182
163321,0.08498733071610332
163349,0.06389261223375797
163352,0.1455470798537135
163353,0.04838442523032427
163357,0.23251043632626534
163362,0.02040996984578669
163375,0.03581219422630966
163385,0.01432856044266373
163386,0.15995752811431885
163390,0.15421261824667454
163408,0.12187751848250628
163423,0.026594189112074673
163426,0.364571301266551
163437,0.12022770196199417
163452,0.04622292355634272
163472,0.07653317647054791
163473,0.01638532557990402
163479,0.014511428191326559
163480,0.027042203349992633
163487,0.03422491764649749
163492,0.18191723804920912
163493,0.04625434009358287
163523,0.14908313006162643
163524,0.0378393221180886
163527,0.07723019039258361
163528,0.07982257893308997
163531,0.007591186265926808
163538,0.09776043659076095
163556,0.021278187865391374
163563,0.25553104281425476
163566,0.09544749278575182
163570,0.016859192168340087
163571,0.03811909514479339
163574,0.04917829995974898
163578,0.01944046199787408
163580,0.03458185167983174
163597,0.057095933705568314
163601,0.02827240084297955
163604,0.1047153496183455
163609,0.02666598150972277
163618,0.04503812245093286
163634,0.1305916616693139
163647,0.06406218698248267
163660,0.20531408488750458
163661,0.03368257568217814
163666,0.039116287836804986
163667,0.1335900854319334
163669,0.06481293449178338
163676,0.029132953146472573
163681,0.016299198381602764
163682,0.04220884223468602
163684,0.037258601980283856
163714,0.03841222869232297
163724,0.03149209311231971
163728,0.2704894747585058
163729,0.013189195131417364
163738,0.011421273229643703
163742,0.06777017470449209
163743,0.207126896828413
163748,0.1048201834782958
163759,0.05279172724112868
163782,0.012347122887149453
163793,0.027949033537879586
163800,0.025086725363507867
163801,0.03092345572076738
163802,0.02731585968285799
163814,0.06309540430083871
163820,0.020389665267430246
163821,0.023715087794698775
163848,0.012926133116707206
163852,0.05982810026034713
163854,0.02739088365342468
163855,0.21897870115935802
163882,0.027671892545185983
163895,0.025292301317676902
163900,0.22231786511838436
163907,0.09760202979668975
163915,0.0197604619897902
163926,0.08154214592650533
163929,0.03558556200005114
163934,0.18027488887310028
163940,0.060849815141409636
163943,0.05240526259876788
163944,0.02767572784796357
163949,0.006613518489757553
163951,0.028734620194882154
163952,0.060255385003983974
163965,0.241910083219409
163970,0.01456733443774283
163980,0.07220447529107332
163981,0.027450283989310265
163988,0.20497715286910534
163989,0.07570000272244215
163991,0.010120232531335205
164015,0.03721544425934553
164028,0.027051588986068964
164030,0.04273784044198692
164031,0.062044816091656685
164037,0.0174577496945858
164049,0.09879811154678464
164052,0.04208045941777527
164059,0.01985933363903314
164083,0.0920339492149651
164095,0.02837159181945026
164106,0.24071240052580833
164116,0.06132724811322987
164117,0.21567978337407112
164119,0.03137394646182656
164133,0.19280955847352743
164134,0.05260819988325238
164142,0.04371584905311465
164143,0.010146771732252091
164147,0.024774031015112996
164148,0.03967042244039476
164150,0.19403911754488945
164152,0.05136763700284064
164156,0.06795989139936864
164157,0.04647655808366835
164158,0.021251642727293074
164166,0.12102693319320679
164191,0.010480442841071635
164194,0.04816940566524863
164198,0.009499827807303518
164201,0.018668862991034985
164202,0.05443001678213477
164207,0.6661323867738247
164228,0.02538095449563116
164240,0.044379059225320816
164241,0.029356718761846423
164244,0.012243071745615453
164256,0.12273258902132511
164262,0.04059876408427954
164269,0.018491072696633637
164276,0.013433848798740655
164281,0.15908321645110846
164290,0.022003451827913523
164300,0.14263079781085253
164305,0.2772969901561737
164307,0.06169994850642979
164308,0.018698632949963212
164309,0.010185244551394135
164314,0.05440277443267405
164319,0.041292267851531506
164331,0.01808211556635797
164332,0.026404867181554437
164343,0.059006705647334456
164349,0.04732936900109053
164363,0.015465830103494227
164373,0.16556178126484156
164410,0.16112696286290884
164417,0.031231760745868087
164436,0.03379560448229313
164438,0.022373937303200364
164441,0.06978982873260975
164445,0.03826721874065697
164451,0.03370555932633579
164452,0.011868124478496611
164502,0.13093184027820826
164513,0.07989214593544602
164526,0.23774106428027153
164527,0.016984119429253042
164528,0.22209747694432735
164530,0.014387737843208015
164537,0.10990578308701515
164542,0.06112530082464218
164546,0.03699500090442598
164555,0.2354948539286852
164556,0.00928152515552938
164568,0.1333584589883685
164571,0.12487289123237133
164572,0.19766160752624273
164574,0.05780737032182515
164580,0.028975237626582384
164597,0.010681107582058758
164601,0.010779710370115936
164619,0.0844285199418664
164633,0.02309496293310076
164642,0.011039611068554223
164652,0.08227191912010312
164676,0.03783090552315116
164682,0.0589281702414155
164685,0.06387326819822192
164691,0.1438381550833583
164696,0.03335338761098683
164708,0.06451809220016003
164711,0.05410397797822952
164712,0.07169940555468202
164717,0.06844170717522502
164721,0.04744967771694064
164740,0.011974767898209393
164746,0.008745555125642568
164755,0.04574255831539631
164761,0.06048915721476078
164764,0.018454638542607427
164766,0.3166836593300104
164776,0.3798423074185848
164777,0.03278443147428334
164783,0.040591499069705606
164786,0.008159180695656687
164799,0.14229625556617975
164808,0.07097116764634848
164812,0.05157040315680206
164815,0.11973894201219082
164816,0.02479103533551097
164817,0.10377575363963842
164818,0.1706327898427844
164819,0.22871727123856544
164821,0.05616051470860839
164822,0.03294092649593949
164825,0.013054140144959092
164834,0.04947983752936125
164841,0.009301384561695158
164842,0.12063485011458397
164853,0.032761483220383525
164855,0.03664759476669133
164856,0.016266227117739618
164878,0.024211697396822274
164883,0.03173690498806536
164887,0.02209260524250567
164888,0.03927623084746301
164889,0.03697312041185796
164891,0.23462507873773575
164892,0.008467422740068287
164922,0.03916885005310178
164924,0.11038372991606593
164933,0.16829407028853893
164938,0.019976582727394998
164939,0.18146879319101572
164949,0.03435895382426679
164950,0.015253060730174184
164957,0.15447576437145472
164961,0.11796512873843312
164963,0.025928201153874397
164972,0.05143658467568457
164980,0.005848990957019851
164981,0.03345819259993732
165020,0.039039104245603085
165027,0.06468664715066552
165046,0.0866770870052278
165048,0.13035319838672876
165049,0.047289435751736164
165058,0.043324537109583616
165065,0.028159780660644174
165081,0.029495777562260628
165082,0.11397235980257392
165090,0.016361718182452023
165107,0.03988135186955333
165131,0.05221361946314573
165133,0.05102138640359044
165137,0.00890533791971393
165140,0.08515439182519913
165142,0.038093396462500095
165143,0.061360753141343594
165152,0.12529773358255625
165154,0.045259824488312006
165158,0.07802159851416945
165166,0.02905630529858172
165168,0.07968642981722951
165171,0.010270279308315367
165175,0.10173563240095973
165182,0.013028106826823205
165188,0.12182153761386871
165190,0.016893785796128213
165199,0.016746856970712543
165202,0.14059892855584621
165203,0.060400042217224836
165204,0.17325640469789505
165208,0.014869149134028703
165221,0.07301728846505284
165243,0.01143455773126334
165283,0.1505158506333828
165300,0.034550343407317996
165302,0.06772525189444423
165304,0.04302013712003827
165313,0.036911562317982316
165336,0.22514899633824825
165339,0.10124865267425776
165363,0.15103986579924822
165376,0.08393938513472676
165380,0.3294412847608328
165385,0.0066003959509544075
165386,0.08192058559507132
165410,0.009840405138675123
165422,0.007304182683583349
165426,0.07119652512483299
165428,0.12266412656754255
165445,0.1436313632875681
165452,0.12288511963561177
165454,0.024930765037424862
165455,0.027258098823949695
165462,0.07127377996221185
165465,0.06100312969647348
165466,0.15072347037494183
165467,0.20020268484950066
165476,0.017474554129876196
165477,0.06253575580194592
165478,0.4860749915242195
165497,0.07196862855926156
165500,0.05292915995232761
165511,0.037497842917218804
165513,0.08221992710605264
165515,0.2767461687326431
165521,0.012414869503118098
165522,0.06547492509707808
165523,0.05268883053213358
165530,0.0608638939447701
165537,0.03993720654398203
165538,0.011258676880970597
165539,0.08704433403909206
165545,0.014178820536471903
165550,0.01073745172470808
165551,0.038439157884567976
165552,0.05568265030160546
165557,0.04971288773231208
165558,0.06429376499727368
165560,0.018832121859304607
165574,0.07831981172785163
165576,0.2070232406258583
165587,0.036240908317267895
165601,0.01352500161738135
165605,0.007990432612132281
165606,0.017762543400749564
165607,0.0225228926865384
165624,0.11383111029863358
165632,0.05548720108345151
165633,0.04319790820591152
165634,0.08683782676234841
165646,0.03782596508972347
165649,0.008221644617151469
165651,0.07580709829926491
165661,0.020957871340215206
165666,0.0882785813882947
165669,0.05799541901797056
165674,0.021900579566136003
165685,0.18131956364959478
165687,0.06401657010428607
165692,0.05306209297850728
165721,0.18561154417693615
165726,0.13178639393299818
165748,0.028937357012182474
165749,0.12033922225236893
165752,0.047785342670977116
165755,0.04020537598989904
165758,0.019669932080432773
165761,0.015464841038919985
165762,0.02262615051586181
165780,0.03990439116023481
165781,0.026051190332509577
165789,0.10099670896306634
165802,0.006236361834453419
165806,0.0447169179096818
165817,0.025191161083057523
165822,0.2750627752393484
165837,0.01723574916832149
165840,0.11524453200399876
165846,0.005490135125000961
165853,0.03758944571018219
165864,0.39430708065629005
165865,0.016475320735480636
165868,0.08473404124379158
165869,0.03709408035501838
165871,0.03952349489554763
165880,0.038478074595332146
165887,0.10646382253617048
165904,0.14042203687131405
165907,0.04916164744645357
165910,0.044665022287517786
165915,0.06443841033615172
165917,0.042798654874786735
165918,0.47883205115795135
165919,0.036745921010151505
165923,0.05318169225938618
165931,0.01041903963778168
165932,0.023189345840364695
165934,0.19048262014985085
165939,0.0484654048923403
165944,0.07420275220647454
165951,0.2934233359992504
165955,0.018616027664393187
165959,0.05742855602875352
165966,0.1239594453945756
165970,0.06886530807241797
165975,0.016304504591971636
165977,0.015492718201130629
165990,0.2350827306509018
165997,0.02466630970593542
166003,0.05387219390831888
166008,0.014687240589410067
166020,0.017612884112168103
166025,0.041305196937173605
166033,0.04990828433074057
166038,0.03431985434144735
166042,0.0996477510780096
166049,0.006597483501536772
166071,0.009863541141385213
166091,0.13290266692638397
166093,0.19643799401819706
166095,0.026064914651215076
166104,0.01211149914888665
166107,0.05124786659143865
166108,0.024988146033138037
166110,0.01896049187052995
166112,0.11632685642689466
166135,0.021609308780170977
166136,0.021681716316379607
166138,0.10284669417887926
166153,0.21696918830275536
166155,0.06186418468132615
166158,0.020083691459149122
166164,0.16676619183272123
166186,0.03123165527358651
166191,0.08215378131717443
166196,0.012402083026245236
166197,0.12092718854546547
166202,0.06781780766323209
166215,0.010722169070504606
166230,0.04391155228950083
166243,0.1687948815524578
166244,0.045821819454431534
166255,0.01121864834567532
166258,0.08928017038851976
166263,0.18135286681354046
166271,0.04455917957238853
166283,0.03910430404357612
166286,0.031153748277574778
166291,0.02024613367393613
166294,0.08937002951279283
166303,0.1699156705290079
166306,0.06173361698165536
166309,0.012049112876411527
166316,0.09139184514060616
166317,0.014791836787480861
166321,0.08888367237523198
166331,0.038917667930945754
166349,0.029192532878369093
166374,0.004778498405357823
166387,0.005059275688836351
166393,0.03246853477321565
166400,0.019725982565432787
166420,0.004528561403276399
166446,0.021683469880372286
166449,0.045320281060412526
166452,0.041261593578383327
166495,0.03619728982448578
166501,0.02033248369116336
166514,0.11895329877734184
166515,0.07434572512283921
166521,0.034099313197657466
166525,0.015100737742614001
166529,0.014800588018260896
166536,0.13247478660196066
166542,0.030679154908284545
166543,0.0821195486932993
166545,0.013980591495055705
166550,0.033885308308526874
166560,0.013941684854216874
166567,0.025066396221518517
166570,0.038495108718052506
166573,0.02459471975453198
166582,0.12400324316695333
166583,0.18086384143680334
166590,0.023762668948620558
166594,0.07833906961604953
166618,0.30281165055930614
166623,0.06997984042391181
166626,0.0710364980623126
166641,0.17501551192253828
166654,0.011311321170069277
166682,0.12947987206280231
166685,0.16552910394966602
166688,0.04839558759704232
166692,0.03245562803931534
166701,0.02011748612858355
166702,0.07839329075068235
166705,0.030416653724387288
166713,0.08964463975280523
166733,0.0246454537846148
166734,0.06011535134166479
166738,0.02814592095091939
166739,0.007168561656726524
166740,0.0663848458789289
166755,0.11416155193001032
166761,0.2367639821022749
166764,0.02273420535493642
166773,0.020341065945103765
166774,0.05247035901993513
166814,0.04347091168165207
166819,0.20728230103850365
166834,0.20042610354721546
166841,0.17908403184264898
166848,0.149158819578588
166857,0.05938102072104812
166858,0.020340091548860073
166873,0.021794565254822373
166889,0.010318984976038337
166890,0.007272309536347166
166891,0.043196193408221006
166902,0.07394800428301096
166908,0.06566219078376889
166916,0.0550715746358037
166920,0.0444666997063905
166922,0.058423830196261406
166926,0.02024584310129285
166928,0.03799933148548007
166930,0.25610977225005627
166931,0.014181447331793606
166932,0.025647660018876195
166937,0.01060016721021384
166941,0.023272499325685203
166944,0.01193356787553057
166960,0.10498045664280653
166972,0.03542590024881065
166973,0.050787076354026794
166978,0.03421898023225367
166984,0.08389737270772457
166994,0.055925278924405575
166995,0.047104681143537164
166996,0.005546906642848626
167001,0.02109309018123895
167006,0.04745877021923661
167007,0.06935978913679719
167037,0.2260001301765442
167041,0.014450126560404897
167051,0.14808824006468058
167052,0.07797377300448716
167054,0.04652109369635582
167057,0.0434225732460618
167058,0.06567116221413016
167059,0.017220067384187132
167060,0.014147305104415864
167066,0.006828424520790577
167077,0.04534046049229801
167078,0.043409412959590554
167080,0.0506221151445061
167089,0.11112140025943518
167090,0.06213040417060256
167091,0.0655175969004631
167096,0.024948184262029827
167105,0.06266255769878626
167121,0.04325117846019566
167128,0.02911906864028424
167131,0.42978643625974655
167139,0.06286860117688775
167140,0.2002305667847395
167149,0.07018207712098956
167152,0.3919137753546238
167153,0.12343985587358475
167163,0.10266524413600564
167167,0.10595601052045822
167171,0.017434899578802288
167178,0.023590977303683758
167179,0.04836976574733853
167182,0.016385990486014634
167187,0.024419845431111753
167192,0.0745546012185514
167208,0.01665419980417937
167212,0.13439642824232578
167217,0.036930073983967304
167230,0.1794127356261015
167236,0.009029559092596173
167238,0.10988678503781557
167239,0.048218379728496075
167257,0.1830059215426445
167260,0.13437208533287048
167264,0.05490501830354333
167271,0.03262475109659135
167273,0.08324094116687775
167276,0.1513925762847066
167283,0.1354197720065713
167295,0.06356240855529904
167296,0.28292072750627995
167299,0.15105766616761684
167310,0.008203416335163638
167313,0.09332240000367165
167323,0.022773097676690668
167328,0.06394646083936095
167329,0.05877257417887449
167333,0.03354625520296395
167349,0.03991749696433544
167351,0.030895804171450436
167359,0.05015598610043526
167363,0.045534954173490405
167371,0.01776456879451871
167384,0.17744576279073954
167387,0.048113728407770395
167389,0.02601741801481694
167393,0.014842375763691962
167401,0.036423458717763424
167427,0.024452477460727096
167428,0.01135256007546559
167433,0.04235894209705293
167434,0.03324780613183975
167437,0.07454153057187796
167438,0.02797935646958649
167454,0.03874090046156198
167475,0.008724280021851882
167480,0.023387516615912318
167491,0.018950387893710285
167494,0.12988416384905577
167495,0.04010996548458934
167503,0.025985290645621717
167521,0.030205976217985153
167529,0.027488213498145342
167530,0.016625709366053343
167550,0.04758584196679294
167554,0.06090199016034603
167557,0.14376634452492
167562,0.03486171364784241
167566,0.08672147383913398
167572,0.27020758390426636
167573,0.07693792739883065
167578,0.04192126612178981
167592,0.07792329462245107
167597,0.028576647164300084
167621,0.0783925517462194
167622,0.011128704936709255
167631,0.26589832454919815
167637,0.4327727258205414
167638,0.042354063829407096
167645,0.09601104259490967
167648,0.17137597408145666
167697,0.11439498979598284
167698,0.015187570767011493
167701,0.038371163653209805
167708,0.008895381790352985
167714,0.03515041433274746
167717,0.19466488994657993
167727,0.013701940712053329
167737,0.025498787174001336
167746,0.14242830500006676
167751,0.06408535642549396
167753,0.046374567318707705
167755,0.018915094202384353
167771,0.028555073076859117
167805,0.07580984011292458
167811,0.052324278047308326
167815,0.030241702683269978
167829,0.028198622167110443
167830,0.052630157209932804
167834,0.030414194334298372
167841,0.14773830585181713
167846,0.015230022894684225
167851,0.3097814917564392
167871,0.012977459700778127
167890,0.02498853101860732
167898,0.006853933504316956
167901,0.0048862412659218535
167902,0.04232468851841986
167907,0.11601716000586748
167911,0.013888927118387073
167912,0.02055351040326059
167916,0.07969117723405361
167917,0.020829951739870012
167928,0.037333094980567694
167940,0.05897427024319768
167947,0.06650633923709393
167948,0.08030848810449243
167953,0.008354029094334692
167957,0.15435472782701254
167958,0.02612841804511845
167968,0.015921794169116765
167970,0.052394146798178554
167977,0.017365703999530524
167980,0.02626944298390299
167993,0.12752589769661427
167994,0.14633451774716377
167998,0.03602661215700209
168000,0.19753046333789825
168006,0.040233965031802654
168011,0.05326199112460017
168012,0.016313358792103827
168013,0.048924124566838145
168022,0.011861793405842036
168026,0.060832171235233545
168032,0.014763223938643932
168046,0.15697451680898666
168054,0.07977837231010199
168071,0.0632440303452313
168078,0.20738683082163334
168092,0.14237474463880062
168093,0.11846657563000917
168097,0.04687037575058639
168105,0.1628681318834424
168107,0.10153218265622854
168108,0.07240554876625538
168115,0.2158855702728033
168127,0.07112595159560442
168133,0.1846430879086256
168135,0.027057365397922695
168162,0.015158873691689223
168163,0.02442257443908602
168165,0.24338259175419807
168169,0.026162969530560076
168171,0.16397685278207064
168174,0.013038962963037193
168175,0.35235246270895004
168186,0.021079168538562953
168202,0.03030126984231174
168204,0.027809316525235772
168208,0.05088573880493641
168229,0.05470349686220288
168239,0.048560378374531865
168245,0.019948192173615098
168276,0.012010298843961209
168309,0.16264888551086187
168313,0.11670596990734339
168322,0.013811267039272934
168323,0.0022637865840806626
168326,0.12152542732656002
168331,0.046014251885935664
168349,0.05961144296452403
168384,0.041170874144881964
168398,0.006968581583350897
168403,0.008796160225756466
168405,0.10742985177785158
168416,0.007526510744355619
168418,0.0631101606413722
168420,0.08764312462881207
168422,0.03733989526517689
168436,0.10565765015780926
168438,0.030972072505392134
168443,0.016184865089599043
168444,0.020623905584216118
168446,0.008052178076468408
168454,0.07796684838831425
168459,0.04572421801276505
168462,0.054210704285651445
168472,0.03472955245524645
168485,0.007047518534818664
168496,0.10714202933013439
168503,0.022465105052106082
168515,0.021225429605692625
168516,0.04091641097329557
168520,0.15081715863198042
168521,0.042153915390372276
168531,0.010588376666419208
168542,0.06958858855068684
168548,0.04316960647702217
168551,0.010993535455781966
168575,0.022208561887964606
168580,0.022208273760043085
168588,0.16858707088977098
168593,0.026581217534840107
168614,0.06836861977353692
168615,0.0198803594103083
168622,0.01061469258274883
168623,0.04147474537603557
168634,0.008555306063499302
168645,0.20309074595570564
168651,0.1591457137838006
168683,0.01991266815457493
168691,0.16702931188046932
168708,0.0635502808727324
168716,0.07989650964736938
168718,0.03459363849833608
168720,0.05860663531348109
168722,0.3011011704802513
168731,0.06272440846078098
168736,0.11546151526272297
168738,0.08616734575480223
168747,0.018198656500317156
168751,0.13255151826888323
168752,0.12349856365472078
168753,0.018959760083816946
168774,0.2012473614886403
168782,0.02103558904491365
168788,0.009397250774782151
168790,0.03368872916325927
168791,0.07725397124886513
168793,0.1758493110537529
168796,0.07626342959702015
168802,0.127238973043859
168803,0.0245690158335492
168810,0.2656990420073271
168817,0.012898896355181932
168820,0.2666251175105572
168823,0.057441012468189
168827,0.06433527823537588
168828,0.09380167722702026
168831,0.04611022165045142
168842,0.08863782184198499
168845,0.048760953824967146
168855,0.08912322297692299
168856,0.12575381621718407
168861,0.0105436728335917
168876,0.017047183704562485
168897,0.15987722389400005
168899,0.029747463297098875
168913,0.192119263112545
168915,0.016624009469524026
168916,0.06678553950041533
168929,0.20112854428589344
168930,0.02109377004671842
168933,0.14967218786478043
168954,0.03373872279189527
168957,0.17630300763994455
168959,0.031042535789310932
168960,0.13622550666332245
168961,0.039630098501220345
168968,0.0685600508004427
168969,0.09249862330034375
168994,0.0880556688643992
168995,0.10704998020082712
169003,0.014514420938212425
169004,0.29583499394357204
169008,0.04539953893981874
169009,0.07532235933467746
169014,0.029935137485153973
169030,0.019196812878362834
169048,0.02045983134303242
169061,0.07321014674380422
169070,0.08093303442001343
169092,0.008720181125681847
169117,0.11548066418617964
169118,0.2142434511333704
169121,0.0418992645572871
169123,0.0552362073212862
169124,0.22809959389269352
169137,0.09611151227727532
169138,0.011548476817552
169143,0.007277797893038951
169165,0.07666544849053025
169166,0.06981190387159586
169167,0.07353815948590636
169168,0.1099856086075306
169175,0.005631353211356327
169184,0.027582922717556357
169195,0.02111716358922422
169196,0.008647520386148244
169197,0.0847789435647428
169202,0.27193804644048214
169204,0.042220150120556355
169212,0.05157488747499883
169214,0.09340899577364326
169218,0.1944419303908944
169239,0.01884813467040658
169248,0.011391519161406904
169252,0.026277022901922464
169254,0.1778094144538045
169257,0.07136026816442609
169264,0.1841796599328518
169267,0.031330743338912725
169269,0.1904592216014862
169278,0.0343772335909307
169297,0.03174310992471874
169299,0.08556994423270226
169301,0.21565343625843525
169306,0.021644045133143663
169323,0.07814423739910126
169328,0.14912864193320274
169330,0.03497314685955644
169331,0.006961032602703199
169346,0.05350892944261432
169348,0.0318664942169562
169350,0.1996433986350894
169353,0.017189094331115484
169355,0.11149766203016043
169364,0.20473824441432953
169365,0.021508793928660452
169367,0.01737362938001752
169370,0.028845289954915643
169378,0.14947565644979477
169385,0.003278699950897135
169387,0.06662160973064601
169389,0.026307817082852125
169395,0.07240536296740174
169412,0.03788850991986692
169426,0.1917047705501318
169427,0.06516574276611209
169432,0.03857721807435155
169436,0.08866371307522058
169453,0.035385039169341326
169455,0.20119674690067768
169457,0.08603527210652828
169458,0.009150334604782984
169461,0.0922556770965457
169467,0.01167427096515894
169470,0.01886634575203061
169477,0.024831214803270996
169481,0.025086731533519924
169483,0.1282137045636773
169490,0.10359813924878836
169491,0.02204825880471617
169495,0.03627911955118179
169504,0.0743189831264317
169514,0.03259572759270668
169517,0.06561670918017626
169523,0.013431827654130757
169528,0.28682202473282814
169534,0.04037237074226141
169535,0.022864254424348474
169537,0.08721675258129835
169541,0.06705192197114229
169546,0.018366280826739967
169549,0.0105950643774122
169554,0.29691983573138714
169561,0.015440476301591843
169571,0.0067729448492173105
169580,0.19104905240237713
169597,0.016764058847911656
169598,0.030427203979343176
169625,0.13065260834991932
169626,0.10855625104159117
169627,0.08079898683354259
169628,0.035850191256031394
169629,0.115277792327106
169658,0.06956269172951579
169659,0.019880656036548316
169668,0.012634191196411848
169669,0.12409392837435007
169673,0.008961230458226055
169674,0.051328427623957396
169676,0.1760615287348628
169677,0.11599153839051723
169678,0.06071132514625788
169680,0.041293877409771085
169695,0.11284126527607441
169698,0.15849051624536514
169710,0.18598683550953865
169719,0.00883826837525703
169720,0.10808165743947029
169722,0.01131382113089785
169735,0.14046205300837755
169745,0.018751288182102144
169749,0.07009513070806861
169754,0.009229474613675848
169760,0.054897360038012266
169772,0.04440537723712623
169773,0.009485690970905125
169780,0.03070058557204902
169788,0.011024037172319368
169793,0.06094734650105238
169809,0.22223744168877602
169810,0.038542573573067784
169824,0.006100684622651897
169831,0.07081280974671245
169833,0.06902465969324112
169836,0.0063085107249207795
169859,0.07299343217164278
169864,0.31451933085918427
169872,0.017627587891183794
169895,0.11606133915483952
169911,0.005832783499499783
169914,0.04050663462840021
169960,0.09871592558920383
169961,0.11646295711398125
169964,0.032187189208343625
169974,0.025765634141862392
169988,0.019703067606315017
169989,0.003387722637853585
169995,0.014171258080750704
170007,0.008344862086232752
170026,0.03317168401554227
170030,0.3853736836463213
170033,0.10794209176674485
170041,0.11931727174669504
170043,0.007574121875222772
170048,0.023082740139216185
170050,0.02875838812906295
170051,0.029380126390606165
170056,0.06113167945295572
170072,0.3090336602181196
170076,0.014277343463618308
170080,0.08797434810549021
170101,0.028981422306969762
170102,0.014664433663710952
170107,0.2589588649570942
170115,0.023968146182596684
170119,0.01009970431914553
170128,0.16020152531564236
170129,0.00757963239448145
170134,0.3843124210834503
170136,0.0693685885053128
170139,0.02893167152069509
170140,0.042821866227313876
170143,0.21328727155923843
170148,0.5794246569275856
170159,0.04097958677448332
170163,0.07921972637996078
170164,0.15860875975340605
170173,0.013257634942419827
170178,0.026805374887771904
170179,0.030229022027924657
170199,0.15868672356009483
170203,0.012645822309423238
170207,0.06079596932977438
170211,0.026333700167015195
170217,0.01874310744460672
170224,0.012260671006515622
170225,0.07221367070451379
170255,0.18880688212811947
170258,0.01612325815949589
170259,0.03525009332224727
170262,0.028875213349238038
170278,0.0528577861841768
170284,0.08858566731214523
170285,0.11567864194512367
170292,0.018959561828523874
170293,0.05566276330500841
170301,0.06993977492675185
170302,0.2445853129029274
170305,0.11225038580596447
170309,0.06265681376680732
170310,0.043560534017160535
170326,0.06288239220157266
170327,0.005786195222754031
170328,0.09595086006447673
170329,0.03165664826519787
170330,0.0424404286313802
170331,0.02659127488732338
170337,0.01149594719754532
170340,0.12632318306714296
170341,0.011088271799962968
170343,0.10005009919404984
170361,0.03985287807881832
170366,0.05033629713580012
170376,0.06906971661373973
170382,0.16843011509627104
170396,0.010047270625364035
170400,0.07037069974467158
170403,0.17764149140566587
170409,0.19883340504020452
170410,0.007163224276155233
170421,0.07693868409842253
170425,0.03198962891474366
170427,0.010507670696824789
170428,0.021894285338930786
170435,0.01579922903329134
170438,0.030161910690367222
170442,0.07411420531570911
170446,0.18010808434337378
170461,0.021426604827865958
170473,0.13468965608626604
170477,0.04034299845807254
170516,0.010368328832555562
170517,0.017655870178714395
170522,0.04014912457205355
170523,0.04107614094391465
170534,0.043335892958566546
170535,0.12363943178206682
170538,0.09868353884667158
170549,0.06565692462027073
170556,0.03698274143971503
170563,0.055699090007692575
170570,0.07834654301404953
170580,0.09707351354882121
170582,0.02148146159015596
170584,0.11806606128811836
170585,0.010285871976520866
170587,0.07344319531694055
170590,0.042460823664441705
170598,0.03046985878609121
170599,0.04864759976044297
170601,0.014981784217525274
170612,0.16072674933820963
170617,0.022055060253478587
170620,0.048411005176603794
170629,0.015085736755281687
170647,0.11798134259879589
170651,0.01995790412183851
170654,0.0586254948284477
170657,0.04515728401020169
170662,0.025826515280641615
170707,0.05049558659084141
170719,0.11733128316700459
170722,0.02559445286169648
170723,0.07906565023586154
170731,0.18912173341959715
170735,0.04010962089523673
170750,0.03609007387422025
170769,0.027239623828791082
170770,0.12198266945779324
170776,0.12999347504228354
170783,0.020928301964886487
170789,0.21356343664228916
170800,0.1479164958000183
170809,0.07697976287454367
170810,0.03534966241568327
170811,0.02109481382649392
170827,0.008156890864484012
170842,0.015864226850681007
170854,0.06232713954523206
170857,0.06974371941760182
170865,0.11986880376935005
170867,0.011352897272445261
170869,0.05263872514478862
170870,0.14016334246844053
170878,0.03645593440160155
170881,0.10043930122628808
170910,0.07273984886705875
170913,0.15878248307853937
170919,0.05841483501717448
170932,0.06757325492799282
170939,0.18869446869939566
170947,0.0686579393222928
170950,0.0768608353100717
170953,0.07432136591523886
170954,0.04158867849037051
170970,0.06576931150630116
170972,0.028706087497994304
170973,0.12616923172026873
170980,0.0259276379365474
170981,0.03456817660480738
170983,0.06612438173033297
170998,0.03352905344218016
171001,0.07983489846810699
171004,0.07745049335062504
171020,0.03195605706423521
171023,0.014556506765075028
171026,0.03051133023109287
171060,0.11670212261378765
171061,0.05484061338938773
171065,0.016415753110777587
171077,0.06079729669727385
171081,0.016775848926045
171103,0.16257017385214567
171110,0.07462455471977592
171114,0.017838274245150387
171118,0.026756039820611477
171119,0.07002823986113071
171120,0.21852905675768852
171137,0.07519499165937304
171147,0.01565721951192245
171153,0.12054217327386141
171156,0.13974476233124733
171158,0.07519190199673176
171163,0.04540190356783569
171169,0.046591159887611866
171170,0.07487802254036069
171172,0.020830160821788013
171173,0.03200101084075868
171176,0.029467864893376827
171181,0.09682820690795779
171182,0.11077203322201967
171191,0.014325955708045512
171193,0.16821753419935703
171195,0.22853342071175575
171198,0.011335238174069673
171205,0.036260198801755905
171212,0.21370304934680462
171237,0.09901710413396358
171241,0.03737963177263737
171262,0.03455211943946779
171263,0.023502045311033726
171266,0.023529060534201562
171274,0.0157604836858809
171290,0.05975176580250263
171291,0.17773139104247093
171297,0.018302850425243378
171307,0.0334033144172281
171311,0.1959374975413084
171320,0.05711975530721247
171322,0.007533588970545679
171328,0.03232779214158654
171337,0.03293245751410723
171346,0.04655929980799556
171348,0.07673570280894637
171354,0.04517158051021397
171358,0.026119216345250607
171359,0.012102611421141773
171360,0.1536926943808794
171369,0.037707601906731725
171379,0.03787855454720557
171384,0.08095279661938548
171388,0.07879655063152313
171390,0.020696323714219034
171394,0.006591210199985653
171395,0.06232952629216015
171399,0.17838852014392614
171403,0.029470702400431037
171422,0.007720579480519518
171423,0.01568458799738437
171469,0.06700089806690812
171480,0.08598488103598356
171487,0.01024970889557153
171497,0.09837294975295663
171502,0.04975057393312454
171503,0.013072240340989083
171506,0.046404643915593624
171521,0.020706544863060117
171530,0.05430010985583067
171540,0.11319055641070008
171541,0.11503167636692524
171544,0.0883264085277915
171551,0.0983151039108634
171582,0.07548264460638165
171587,0.04879351262934506
171597,0.11691980436444283
171603,0.056252964306622744
171610,0.06223519751802087
171614,0.01288138999370858
171619,0.02893681963905692
171621,0.02284818480256945
171625,0.028723509516566992
171626,0.03356553451158106
171638,0.02318517561070621
171642,0.04269028804264963
171658,0.06322384346276522
171674,0.0647140578366816
171677,0.052912493934854865
171684,0.014484181941952556
171685,0.23999929800629616
171686,0.029173666960559785
171695,0.00711204600520432
171702,0.026492528268136084
171703,0.009211143827997148
171704,0.030788230476900935
171705,0.013146227109245956
171706,0.0232680271146819
171709,0.00794860435416922
171712,0.056646938901394606
171716,0.036885312758386135
171730,0.0861642025411129
171748,0.009324673708761111
171757,0.07291300501674414
171767,0.016406231676228344
171768,0.2547197360545397
171771,0.059794973116368055
171775,0.012873804313130677
171778,0.1436207890510559
171780,0.2822693958878517
171781,0.026717439875938
171785,0.029028406599536538
171786,0.17702746763825417
171789,0.018519460048992187
171802,0.004623131506377831
171803,0.011115890985820442
171812,0.08262116089463234
171862,0.024482396547682583
171864,0.11110846605151892
171891,0.2742302492260933
171892,0.049215280218049884
171913,0.014105181151535362
171914,0.13955984730273485
171922,0.11774286348372698
171927,0.02784680447075516
171933,0.04887691279873252
171934,0.015032971859909594
171943,0.1457061991095543
171945,0.06514264270663261
171960,0.05336163379251957
171964,0.011031313857529312
171975,0.0350544978864491
171994,0.18969979602843523
171996,0.049695619847625494
171997,0.013186319265514612
172000,0.03419387876056135
172029,0.01022880442906171
172038,0.03955516661517322
172039,0.037931370083242655
172043,0.056816780706867576
172046,0.024450975353829563
172048,0.027052196208387613
172049,0.04744465742260218
172053,0.07644352922216058
172054,0.19774137623608112
172058,0.025440183584578335
172060,0.014696568017825484
172061,0.006254876672755927
172067,0.08577032014727592
172072,0.04944398207589984
172073,0.0728779174387455
172098,0.01609867997467518
172100,0.06629689875990152
172101,0.07882866868749261
172113,0.3410537727177143
172144,0.021979684242978692
172147,0.02815789612941444
172149,0.08989258436486125
172168,0.059311381075531244
172169,0.021465023164637387
172175,0.03337926743552089
172197,0.058228366542607546
172200,0.076554199680686
172205,0.2386292051523924
172207,0.028934780275449157
172210,0.026871237671002746
172261,0.056690531549975276
172279,0.01573875837493688
172294,0.027834546519443393
172300,0.006464834208600223
172301,0.08453470235690475
172310,0.01880975830135867
172351,0.008618344087153673
172353,0.013860398437827826
172358,0.0025779836578294635
172374,0.06845766259357333
172380,0.10832400992512703
172384,0.030013759271241724
172400,0.03165725455619395
172403,0.03131933812983334
172408,0.0996249676682055
172411,0.00942766055231914
172420,0.008216486807214096
172426,0.2341812364757061
172433,0.04396667284891009
172434,0.0348042466212064
172442,0.023031950928270817
172443,0.1176824951544404
172452,0.05901005817577243
172454,0.06920644361525774
172456,0.11927080946043134
172460,0.03762011742219329
172470,0.022614782326854765
172479,0.0887578809633851
172481,0.020346431178040802
172483,0.02589917043223977
172484,0.3053819965571165
172485,0.017160131712444127
172486,0.07110750349238515
172493,0.017026434070430696
172494,0.04185953573323786
172497,0.1367354327812791
172504,0.01540355896577239
172518,0.13603978790342808
172523,0.03420974896289408
172527,0.0378934508189559
172533,0.017451020888984203
172536,0.01561032235622406
172540,0.05800360627472401
172541,0.05997695680707693
172543,0.03563998662866652
172545,0.11433535069227219
172547,0.028113258304074407
172551,0.019655660609714687
172556,0.15011350251734257
172562,0.026428727665916085
172570,0.040989147732034326
172574,0.04735762602649629
172575,0.10219308361411095
172599,0.00268795745796524
172611,0.10250255838036537
172612,0.02137372351717204
172616,0.011569582944503054
172623,0.08436484122648835
172627,0.018435935024172068
172635,0.2231151983141899
172643,0.03748213383369148
172644,0.010582233226159588
172652,0.05164002417586744
172656,0.038405217695981264
172661,0.023467124439775944
172664,0.04057798825670034
172672,0.04122839169576764
172678,0.10697767604142427
172680,0.02243238757364452
172683,0.02180989901535213
172684,0.08426560694351792
172690,0.017113131121732295
172695,0.02198022580705583
172696,0.012436240853276104
172701,0.015966322971507907
172713,0.11895002610981464
172714,0.006987102213315666
172731,0.01931016251910478
172738,0.01121377939125523
172761,0.010162143560592085
172767,0.1283094296231866
172770,0.19598103314638138
172771,0.03123315842822194
172799,0.012910968798678368
172800,0.0448132692836225
172804,0.1357701849192381
172805,0.027386017725802958
172820,0.0908592976629734
172829,0.21123559214174747
172831,0.08072442607954144
172833,0.0485158518422395
172843,0.01923036517109722
172853,0.05394130339846015
172855,0.03247169032692909
172856,0.061953852884471416
172857,0.009449391771340743
172863,0.006966465676669031
172877,0.020511329639703035
172881,0.025488962302915752
172895,0.022110433434136212
172896,0.03108342457562685
172910,0.0057627826172392815
172922,0.010758970747701824
172939,0.09135217033326626
172942,0.09383519785478711
172945,0.07061075931414962
172948,0.01775492960587144
172949,0.13307915534824133
172953,0.004065909612108953
172967,0.1419290080666542
172993,0.030413835309445858
172995,0.07166165392845869
172996,0.3113468512892723
172997,0.01949569012504071
172998,0.11742358468472958
172999,0.06113232369534671
173004,0.017416691058315337
173006,0.21086364053189754
173007,0.09361945558339357
173013,0.07679462665691972
173016,0.06054205074906349
173020,0.19723860546946526
173030,0.09038466587662697
173048,0.02187897521071136
173056,0.006592173129320145
173066,0.014631963451392949
173079,0.06420014519244432
173107,0.045168054988607764
173109,0.010015209787525237
173127,0.011243190965615213
173128,0.02840351837221533
173130,0.04181219032034278
173137,0.02756488777231425
173157,0.032236219150945544
173160,0.03327858354896307
173168,0.023843386094085872
173193,0.007273976458236575
173197,0.3131261859089136
173215,0.006204728939337656
173216,0.04727609734982252
173227,0.008308609307277948
173236,0.12582600861787796
173237,0.055515884421765804
173247,0.04073925758711994
173250,0.13501445204019547
173259,0.05099109187722206
173277,0.12771259155124426
173285,0.05552430171519518
173286,0.030987543403171003
173299,0.06838224828243256
173310,0.166548871435225
173312,0.05695857526734471
173313,0.03065627918113023
173320,0.05393929732963443
173330,0.092525290325284
173333,0.018794246716424823
173351,0.03672395716421306
173370,0.26748303696513176
173372,0.01754829951096326
173381,0.17638524156063795
173386,0.021332383039407432
173387,0.1636201562359929
173388,0.1053382633253932
173393,0.008890657045412809
173394,0.18266842886805534
173403,0.01849564566509798
173467,0.034132925095036626
173469,0.07214056653901935
173475,0.11721867602318525
173476,0.04077279311604798
173477,0.003367259167134762
173484,0.0673194881528616
173485,0.04380700830370188
173488,0.12223539222031832
173491,0.03137377672828734
173520,0.013685839134268463
173522,0.25451651960611343
173535,0.02212999085895717
173539,0.039791783317923546
173549,0.014740037964656949
173552,0.012370763230137527
173565,0.09765746863558888
173586,0.02912461757659912
173587,0.026137931272387505
173588,0.020001969416625798
173595,0.02556514588650316
173606,0.09091832814738154
173620,0.08872415916994214
173623,0.021377366734668612
173629,0.03816894581541419
173647,0.02770766499452293
173649,0.030486268224194646
173650,0.0242865210166201
173652,0.025936999707482755
173654,0.14179096277803183
173665,0.036603622953407466
173667,0.15435288939625025
173685,0.04122870718128979
173710,0.19230017624795437
173711,0.16692999098449945
173713,0.04207213851623237
173718,0.14465995784848928
173743,0.02214610145892948
173744,0.13363111950457096
173762,0.1408768342807889
173768,0.06802851287648082
173769,0.24821752309799194
173770,0.05147084500640631
173773,0.03941739397123456
173779,0.06314996909350157
173780,0.015014384407550097
173781,0.12679741438478231
173783,0.03978275437839329
173795,0.033427472808398306
173800,0.19722247496247292
173812,0.00758311158278957
173823,0.03885405487380922
173834,0.06404661247506738
173874,0.01763151411432773
173891,0.06556560331955552
173904,0.22091338969767094
173909,0.03738625394180417
173925,0.01064570393646136
173941,0.05521243205294013
173942,0.01651043345918879
173944,0.08265492739155889
173955,0.014565746474545449
173959,0.059440651908516884
174000,0.046526466496288776
174004,0.018975573242641985
174006,0.008615452738013119
174008,0.07521804003044963
174012,0.01641883549746126
174017,0.12145932111889124
174020,0.021925472421571612
174044,0.02058116625994444
174051,0.028425836702808738
174052,0.03501857561059296
174059,0.039594497764483094
174060,0.01184031052980572
174061,0.05584451835602522
174063,0.05124404211528599
174068,0.04574330011382699
174069,0.05933337425813079
174072,0.10484327143058181
174074,0.01503659103764221
174091,0.026071914238855243
174092,0.033528005820699036
174098,0.24903912656009197
174105,0.09273287188261747
174107,0.021692268666811287
174110,0.008451204805169255
174121,0.017182133975438774
174126,0.03962731943465769
174153,0.022891288972459733
174156,0.031349471770226955
174160,0.016854240093380213
174173,0.00707871385384351
174183,0.0087113507615868
174185,0.008050847623962909
174188,0.14607810508459806
174198,0.01190392894204706
174206,0.02460620051715523
174207,0.01107351784594357
174211,0.06031738454475999
174239,0.0709649776108563
174260,0.1341647570952773
174261,0.02634520153515041
174262,0.28576500713825226
174264,0.02127797214780003
174271,0.12878719624131918
174275,0.32146555557847023
174277,0.044736099196597934
174286,0.00627294962760061
174301,0.012253496330231428
174312,0.2832932807505131
174314,0.029693217133171856
174322,0.11845309007912874
174323,0.08835860062390566
174325,0.07165227783843875
174326,0.12751578073948622
174327,0.03279305435717106
174334,0.20777258649468422
174360,0.01105793088208884
174362,0.12530314922332764
174367,0.02767815429251641
174371,0.019973495276644826
174372,0.07063550967723131
174384,0.01268273894675076
174390,0.04324509506113827
174391,0.020940160029567778
174396,0.005582001060247421
174412,0.07565890159457922
174423,0.3426193408668041
174428,0.08038921607658267
174429,0.28409372083842754
174438,0.01628892309963703
174481,0.038049409980885684
174483,0.12509021162986755
174484,0.004958559293299913
174485,0.15776824858039618
174488,0.034501584246754646
174497,0.020960824680514634
174509,0.17882641404867172
174513,0.040982604026794434
174514,0.052954809507355094
174520,0.04031458427198231
174526,0.02985284524038434
174532,0.011818725266493857
174536,0.05616889474913478
174537,0.030072040390223265
174538,0.16749742906540632
174539,0.07683187630027533
174540,0.013062926067505032
174549,0.012133419106248766
174551,0.032250049291178584
174563,0.1499542435631156
174574,0.16898398660123348
174575,0.24003482423722744
174586,0.006258879730012268
174590,0.04463877948001027
174606,0.0949935270473361
174607,0.1477587018162012
174609,0.020133835496380925
174610,0.07963595958426595
174630,0.21485303528606892
174631,0.01267101929988712
174661,0.028780710184946656
174665,0.021499637281522155
174666,0.01683944062096998
174677,0.009703490766696632
174690,0.0438130428083241
174700,0.027654346893541515
174702,0.020601704600267112
174703,0.010704471496865153
174713,0.012593201245181262
174721,0.028334307484328747
174726,0.07720024511218071
174729,0.022281526471488178
174741,0.03430312033742666
174742,0.1684182332828641
174754,0.03716820199042559
174757,0.012411980249453336
174782,0.21532040648162365
174795,0.04397200793027878
174805,0.028396662673912942
174806,0.05230548977851868
174809,0.062454206170514226
174810,0.04866932355798781
174829,0.005618251452688128
174830,0.1595930950716138
174832,0.03482111683115363
174836,0.1542410235852003
174839,0.032476672902703285
174843,0.024042815784923732
174854,0.07534498069435358
174861,0.0560023239813745
174863,0.020697246654890478
174867,0.10073788883164525
174871,0.08311992371454835
174887,0.02716195327229798
174890,0.15061907470226288
174897,0.012630959798116237
174901,0.08197728684172034
174903,0.007899634656496346
174912,0.007677904737647623
174913,0.04823012021370232
174920,0.2795502096414566
174922,0.250211913138628
174924,0.13658554013818502
174925,0.031975856982171535
174928,0.030089142732322216
174938,0.058431008365005255
174939,0.018122936016879976
174943,0.019515973632223904
174950,0.3630111403763294
174954,0.035721672466024756
174955,0.007620956079335883
174957,0.05448192311450839
174965,0.06058027222752571
174966,0.12885408103466034
174967,0.07383044250309467
174977,0.14360984228551388
174983,0.018796069780364633
174986,0.06913399137556553
174987,0.0346886261831969
175012,0.19802718237042427
175015,0.04038935876451433
175025,0.02711660333443433
175027,0.09333639964461327
175029,0.012589233578182757
175056,0.1896463818848133
175075,0.01840078760869801
175081,0.04979596449993551
175097,0.09777586627751589
175128,0.045368773164227605
175129,0.014130648924037814
175138,0.030213564168661833
175169,0.09996634069830179
175183,0.09018966415897012
175211,0.02548628649674356
175212,0.04778232495300472
175215,0.03256963286548853
175223,0.03931804560124874
175225,0.023160206619650126
175233,0.04843496042303741
175250,0.012047578056808561
175253,0.022083041723817587
175257,0.016942260903306305
175260,0.021784935728646815
175261,0.02525909338146448
175264,0.00850672903470695
175284,0.14888532646000385
175288,0.020540903438813984
175295,0.04337642504833639
175309,0.0547864343971014
175310,0.07307808846235275
175313,0.0779808193910867
175334,0.03261270734947175
175337,0.015424131415784359
175346,0.02243105974048376
175347,0.05002991668879986
175349,0.03258163179270923
175350,0.05319529538974166
175351,0.032850607531145215
175367,0.16486444883048534
175369,0.047075456473976374
175371,0.08645410090684891
175372,0.022386737167835236
175392,0.1495678285136819
175400,0.005316014125128277
175402,0.010128716530743986
175403,0.10319314152002335
175407,0.1411217302083969
175408,0.025256016408093274
175414,0.08175812289118767
175431,0.016807376814540476
175435,0.0945039396174252
175442,0.004823436654987745
175454,0.020076605840586126
175456,0.020251033478416502
175457,0.02353690832387656
175464,0.06052844598889351
175465,0.0569938812404871
175477,0.03143061697483063
175488,0.055682080797851086
175495,0.07982786931097507
175499,0.21348746307194233
175500,0.04686133982613683
175515,0.022474040393717587
175519,0.04632610850967467
175520,0.050229492830112576
175531,0.013921524921897799
175534,0.0447986435610801
175543,0.11765560507774353
175566,0.014353009115438908
175568,0.01282068871660158
175573,0.05559227289631963
175574,0.09898919146507978
175576,0.044365394627675414
175591,0.049054787028580904
175593,0.024574440671131015
175605,0.16519638989120722
175609,0.048254283145070076
175617,0.007169773685745895
175624,0.1596327954903245
175629,0.021010554570239037
175633,0.007984353811480105
175645,0.1322500528767705
175649,0.006546914373757318
175650,0.023825265001505613
175653,0.04403911833651364
175659,0.012956205639056861
175660,0.00495929823955521
175661,0.03392767533659935
175664,0.0168497099657543
175665,0.03592075244523585
175677,0.015211822581477463
175682,0.07604248449206352
175684,0.12504804600030184
175687,0.021526659256778657
175690,0.14218626730144024
175706,0.02201920619700104
175722,0.15745676308870316
175724,0.024881306919269264
175730,0.12677584402263165
175731,0.005563179816817865
175737,0.01819104515016079
175743,0.10462375823408365
175745,0.15425409842282534
175758,0.030462256399914622
175768,0.046274513471871614
175769,0.02310308429878205
175773,0.007814121432602406
175775,0.03363614354748279
175794,0.015544999623671174
175798,0.1052224775776267
175809,0.10100253950804472
175818,0.02519599045626819
175830,0.007520071812905371
175835,0.010293438623193651
175840,0.1897224048152566
175864,0.024844656931236386
175875,0.04429765953682363
175890,0.01365195243852213
175892,0.011942695884499699
175914,0.03295249189250171
175930,0.14669991843402386
175935,0.025848405435681343
175955,0.006872383848531172
175958,0.03056601295247674
175959,0.014437251375056803
175960,0.10804023779928684
175964,0.020013847039081156
175968,0.008145994448568672
175986,0.07757415203377604
175987,0.07193441549316049
175997,0.03533123712986708
175998,0.12222679518163204
176003,0.023252641432918608
176004,0.1030438644811511
176021,0.07806931668892503
176034,0.08964530611410737
176035,0.08682440128177404
176043,0.2949110399931669
176045,0.04927287437021732
176051,0.04023713478818536
176052,0.02826999151147902
176059,0.011341205012286082
176067,0.024473829311318696
176073,0.1814479073509574
176076,0.005431432538898662
176077,0.01363848417531699
176085,0.008891531499102712
176088,0.04804723779670894
176095,0.02373882755637169
176118,0.11163245141506195
176129,0.09620344918221235
176177,0.03766665584407747
176183,0.05325337499380112
176206,0.12329332437366247
176218,0.019175104098394513
176240,0.06265512946993113
176253,0.02926454204134643
176260,0.11427467316389084
176275,0.049300088081508875
176285,0.03281528037041426
176288,0.03493701876141131
176289,0.06402298156172037
176290,0.12297599948942661
176297,0.05524020246230066
176300,0.13005871139466763
176301,0.05575912492349744
176319,0.048001670045778155
176322,0.047983005410060287
176337,0.007592507230583578
176346,0.09103007754310966
176347,0.08102304907515645
176352,0.0651140520349145
176358,0.014122660737484694
176359,0.10382707696408033
176365,0.09533983375877142
176371,0.03707719943486154
176403,0.044325220631435513
176419,0.06732688285410404
176428,0.04225100018084049
176429,0.18188527040183544
176430,0.04744571936316788
176432,0.04408383509144187
176437,0.07416172185912728
176440,0.021444959449581802
176441,0.058456162456423044
176450,0.015206421725451946
176454,0.043621802469715476
176459,0.04968221462331712
176460,0.07952531985938549
176467,0.026930190157145262
176472,0.27528595365583897
176482,0.11422494426369667
176483,0.4070568047463894
176486,0.03900095820426941
176487,0.018286430393345654
176494,0.04129667906090617
176497,0.019560086424462497
176500,0.08489169552922249
176509,0.10547283105552197
176511,0.08620108850300312
176512,0.025548409903421998
176522,0.02315153507515788
176525,0.03920593345537782
176526,0.18227315694093704
176537,0.015171544277109206
176538,0.050149543676525354
176572,0.022247843677178025
176573,0.05613365303725004
176574,0.11063616443425417
176579,0.073964589741081
176580,0.03307849681004882
176592,0.157108748331666
176601,0.05529630230739713
176603,0.1345323296263814
176605,0.062485790345817804
176606,0.04374909331090748
176615,0.018374045379459858
176620,0.12011722382158041
176634,0.021004180423915386
176635,0.026772002689540386
176638,0.01448780664941296
176639,0.03963789949193597
176641,0.05448738974519074
176661,0.020880431169643998
176668,0.2409858275204897
176669,0.03289729403331876
176683,0.11250338330864906
176688,0.011183329566847533
176700,0.11196603626012802
176702,0.024704361683689058
176705,0.13231521984562278
176709,0.019407915184274316
176710,0.1220303364098072
176720,0.09560022689402103
176726,0.004001546425570268
176731,0.06463156547397375
176732,0.08208772586658597
176733,0.02997881907504052
176734,0.012887849065009505
176736,0.055278319865465164
176741,0.007570043264422566
176756,0.022948513738811016
176785,0.01803936413489282
176790,0.007636461057700217
176793,0.025592912221327424
176820,0.1362464865669608
176827,0.03674518852494657
176828,0.017240002169273794
176839,0.1633891137316823
176848,0.015671154076699167
176850,0.023890923126600683
176853,0.012975441408343613
176866,0.004390130110550672
176867,0.028860403457656503
176875,0.08499489538371563
176883,0.11243287194520235
176888,0.2171771265566349
176890,0.15242665633559227
176898,0.07591279642656446
176917,0.04439219553023577
176925,0.0845014164224267
176929,0.034955075941979885
176934,0.12649796064943075
176938,0.11072621401399374
176953,0.038172162836417556
176957,0.08622917626053095
176970,0.03405197733081877
176997,0.06413227831944823
177029,0.07423833012580872
177030,0.013666246086359024
177031,0.04651746712625027
177032,0.11718405783176422
177047,0.024455692153424025
177048,0.01484067051205784
177051,0.050970758544281125
177055,0.010314424987882376
177060,0.0465080994181335
177064,0.145684071816504
177065,0.018469697795808315
177069,0.1288095060735941
177076,0.03895304352045059
177085,0.05599110247567296
177087,0.04506749729625881
177105,0.0661105620674789
177126,0.013622246799059212
177133,0.029546392848715186
177141,0.03760162624530494
177146,0.07180514000356197
177156,0.09949056711047888
177179,0.01929736346937716
177187,0.11944620683789253
177192,0.20213248394429684
177203,0.08169875154271722
177228,0.1559173809364438
177229,0.028244456043466926
177249,0.029090556199662387
177250,0.1542914491146803
177253,0.08124248590320349
177260,0.056669530691578984
177262,0.038668208522722125
177270,0.03518054727464914
177275,0.05654852697625756
177284,0.040765368146821856
177285,0.09545158687978983
177314,0.07125658262521029
177319,0.08380883792415261
177325,0.006239179536351003
177327,0.041803868021816015
177339,0.04571352060884237
177344,0.050726206973195076
177378,0.05957448575645685
177384,0.039780443301424384
177385,0.009030057117342949
177386,0.009876997792162001
177387,0.01692737336270511
177405,0.024732406483963132
177423,0.10798468627035618
177424,0.003835978073766455
177425,0.02736454992555082
177430,0.1260354956611991
177435,0.018394525279290974
177447,0.03374999365769327
177448,0.014219774166122079
177449,0.012162444851128384
177451,0.09060011897236109
177460,0.2065828489139676
177479,0.025164381600916386
177489,0.013114813307765871
177504,0.012101097556296736
177505,0.08556899055838585
177511,0.1289575072005391
177524,0.0761109171435237
177526,0.021254366845823824
177535,0.017299135797657073
177558,0.02445265231654048
177562,0.15575435105711222
177569,0.029637930216267705
177579,0.028632877627387643
177580,0.04231193521991372
177583,0.008333450183272362
177584,0.14093333017081022
177585,0.08917426038533449
177605,0.13517279643565416
177606,0.03754288027994335
177618,0.06055187061429024
177639,0.41482802852988243
177649,0.007788328832248226
177656,0.019870366086252034
177657,0.013401460484601557
177661,0.08257206343114376
177665,0.02045233710668981
177669,0.02690582734066993
177680,0.26655426248908043
177688,0.19307372346520424
177689,0.03016281733289361
177694,0.024781720363534987
177696,0.060703855473548174
177700,0.04500187514349818
177705,0.03216498508118093
177710,0.059534976026043296
177720,0.007913638633908704
177728,0.024691909202374518
177729,0.07860297709703445
177731,0.04795552301220596
177733,0.04384905705228448
177749,0.03261123795527965
177751,0.03914099000394344
177767,0.06348709296435118
177776,0.03944166353903711
177780,0.1432470791041851
177783,0.02399638295173645
177785,0.07125558191910386
177791,0.039876208640635014
177797,0.032772721722722054
177798,0.05497944774106145
177799,0.009799311927054077
177802,0.04063878511078656
177803,0.06296011805534363
177805,0.015367669926490635
177820,0.01323566131759435
177824,0.03533141198568046
177825,0.023393073701299727
177829,0.009705129661597311
177839,0.13494802825152874
177861,0.021059087477624416
177865,0.062332866713404655
177867,0.017299921484664083
177875,0.17254811991006136
177876,0.2679045908153057
177878,0.03308908699546009
177883,0.03891921020112932
177886,0.005248413392109796
177891,0.08402591152116656
177892,0.04100963333621621
177902,0.025670299655757844
177904,0.08812035666778684
177931,0.02599376963917166
177939,0.026341804768890142
177944,0.09406779240816832
177946,0.04747764114290476
177959,0.2413607407361269
177977,0.03530078404583037
177992,0.07263572094962001
177993,0.2157200574874878
178005,0.10501268226653337
178008,0.026431792182847857
178009,0.0495095057412982
178012,0.1314214374870062
178015,0.010100573359522969
178018,0.04603134095668793
178037,0.14200370386242867
178050,0.007999957422725856
178058,0.07171048549935222
178060,0.016657516825944185
178064,0.35875092446804047
178074,0.0733329220674932
178077,0.06170074827969074
178094,0.05762867350131273
178095,0.1280410522595048
178096,0.05703844944946468
178107,0.02398715354502201
178117,0.016904740477912128
178146,0.07239528652280569
178154,0.03618599334731698
178160,0.05408173566684127
178164,0.01771173789165914
178172,0.00511627622472588
178174,0.09440167620778084
178182,0.25053901597857475
178184,0.2061054827645421
178196,0.1318958168849349
178223,0.16241891123354435
178225,0.04841541335918009
178226,0.04556324752047658
178240,0.14963276870548725
178242,0.028705142904073
178250,0.059186805970966816
178268,0.016594057669863105
178282,0.03403999540023506
178285,0.11393439210951328
178288,0.07234491035342216
178290,0.004016627572127618
178295,0.026232284144498408
178312,0.0115216193953529
178317,0.0150465844781138
178342,0.2136281616985798
178343,0.021004293230362236
178344,0.05666124797426164
178346,0.02132559975143522
178353,0.16250678338110447
178356,0.3267543986439705
178358,0.02275693998672068
178359,0.054890441708266735
178362,0.1561195533722639
178380,0.013641764468047768
178387,0.014459766040090472
178391,0.3162869028747082
178395,0.14232629351317883
178408,0.18678712006658316
178415,0.010790268774144351
178421,0.013122105330694467
178424,0.09251776291057467
178428,0.09591927379369736
178432,0.007632668246515095
178433,0.07878999877721071
178436,0.0647323620505631
178442,0.045521520311012864
178453,0.018441011081449687
178459,0.07323144190013409
178467,0.032819118117913604
178472,0.13046064972877502
178491,0.011806279595475644
178499,0.03001658758148551
178504,0.0695150620304048
178506,0.14428743720054626
178509,0.018511603586375713
178517,0.019166209269315004
178525,0.01443185203243047
178530,0.07606498897075653
178531,0.1027070926502347
178537,0.028450916055589914
178553,0.11484003718942404
178557,0.012993128562811762
178565,0.026453839149326086
178566,0.0343185996171087
178579,0.02900251466780901
178586,0.06330218585208058
178589,0.10108999023213983
178592,0.03218051721341908
178610,0.012711436953395605
178620,0.09211973985657096
178621,0.02363453304860741
178622,0.09466940443962812
178643,0.021378748584538698
178665,0.04174982523545623
178671,0.05422535538673401
178675,0.02384725457523018
178692,0.03096140525303781
178722,0.023742297547869384
178723,0.06601972412317991
178726,0.07059216219931841
178731,0.14225631020963192
178737,0.06695169536396861
178739,0.047280243365094066
178745,0.005871144967386499
178766,0.024181640008464456
178771,0.06486899452283978
178775,0.014398310566321015
178785,0.04525716998614371
178789,0.03486230969429016
178790,0.025172012159600854
178792,0.10654457472264767
178804,0.01334626431344077
178817,0.05128565873019397
178821,0.027623747591860592
178825,0.03169915149919689
178830,0.05213092849589884
178831,0.18289845995604992
178832,0.2014736644923687
178847,0.060137809952721
178853,0.11923640128225088
178856,0.0354604113381356
178867,0.022838880657218397
178868,0.017917993711307645
178881,0.01816618035081774
178887,0.019355289347004145
178888,0.1728611597791314
178908,0.04644505400210619
178909,0.06147735612466931
178942,0.029847881756722927
178943,0.3818458765745163
178946,0.022171450313180685
178947,0.29133788868784904
178950,0.08455197978764772
178958,0.049950667191296816
178976,0.02579451713245362
178986,0.02332221530377865
178989,0.015171974140685052
178995,0.1398662133142352
178996,0.12078254204243422
179006,0.06878786301240325
179025,0.05754379043355584
179034,0.05317980935797095
179038,0.18868183344602585
179043,0.02547095762565732
179050,0.02239144581835717
179051,0.06651792349293828
179076,0.285930510610342
179077,0.015787518117576838
179091,0.11757256928831339
179092,0.046137504279613495
179111,0.030534029356203973
179128,0.06410583481192589
179132,0.11398502439260483
179137,0.036233680322766304
179138,0.0949841383844614
179146,0.028180151944980025
179148,0.03875513980165124
179149,0.022641261923126876
179150,0.02028813725337386
179155,0.022325847181491554
179164,0.07623888924717903
179177,0.008865355921443552
179178,0.05830427119508386
179182,0.08250392833724618
179184,0.005292049434501678
179186,0.23342528007924557
179191,0.3191470969468355
179194,0.06387622142210603
179201,0.044159144861623645
179210,0.005071591062005609
179211,0.018674079910852015
179212,0.06639748206362128
179216,0.11071529285982251
179229,0.022136119194328785
179235,0.009989221871364862
179236,0.09238844783976674
179241,0.020369383273646235
179244,0.04812206397764385
179249,0.06138955941423774
179256,0.24074999801814556
179260,0.07572288298979402
179262,0.16626074630767107
179264,0.08829809166491032
179268,0.07701314240694046
179272,0.01922931580338627
179280,0.013854668650310487
179287,0.044199719093739986
179288,0.06645402684807777
179290,0.012338133121374995
179295,0.01009459758643061
179298,0.03367298631928861
179306,0.026450548553839326
179307,0.027335632825270295
179310,0.4752054251730442
179314,0.014582973555661738
179317,0.03790563647635281
179319,0.1165847908705473
179327,0.011907653417438269
179336,0.038929563481360674
179342,0.01543004799168557
179344,0.44872692599892616
179347,0.011277382203843445
179357,0.04267373378388584
179368,0.06838239263743162
179413,0.03180489572696388
179425,0.04169859178364277
179435,0.04319689399562776
179447,0.011613623355515301
179449,0.010359370207879692
179458,0.013491169549524784
179460,0.027598043903708458
179475,0.23962781950831413
179486,0.08945327112451196
179493,0.027312602964229882
179499,0.02426039380952716
179501,0.027112686773762107
179508,0.043315689312294126
179511,0.014434742392040789
179513,0.04022043012082577
179519,0.0661380235105753
179537,0.03195342142134905
179550,0.008084354718448594
179559,0.01832663081586361
179560,0.03441018960438669
179578,0.05737768905237317
179583,0.023401187150739133
179590,0.012828501930925995
179597,0.008412911382038146
179599,0.02131411072332412
179602,0.13239700719714165
179609,0.00576194332097657
179621,0.08235689764842391
179624,0.0954206888563931
179625,0.009726902062539011
179630,0.022356082685291767
179640,0.03648055181838572
179641,0.018062132701743394
179644,0.007780020299833268
179649,0.03884002007544041
179650,0.22632752545177937
179652,0.051011370960623026
179653,0.08914283942431211
179660,0.08409108594059944
179662,0.029489071923308074
179673,0.1295029129832983
179678,0.037327097496017814
179679,0.022531683673150837
179686,0.005901572847506031
179721,0.005309101892635226
179733,0.10326989460736513
179736,0.21539689972996712
179737,0.011168559256475419
179748,0.08019381947815418
179750,0.17879888601601124
179751,0.027772773755714297
179752,0.13907643780112267
179753,0.020886518876068294
179765,0.02408104354981333
179768,0.08961032889783382
179798,0.009164359129499644
179827,0.02801457466557622
179837,0.010340831067878753
179838,0.06865350995212793
179851,0.0405722192954272
179868,0.2519520726054907
179875,0.039385270327329636
179876,0.024920304073020816
179882,0.11874957848340273
179883,0.02487353840842843
179894,0.028439961839467287
179905,0.06972895376384258
179907,0.05003107665106654
179919,0.020176265737973154
179926,0.017676526273135096
179936,0.023184725432656705
179941,0.031039426336064935
179945,0.04302351479418576
179951,0.10444019176065922
179960,0.0377986126113683
179967,0.017728991573676467
179980,0.15266692824661732
179985,0.2686677314341068
179997,0.050868426682427526
180001,0.05155380116775632
180007,0.026403230149298906
180011,0.1635803198441863
180017,0.1085748951882124
180027,0.030955239315517247
180033,0.045345842372626066
180036,0.20672823302447796
180037,0.044403822626918554
180041,0.10823609819635749
180042,0.23119276948273182
180050,0.19297336041927338
180059,0.02375996159389615
180066,0.028644708800129592
180067,0.03100881678983569
180085,0.031346411211416125
180092,0.013095319271087646
180099,0.015086586237885058
180101,0.10615536477416754
180115,0.05410054139792919
180122,0.027714429423213005
180126,0.02055482065770775
180127,0.03128310292959213
180140,0.05101434490643442
180141,0.009600980090908706
180158,0.05339122470468283
180163,0.14357060100883245
180178,0.013702336291316897
180189,0.014275590772740543
180198,0.025690756388939917
180201,0.14908111095428467
180202,0.08046347089111805
180209,0.1382639342918992
180239,0.049701876007020473
180244,0.02320974983740598
180270,0.011423942807596177
180271,0.02370802580844611
180286,0.035972405690699816
180287,0.011537246231455356
180291,0.017960141878575087
180293,0.03334597800858319
180296,0.07160593802109361
180297,0.04178220755420625
180305,0.018355295178480446
180318,0.05569427297450602
180319,0.046867331489920616
180322,0.012302179238758981
180323,0.0293675831053406
180331,0.021216698340140283
180365,0.014717927668243647
180368,0.04635756416246295
180369,0.04533855221234262
180382,0.042358128586784005
180387,0.02585227054078132
180388,0.29000128619372845
180389,0.06625711172819138
180398,0.03838315629400313
180399,0.009949585539288819
180402,0.053055057767778635
180406,0.021236796281300485
180407,0.0089952542912215
180408,0.039768354734405875
180413,0.03357598604634404
180416,0.02556380641181022
180420,0.02420058159623295
180429,0.30174754932522774
180430,0.3201117366552353
180431,0.0139126192079857
180438,0.021766654797829688
180441,0.00812570087146014
180448,0.07707561599090695
180453,0.023482828168198466
180478,0.1810821983963251
180480,0.05119524337351322
180510,0.02474052843172103
180524,0.0962804639711976
180534,0.008497606992023066
180537,0.5075798258185387
180545,0.04167919955216348
180550,0.06007840996608138
180559,0.00996553327422589
180583,0.05927274376153946
180587,0.011330765730235726
180594,0.11231284774839878
180597,0.13239044975489378
180598,0.2376047782599926
180599,0.06897561065852642
180601,0.06532273581251502
180624,0.07703350950032473
180625,0.3918064162135124
180634,0.03440578351728618
180647,0.006779852352337912
180652,0.06095464853569865
180656,0.16304743755608797
180664,0.02529174997471273
180666,0.15352751407772303
180674,0.03461692947894335
180679,0.04199533420614898
180685,0.031004400923848152
180692,0.07947483332827687
180698,0.040804835269227624
180699,0.023782188654877245
180700,0.027176729985512793
180702,0.011874401825480163
180710,0.03009211807511747
180736,0.029893027618527412
180739,0.12127215228974819
180741,0.09460525400936604
180743,0.14510958828032017
180747,0.0058601892669685185
180754,0.0581679199822247
180755,0.0178206191631034
180756,0.01915484166238457
180768,0.015913765761069953
180773,0.056167520117014647
180775,0.0457502577919513
180784,0.06683871615678072
180787,0.022576255025342107
180795,0.08234513411298394
180796,0.02374197554308921
180799,0.009479239641223103
180811,0.05420403019525111
180813,0.03481256077066064
180827,0.025331502314656973
180828,0.02287297765724361
180833,0.1397900627925992
180834,0.049585606437176466
180847,0.025182929122820497
180852,0.25095959566533566
180853,0.026064191246405244
180854,0.011376208043657243
180855,0.15022810269147158
180856,0.022378923022188246
180858,0.01897452084813267
180859,0.2734825760126114
180867,0.03646053862757981
180868,0.037169995717704296
180872,0.03573511331342161
180873,0.02838102914392948
180874,0.14663150906562805
180875,0.041152712190523744
180878,0.027366590220481157
180888,0.0683477302081883
180889,0.01889572339132428
180891,0.013385941623710096
180902,0.030371021712198853
180907,0.1301396181806922
180913,0.046005506766960025
180916,0.01063034328399226
180954,0.03829408623278141
180962,0.06667090905830264
180963,0.016886670608073473
180967,0.05591112049296498
180971,0.08323112782090902
180975,0.0243060503853485
180985,0.04668301553465426
180991,0.025560827809385955
181009,0.02457926084753126
181012,0.006362980086123571
181015,0.057945714332163334
181034,0.11362050753086805
181064,0.0796816274523735
181071,0.08386520901694894
181083,0.09339757077395916
181084,0.01132762327324599
181085,0.0186519663548097
181088,0.01372847898164764
181098,0.06173689756542444
181110,0.12587571050971746
181111,0.038638249738141894
181112,0.005327095423126593
181114,0.20851817913353443
181117,0.05685919965617359
181157,0.022020763077307492
181160,0.05310210003517568
181161,0.05536195542663336
181165,0.023096428369171917
181179,0.2928333878517151
181186,0.06015657866373658
181196,0.06637849844992161
181197,0.15495172515511513
181204,0.061712170485407114
181213,0.03954467293806374
181214,0.5127248093485832
181221,0.07217823341488838
181224,0.02161611313931644
181226,0.01871645636856556
181236,0.0848408336751163
181256,0.34144431352615356
181257,0.024656342109665275
181279,0.04942043893970549
181282,0.03120926977135241
181285,0.047265779227018356
181288,0.014552951382938772
181289,0.16573039162904024
181290,0.005871571265743114
181298,0.009365606645587832
181299,0.11830867361277342
181307,0.026884324965067208
181312,0.36408551409840584
181318,0.0651827254332602
181322,0.07349311606958508
181338,0.15899906028062105
181340,0.017207984579727054
181342,0.006870459736092016
181344,0.10025397036224604
181350,0.03947017737664282
181373,0.031161491759121418
181374,0.05073019745759666
181375,0.027936874190345407
181379,0.03747425554320216
181381,0.011314251838484779
181385,0.11926643084734678
181388,0.021826142095960677
181392,0.0493252316955477
181393,0.07830231124535203
181425,0.006405132589861751
181465,0.013189630932174623
181481,0.03203562437556684
181484,0.06818674691021442
181494,0.04189859051257372
181501,0.03732903301715851
181507,0.023384468047879636
181521,0.05743009131401777
181524,0.008419706835411489
181538,0.2743433490395546
181540,0.015799839748069644
181547,0.10169951431453228
181551,0.02235618222039193
181555,0.04447424435056746
181561,0.06252768426202238
181564,0.03320273011922836
181567,0.06745128915645182
181599,0.0510836171451956
181602,0.2394680716097355
181612,0.07572733704000711
181613,0.08180398307740688
181615,0.08297193562611938
181621,0.0739875421859324
181622,0.07118726405315101
181629,0.05873733921907842
181630,0.01296469260705635
181633,0.03782697068527341
181635,0.08348691090941429
181641,0.05166217475198209
181643,0.18120582774281502
181644,0.08604473387822509
181649,0.030228573479689658
181659,0.028082919656299055
181660,0.01957607246004045
181665,0.21221834979951382
181666,0.0880186134018004
181672,0.08299377374351025
181682,0.04407194070518017
181693,0.07856985554099083
181697,0.050043518422171474
181703,0.04210877697914839
181704,0.034107212675735354
181720,0.047148450976237655
181722,0.06551480665802956
181732,0.07084115222096443
181733,0.03161707008257508
181736,0.019033318385481834
181737,0.010927053226623684
181747,0.027226202189922333
181758,0.09158876119181514
181764,0.03149031358771026
181770,0.04790107603184879
181774,0.1354394843801856
181783,0.0906854378990829
181788,0.0280527425929904
181789,0.05825809761881828
181804,0.03247561352327466
181809,0.04115380602888763
181821,0.09225775115191936
181836,0.009681481576990336
181863,0.04658513329923153
181867,0.04440921451896429
181868,0.1920144408941269
181871,0.048392285127192736
181904,0.17707626055926085
181931,0.02345988806337118
181932,0.04052891256287694
181941,0.062485140981152654
181944,0.11607274506241083
181958,0.03447093325667083
181971,0.029123279149644077
181986,0.0430098264478147
182002,0.016306020668707788
182007,0.012432765506673604
182012,0.013014404161367565
182022,0.01819768571294844
182031,0.05618959362618625
182050,0.05764018464833498
182053,0.06918838666751981
182071,0.04657466895878315
182072,0.059198515955358744
182073,0.09347638301551342
182102,0.07221874874085188
182106,0.03271121368743479
182116,0.0243690290953964
182117,0.07658470887690783
182118,0.0031892416736809537
182124,0.027057300321757793
182125,0.13090775441378355
182145,0.024204071960411966
182150,0.10937327519059181
182154,0.022870590793900192
182167,0.052293925546109676
182179,0.20167316123843193
182181,0.01105601544259116
182183,0.012848168495111167
182218,0.01461347850272432
182225,0.010656423692125827
182226,0.15836358349770308
182266,0.05892612459138036
182272,0.04173917300067842
182275,0.04572114138863981
182295,0.1360179092735052
182305,0.005319459189195186
182312,0.053884348133578897
182313,0.027924196794629097
182327,0.01181489898590371
182337,0.019574291654862463
182340,0.004678090364905074
182341,0.05555090354755521
182342,0.029321661335416138
182345,0.03422383521683514
182353,0.01115109899546951
182355,0.02185995248146355
182371,0.013410649553406984
182376,0.015524907154031098
182381,0.012164665677119046
182382,0.008658234437461942
182384,0.06059498060494661
182387,0.09227411961182952
182412,0.007083522330503911
182419,0.10505306394770741
182432,0.1060715327039361
182438,0.040746709797531366
182448,0.22436252981424332
182450,0.04761105962097645
182465,0.010499397991225123
182468,0.011660227610263973
182474,0.037096234038472176
182483,0.02693466260097921
182484,0.06604127679020166
182485,0.03380097611807287
182486,0.03986405907198787
182489,0.2394281830638647
182500,0.015084986109286547
182501,0.04791387915611267
182504,0.2864316124469042
182514,0.0196853366214782
182524,0.03957626083865762
182525,0.03776617348194122
182533,0.03979156818240881
182536,0.18283108714967966
182539,0.02384531288407743
182550,0.028132370673120022
182553,0.06563429813832045
182568,0.01399791263975203
182571,0.01739144930616021
182573,0.022183325025252998
182580,0.0567487773951143
182615,0.02678373083472252
182618,0.020443298504687846
182624,0.023033214500173926
182644,0.0186740942299366
182686,0.15835688076913357
182687,0.19157429598271847
182695,0.2590991221368313
182718,0.04466720880009234
182726,0.08474667370319366
182735,0.07379007339477539
182742,0.02727990481071174
182747,0.049166211392730474
182748,0.01207093262928538
182752,0.07917541405186057
182761,0.07908160565420985
182800,0.016502750455401838
182802,0.052653816528618336
182807,0.04378337087109685
182816,0.06529038120061159
182818,0.021436789131257683
182826,0.08987970743328333
182836,0.013307077228091657
182840,0.1775633441284299
182841,0.16701318230479956
182846,0.033147756243124604
182862,0.056448667543008924
182864,0.06110089598223567
182871,0.06391526013612747
182878,0.04378830245696008
182880,0.027314322302117944
182885,0.010334710095776245
182893,0.020440750056877732
182894,0.14138599950820208
182895,0.016043914132751524
182901,0.041791527764871716
182907,0.14848052524030209
182921,0.1540542170405388
182952,0.013346156105399132
182964,0.18891754560172558
182966,0.2023753523826599
182980,0.026476407423615456
182985,0.263035686686635
182989,0.037074605585075915
182994,0.05826836172491312
183035,0.3584920335561037
183037,0.22290126606822014
183042,0.03594050696119666
183049,0.02271333453245461
183050,0.013672175235114992
183051,0.018160717329010367
183062,0.012491943896748126
183063,0.014044912240933627
183064,0.05288570420816541
183076,0.02735262317582965
183078,0.22838319092988968
183086,0.025696050375699997
183089,0.07351362705230713
183091,0.05250412644818425
183097,0.1002905610948801
183104,0.011986235971562564
183118,0.16655771434307098
183119,0.10581308323889971
183134,0.08278117049485445
183142,0.17913322895765305
183157,0.009100277326069772
183162,0.012459877470973879
183180,0.00990664487471804
183193,0.19232374522835016
183213,0.048085820861160755
183216,0.17446650192141533
183223,0.026677590562030673
183226,0.02067463519051671
183264,0.011642246681731194
183273,0.12104127183556557
183278,0.014080037944950163
183282,0.048841149313375354
183283,0.05119485128670931
183286,0.014464978827163577
183288,0.05646549025550485
183299,0.054375636391341686
183310,0.008415928023168817
183315,0.16241860296577215
183332,0.016416371567174792
183336,0.05541876470670104
183341,0.023260571877472103
183342,0.056503820000216365
183345,0.007062785589369014
183347,0.03761458024382591
183360,0.0434250058606267
183362,0.014941188739612699
183370,0.03233352419920266
183379,0.014626309450250119
183386,0.05556601728312671
183410,0.05865395814180374
183417,0.03259599208831787
183419,0.04352463176473975
183421,0.058924146578647196
183425,0.1552945515140891
183427,0.03905955725349486
183433,0.12384065007790923
183434,0.08588005974888802
183438,0.00846132356673479
183439,0.039481645449995995
183440,0.1321216206997633
183450,0.12894541956484318
183451,0.05736600747331977
183453,0.012493922491557896
183454,0.011338419339153916
183455,0.18504978995770216
183457,0.012514983536675572
183463,0.1641789572313428
183475,0.015508261218201369
183478,0.22123822197318077
183480,0.18613208457827568
183490,0.020280413096770644
183494,0.14216989558190107
183503,0.015521736233495176
183512,0.2231395822018385
183517,0.1291549103334546
183530,0.025435900548473
183532,0.009112512110732496
183533,0.018881576019339263
183536,0.008944208675529808
183545,0.03824097337201238
183549,0.009861976082902402
183550,0.011313148948829621
183551,0.12973613385111094
183555,0.10790391359478235
183560,0.035675762919709086
183585,0.013778400607407093
183591,0.03321778844110668
183592,0.023250392521731555
183603,0.30560752749443054
183610,0.021062313462607563
183628,0.17693282291293144
183644,0.07013265695422888
183646,0.1043307725340128
183649,0.015122124459594488
183656,0.03269293159246445
183658,0.20997626334428787
183688,0.00810946969431825
183690,0.017872032593004405
183691,0.06325057963840663
183697,0.11386892478913069
183709,0.253829525783658
183711,0.053863303270190954
183714,0.08513244381174445
183725,0.05570395244285464
183736,0.04416839312762022
183742,0.012690775445662439
183772,0.035076127387583256
183776,0.06510127894580364
183787,0.04233440151438117
183792,0.15949067939072847
183793,0.0696609215810895
183799,0.194516078568995
183816,0.02703568246215582
183818,0.1882505128160119
183832,0.01947983307763934
183836,0.02583930059336126
183839,0.019553751219063997
183840,0.0323478695936501
183855,0.027102603809908032
183857,0.01807467802427709
183863,0.07028563320636749
183866,0.04291518358513713
183876,0.03571885172277689
183878,0.19886649120599031
183897,0.005523424886632711
183902,0.05233120289631188
183915,0.008531886909622699
183925,0.2214475255459547
183936,0.024631155305542052
183939,0.03275904688052833
183951,0.009093878034036607
183956,0.038047002628445625
183957,0.022377175744622946
183974,0.016561934957280755
183982,0.05975152878090739
183994,0.015015983080957085
184008,0.04826096282340586
184013,0.18298942130059004
184016,0.025695228949189186
184019,0.014331411337479949
184024,0.03645175090059638
184025,0.08392790472134948
184038,0.007139403081964701
184045,0.015880536870099604
184056,0.06639989046379924
184060,0.07451598416082561
184071,0.017619114136323333
184073,0.039012649562209845
184074,0.053956727497279644
184077,0.04091787151992321
184105,0.03580813016742468
184106,0.129923059605062
184133,0.0652937451377511
184154,0.2789409514516592
184163,0.018842029909137636
184165,0.1478638742119074
184193,0.17275111842900515
184194,0.08721301285549998
184195,0.005950478749582544
184202,0.10602127481251955
184226,0.5988117791712284
184230,0.03796800831332803
184231,0.10257583670318127
184234,0.09220523294061422
184238,0.01657043502200395
184248,0.016526873398106545
184257,0.02354409173130989
184268,0.008400579390581697
184282,0.008620295382570475
184291,0.05587860243394971
184294,0.01843008032301441
184295,0.1804543174803257
184304,0.013499816064722836
184309,0.029540927847847342
184318,0.07239566324278712
184325,0.03135983133688569
184329,0.03669449454173446
184330,0.009139017725829035
184333,0.1388305565342307
184337,0.005846359708812088
184338,0.23604369908571243
184340,0.009891590685583651
184341,0.028672842774540186
184347,0.07695691799744964
184354,0.06843332573771477
184355,0.022141749621368945
184372,0.020243590231984854
184384,0.06916644377633929
184385,0.017897389363497496
184386,0.011965374404098839
184389,0.13916300237178802
184401,0.008248864207416773
184405,0.04919322161003947
184431,0.18079312145709991
184450,0.02768258994910866
184453,0.5292906165122986
184470,0.053461200557649136
184471,0.02588911261409521
184486,0.05690829548984766
184488,0.010232506319880486
184489,0.01203218923183158
184497,0.030322068138048053
184508,0.03189982124604285
184509,0.017158469301648438
184516,0.03501337370835245
184525,0.08882685750722885
184526,0.03765355586074293
184531,0.02517441031523049
184557,0.022439092281274498
184576,0.010153561481274664
184589,0.005153226928086951
184605,0.0175775756360963
184613,0.10363007057458162
184630,0.025864434661343694
184635,0.012754909344948828
184636,0.018858667579479516
184643,0.006617760052904487
184645,0.03099923545960337
184653,0.05264119221828878
184655,0.04389910981990397
184656,0.02906221547164023
184660,0.02228053251747042
184716,0.04012250620871782
184736,0.022142648231238127
184758,0.02463116031140089
184767,0.04372119111940265
184770,0.07888852199539542
184773,0.013301776256412268
184776,0.02585394657216966
184792,0.06582451472058892
184812,0.06348327687010169
184820,0.05610338319092989
184829,0.003367434546817094
184831,0.10165105108171701
184832,0.03804282541386783
184834,0.014048396667931229
184847,0.15300849918276072
184848,0.045477440813556314
184858,0.008237138215918094
184866,0.027451110305264592
184869,0.034398948308080435
184870,0.05062813963741064
184873,0.00966607901500538
184874,0.02594338753260672
184876,0.05671058502048254
184879,0.11552440002560616
184880,0.017209314624778926
184885,0.013349915738217533
184896,0.03045402211137116
184916,0.25678339786827564
184918,0.038314169039949775
184919,0.10977540444582701
184921,0.04505952005274594
184936,0.05098618124611676
184944,0.1996188834309578
184956,0.09464903548359871
184963,0.054687367752194405
184964,0.01047232621931471
184965,0.0631033917888999
184972,0.08711127052083611
184977,0.12719883862882853
184982,0.021291573648341
184988,0.17770114820450544
184992,0.03844192437827587
184994,0.0238560811849311
184998,0.20355421118438244
185017,0.013113689492456615
185024,0.01807867339812219
185032,0.14170297887176275
185037,0.03272659587673843
185040,0.013004897977225482
185043,0.04633099841885269
185048,0.024581590201705694
185059,0.07669114973396063
185076,0.16192517057061195
185083,0.011198981432244182
185090,0.10716572497040033
185099,0.0276469390373677
185101,0.011394500965252519
185106,0.02963199093937874
185121,0.09005967434495687
185125,0.15673617087304592
185126,0.17543725483119488
185127,0.12462844885885715
185153,0.03177879797294736
185167,0.06783324759453535
185171,0.034923617262393236
185178,0.02077013987582177
185180,0.007965175551362336
185181,0.0072569114563521
185183,0.06703830743208528
185186,0.07869972009211779
185187,0.05188229866325855
185188,0.02152836590539664
185189,0.029346557916142046
185194,0.15247455704957247
185207,0.02471584896557033
185209,0.0178480256581679
185210,0.14784078113734722
185212,0.01433526340406388
185220,0.06282785534858704
185221,0.06645303964614868
185230,0.1579173095524311
185231,0.03222646936774254
185245,0.018466765177436173
185249,0.03382444428279996
185262,0.007432350073941052
185285,0.2025605533272028
185286,0.07982158800587058
185288,0.012450888461899012
185296,0.017420085845515132
185298,0.15540280751883984
185299,0.008085817855317146
185308,0.0439146941062063
185311,0.011756525200325996
185313,0.03051518159918487
185314,0.05030154203996062
185332,0.07866434380412102
185337,0.006925345573108643
185338,0.028378496877849102
185339,0.053510526195168495
185341,0.03209454147145152
185342,0.014386451279278845
185344,0.0511616375297308
185349,0.130760557949543
185362,0.09300992218777537
185363,0.05141543550416827
185394,0.006710751156788319
185410,0.04555516759864986
185418,0.005791710573248565
185423,0.15613067615777254
185428,0.02938420162536204
185442,0.11750627867877483
185447,0.09305262193083763
185450,0.013652067456860095
185454,0.010277765628416091
185475,0.09206513594835997
185481,0.07237636158242822
185483,0.01895326329395175
185485,0.0910906414501369
185496,0.01779237051960081
185504,0.013495499617420137
185505,0.007944366807350889
185512,0.03231077501550317
185515,0.014919130131602287
185534,0.06968002580106258
185536,0.017774132080376148
185538,0.028195949038490653
185552,0.014452810515649617
185569,0.030477874213829637
185576,0.027215836569666862
185578,0.06931673688814044
185581,0.07085782894864678
185584,0.02727133280131966
185585,0.010177794407354668
185586,0.1489043775945902
185592,0.047735438914969563
185604,0.014031035068910569
185606,0.010290231788530946
185607,0.07347072334960103
185618,0.11085639102384448
185622,0.028631638502702117
185628,0.16987296659499407
185629,0.011417468369472772
185634,0.02186660945881158
185637,0.15083241648972034
185638,0.00975767508498393
185640,0.12402966246008873
185641,0.006970169284613803
185645,0.0342547339387238
185646,0.18934951350092888
185647,0.012206937361042947
185662,0.02638405770994723
185669,0.039287749445065856
185675,0.004577089683152735
185687,0.02365056809503585
185688,0.13022255431860685
185689,0.04511723364703357
185690,0.0702502578496933
185697,0.0795767018571496
185710,0.05877487314864993
185733,0.019842577632516623
185740,0.14581015706062317
185806,0.04423570795916021
185812,0.25514645501971245
185824,0.03540221997536719
185825,0.027994529344141483
185826,0.17083948384970427
185827,0.21506270114332438
185828,0.014595970627851784
185837,0.04561214428395033
185859,0.03925104811787605
185861,0.018792483606375754
185872,0.044846634147688746
185874,0.040372824063524604
185891,0.15738660842180252
185893,0.04199283616617322
185897,0.06338117341510952
185900,0.018054339452646673
185910,0.017219325876794755
185919,0.01805904903449118
185932,0.04209219221957028
185937,0.05253329407423735
185939,0.014347622520290315
185965,0.02514818636700511
185968,0.07485992880538106
185971,0.012129321810789406
185978,0.08621956128627062
185980,0.01344996882835403
185981,0.05713645461946726
185982,0.029694452648982406
185991,0.02718430373352021
185997,0.030262429965659976
185998,0.03010362561326474
186014,0.009277419419959188
186021,0.015605014399625361
186025,0.03635954135097563
186034,0.0485776059795171
186054,0.024074187851510942
186061,0.09426903072744608
186065,0.03199416981078684
186066,0.047079513780772686
186070,0.10026436485350132
186080,0.03262058913242072
186085,0.0370464192237705
186094,0.19795706123113632
186110,0.05041878018528223
186113,0.009427686978597194
186116,0.050759157398715615
186127,0.005737817264162004
186129,0.04449603916145861
186135,0.0513931498862803
186139,0.13249365892261267
186151,0.039458190090954304
186153,0.13116744719445705
186156,0.006209377956110984
186158,0.05125059955753386
186159,0.007628038234543055
186166,0.09025005297735333
186168,0.022902447497472167
186169,0.033663019770756364
186170,0.012538129929453135
186179,0.004093810479389504
186188,0.016785837593488395
186210,0.0062325116887222975
186227,0.009630813467083499
186229,0.06439277878962457
186230,0.04217786877416074
186249,0.009432821534574032
186254,0.015650509973056614
186264,0.009181021887343377
186265,0.0647672270424664
186273,0.0172879007877782
186276,0.01396468363236636
186289,0.04155383282341063
186296,0.2723861765116453
186308,0.0043963783828075975
186309,0.04453052906319499
186310,0.030179082415997982
186316,0.02841250319033861
186321,0.042487556114792824
186333,0.09233086323365569
186346,0.057886849623173475
186391,0.018615724809933454
186398,0.06581108411774039
186407,0.020102953887544572
186411,0.06565982988104224
186415,0.015009576629381627
186426,0.22273224592208862
186444,0.01638041145633906
186448,0.221189197152853
186453,0.14591700583696365
186456,0.004950787086272612
186460,0.03199267399031669
186461,0.04870772361755371
186473,0.06523541873320937
186489,0.15072057116776705
186490,0.13752610329538584
186491,0.03877346543595195
186492,0.01894037437159568
186493,0.06356552941724658
186503,0.04439960257150233
186505,0.0828554080799222
186506,0.009789940260816365
186508,0.0060606823390116915
186524,0.1549594486132264
186526,0.06429181853309274
186536,0.008387184148887172
186539,0.11626326479017735
186543,0.027971821604296565
186558,0.16477248910814524
186568,0.10059097362682223
186573,0.11808599438518286
186587,0.03599248826503754
186599,0.02105074585415423
186609,0.1738112410530448
186610,0.008601462468504906
186612,0.06523683341220021
186632,0.07386524556204677
186634,0.034375823102891445
186649,0.020344593445770442
186652,0.06297277007251978
186660,0.07837746851146221
186668,0.12731055915355682
186674,0.08939044829457998
186675,0.007203050045063719
186679,0.03377609024755657
186682,0.031845659017562866
186683,0.010987100366037339
186695,0.27175605297088623
186696,0.01508825010387227
186704,0.052747432608157396
186709,0.08022947888821363
186714,0.05156809790059924
186723,0.010228512750472873
186726,0.2953306846320629
186728,0.05511910351924598
186729,0.009161199966911227
186731,0.08230899833142757
186737,0.0660890368744731
186742,0.00900185975478962
186743,0.0066883566323667765
186745,0.08516457816585898
186747,0.016655363666359335
186750,0.016680446511600167
186769,0.05734764225780964
186771,0.11301326751708984
186787,0.033703217981383204
186796,0.07649857737123966
186802,0.16386491619050503
186811,0.015003460459411144
186812,0.023002509027719498
186815,0.027516107773408294
186840,0.08380620880052447
186842,0.41470159962773323
186853,0.1652933144941926
186859,0.06400701589882374
186878,0.04010508954524994
186885,0.04731703968718648
186890,0.016544870217330754
186906,0.17221449967473745
186916,0.017560762353241444
186927,0.016371298755984753
186928,0.0679534561932087
186931,0.1218311246484518
186934,0.018437933642417192
186938,0.17837997619062662
186943,0.09970571473240852
186944,0.15838744025677443
186945,0.13765232264995575
186947,0.030942583922296762
186952,0.0508013772778213
186953,0.05066698882728815
186960,0.09277369361370802
186962,0.024163217982277274
186991,0.03815547260455787
187001,0.15753634087741375
187017,0.05254476610571146
187019,0.12468202086165547
187024,0.02574639010708779
187035,0.005305350961862132
187037,0.06270400946959853
187056,0.010138598561752588
187057,0.020301281358115375
187058,0.15606045443564653
187065,0.02619081479497254
187066,0.21619566436856985
187069,0.010246666963212192
187070,0.03611448174342513
187074,0.025792838307097554
187085,0.02524258685298264
187087,0.024254844058305025
187100,0.054136755177751184
187117,0.09639910329133272
187158,0.10121421609073877
187159,0.034254033118486404
187162,0.07565519912168384
187164,0.027683133957907557
187167,0.08304049214348197
187168,0.01620549731887877
187171,0.020544911036267877
187184,0.15585641097277403
187194,0.04324451508000493
187208,0.12824328988790512
187211,0.09511275915428996
187220,0.03201743680983782
187224,0.06178457848727703
187242,0.10782291553914547
187259,0.01850271160947159
187260,0.040571687277406454
187267,0.1310317376628518
187280,0.16520839650183916
187287,0.00877795263659209
187291,0.020367262070067227
187296,0.018711010343395174
187301,0.07301208982244134
187315,0.0688187899067998
187319,0.02072088362183422
187326,0.2585853785276413
187328,0.043330723186954856
187329,0.05115682980976999
187330,0.019003673689439893
187335,0.0508707573171705
187339,0.023135462077334523
187340,0.13810481876134872
187353,0.0580162201076746
187356,0.041473847348243
187367,0.06673598289489746
187383,0.02382419363129884
187388,0.03848582576029003
187401,0.12101005855947733
187415,0.03600707068108022
187422,0.029472510563209653
187439,0.18844318948686123
187440,0.09388482663780451
187442,0.25713143311440945
187447,0.030213752295821905
187448,0.025780239957384765
187451,0.10245074424892664
187468,0.02086824318394065
187475,0.10946738626807928
187477,0.1134960250928998
187480,0.025891104014590383
187498,0.06810588575899601
187499,0.012277588772121817
187516,0.002269001881359145
187524,0.006472455192124471
187534,0.03932691947557032
187552,0.02519089705310762
187577,0.0674275909550488
187584,0.02083715028129518
187585,0.02759633492678404
187603,0.03480504243634641
187608,0.039229876827448606
187625,0.01713927509263158
187637,0.08238277351483703
187639,0.10006624739617109
187641,0.019806380732916296
187652,0.026102479198016226
187684,0.01684967684559524
187689,0.012280487455427647
187698,0.044871426885947585
187708,0.026101619354449213
187716,0.020137617248110473
187717,0.027832852909341455
187719,0.02023388457018882
187720,0.13113755080848932
187743,0.025952362222597003
187749,0.08900592057034373
187762,0.06289140181615949
187763,0.04472141619771719
187772,0.06762070534750819
187786,0.010484553466085345
187787,0.01882475835736841
187809,0.06976736849173903
187826,0.09915071912109852
187828,0.017048609093762934
187829,0.019975362461991608
187833,0.030623025493696332
187847,0.049622274935245514
187852,0.023343974258750677
187862,0.09724807646125555
187867,0.040518786292523146
187868,0.05565313622355461
187870,0.07645510090515018
187871,0.06530788005329669
187879,0.1700916364789009
187894,0.0659866794012487
187895,0.02107553300447762
187899,0.04183202423155308
187903,0.09183437470346689
187915,0.011267530324403197
187919,0.08663214277476072
187941,0.035739254439249635
187942,0.12694808468222618
187944,0.02251135790720582
187947,0.10299126524478197
187949,0.15792737435549498
187950,0.021557510131970048
187952,0.03448204253800213
187964,0.32461458072066307
187967,0.035378794418647885
187977,0.021982996142469347
187983,0.0500024831853807
187987,0.047422840958461165
187988,0.024083378724753857
187990,0.015893388830590993
187991,0.2533521130681038
187998,0.06357234460301697
188014,0.1748338183388114
188017,0.04794699209742248
188021,0.08753396850079298
188032,0.01162946899421513
188039,0.028979466995224357
188040,0.030327273532748222
188044,0.06388108339160681
188045,0.01191761833615601
188054,0.03699304489418864
188069,0.04032469354569912
188070,0.049284172244369984
188081,0.018958804197609425
188092,0.12108537182211876
188106,0.0618498595431447
188108,0.06304878136143088
188117,0.008125624153763056
188120,0.014583020529244095
188130,0.03354055038653314
188133,0.04738808167167008
188136,0.03202505875378847
188151,0.005460645552375354
188153,0.062282993691042066
188158,0.005965353877400048
188171,0.04211568576283753
188175,0.02891439152881503
188192,0.06067252717912197
188194,0.07258157152682543
188198,0.035844708094373345
188199,0.1273146253079176
188228,0.10913561377674341
188232,0.013036760850809515
188233,0.020436354796402156
188234,0.006437006770283915
188245,0.034655976574867964
188248,0.025648445705883205
188254,0.04875370813533664
188261,0.04905954096466303
188262,0.027679353021085262
188267,0.026238019345328212
188276,0.014420712541323155
188281,0.21304484829306602
188282,0.07735786261036992
188295,0.015426367986947298
188309,0.01973738707602024
188313,0.11106165871024132
188324,0.08319065999239683
188327,0.06538640893995762
188328,0.04562800657004118
188329,0.13922749552875757
188336,0.12155544105917215
188337,0.0824064533226192
188350,0.05645623151212931
188389,0.07317173155024648
188399,0.010114727774634957
188413,0.0122199731413275
188415,0.046053296187892556
188421,0.0068629151210188866
188438,0.08489835076034069
188449,0.26947218365967274
188466,0.01988088572397828
188470,0.006305452232481912
188486,0.03126043046358973
188492,0.04462323826737702
188507,0.026524324784986675
188511,0.017532566445879638
188521,0.0701550105586648
188540,0.16451907064765692
188542,0.1582511244341731
188551,0.280365701764822
188557,0.02753958071116358
188558,0.016739044862333685
188561,0.05076869670301676
188563,0.1760237030684948
188565,0.029776376904919744
188577,0.045950111700221896
188586,0.04115486657246947
188591,0.026540054357610643
188594,0.042387686436995864
188614,0.03715277323499322
188622,0.017471474478952587
188626,0.03995794849470258
188632,0.1226074080914259
188635,0.12692714668810368
188639,0.08199443807825446
188645,0.10931340884417295
188646,0.17575373407453299
188647,0.07603875221684575
188653,0.007637797098141164
188659,0.033787281485274434
188677,0.06698785023763776
188694,0.0695598628371954
188695,0.004781425785040483
188696,0.011251797317527235
188707,0.013315130956470966
188714,0.012683929118793458
188715,0.15275228209793568
188722,0.11272833123803139
188724,0.024162817688193172
188729,0.03287071059457958
188734,0.014164871128741652
188739,0.6114995777606964
188746,0.045752559090033174
188747,0.034957126481458545
188768,0.016469446069095284
188770,0.06774461036548018
188772,0.019561718101613224
188787,0.01973924518097192
188792,0.06618267251178622
188793,0.01972477009985596
188808,0.026850545196793973
188828,0.06416628556326032
188848,0.03872712352313101
188851,0.0645209327340126
188856,0.04747827537357807
188862,0.017568871029652655
188875,0.21241523884236813
188876,0.17287947237491608
188878,0.03780071507208049
188880,0.01537785236723721
188890,0.07608775049448013
188900,0.022974631865508854
188914,0.034627837128937244
188928,0.17262262012809515
188936,0.01144643418956548
188946,0.029630076372995973
188947,0.014954293670598418
188948,0.0416183490306139
188949,0.008470829285215586
188950,0.09406054206192493
188980,0.014000519411638379
188982,0.10201011691242456
188988,0.3678104430437088
188990,0.06838268740102649
188992,0.02924460219219327
188993,0.040002202382311225
188994,0.04684036481194198
188997,0.02339096588548273
188998,0.1969738146290183
189009,0.02621815085876733
189018,0.01163188210921362
189022,0.027041876106522977
189034,0.027790384250693023
189045,0.014556881214957684
189059,0.11695882305502892
189062,0.024230454000644386
189075,0.22893011942505836
189086,0.012684195738984272
189087,0.061765733640640974
189107,0.09093624772503972
189113,0.035297873662784696
189144,0.04604004672728479
189148,0.010673222423065454
189199,0.0757879251614213
189201,0.0470423917286098
189202,0.01405717508168891
189207,0.16801593266427517
189213,0.02869041310623288
189214,0.05941087380051613
189224,0.03605854162015021
189230,0.07205708604305983
189251,0.038379712495952845
189252,0.05649134935811162
189255,0.008764501195400953
189256,0.043113845866173506
189257,0.046546395402401686
189260,0.009496506245341152
189261,0.20349185168743134
189262,0.035970515571534634
189263,0.046284754876978695
189272,0.03069966984912753
189282,0.0054995317332213745
189284,0.1005416177213192
189294,0.045666046906262636
189304,0.07825250597670674
189314,0.0820066905580461
189317,0.13288662023842335
189333,0.009038101299665868
189337,0.07665098225697875
189347,0.03517215861938894
189355,0.027414731681346893
189357,0.046599759021773934
189366,0.03867364558391273
189374,0.05676495167426765
189379,0.03974486165679991
189388,0.07138806767761707
189397,0.024584329570643604
189418,0.05328014586120844
189453,0.0185013486770913
189458,0.07298078807070851
189460,0.10658455593511462
189481,0.03135194559581578
189482,0.10365651175379753
189483,0.0889758849516511
189490,0.04164679953828454
189491,0.014075682614929974
189492,0.06434369250200689
189511,0.04968050657771528
189512,0.019892290816642344
189518,0.031123766908422112
189519,0.08183591673150659
189531,0.029634723905473948
189541,0.301664549857378
189550,0.047232055105268955
189551,0.05445588240399957
189559,0.17655341513454914
189564,0.02782282209955156
189573,0.04441105737350881
189585,0.038354665506631136
189587,0.06280138739384711
189605,0.046666734386235476
189612,0.01733605604385957
189633,0.0077348153572529554
189640,0.011236470367293805
189641,0.07420097198337317
189643,0.02918731712270528
189650,0.04118080507032573
189652,0.032277155900374055
189656,0.07904293620958924
189661,0.2462788186967373
189663,0.09056303277611732
189684,0.03129292046651244
189688,0.025024484959430993
189711,0.08772499905899167
189729,0.07037634495645761
189747,0.052496522665023804
189761,0.04337063827551901
189773,0.028987577417865396
189774,0.00567472459806595
189779,0.17355519626289606
189780,0.017270203097723424
189796,0.017258014413528144
189799,0.08800308592617512
189800,0.018004748853854835
189807,0.025227589649148285
189808,0.034888741094619036
189826,0.04539059312082827
189836,0.018557358416728675
189843,0.04826957895420492
189845,0.055459335912019014
189852,0.12873240746557713
189853,0.18339648190885782
189855,0.009808630915358663
189866,0.01283392938785255
189886,0.12055660504847765
189888,0.028584525687620044
189902,0.1415478941053152
189907,0.13121483102440834
189910,0.021351652801968157
189922,0.008743241109186783
189924,0.03163088206201792
189933,0.02046686934772879
189935,0.06542960647493601
189939,0.009858104749582708
189951,0.33919850550591946
189965,0.047114971559494734
189966,0.09870272316038609
189977,0.04076810763217509
189989,0.031907465774565935
189990,0.07124243769794703
190002,0.031180620891973376
190006,0.36885625310242176
190008,0.015265443129464984
190009,0.08199586812406778
190021,0.008484727557515725
190058,0.03646869212388992
190061,0.032324524130672216
190069,0.03525031474418938
190072,0.050683283945545554
190078,0.044110932387411594
190109,0.11125729233026505
190112,0.18267719727009535
190117,0.12490255199372768
190132,0.0073703307716641575
190133,0.1415914874523878
190153,0.055761555675417185
190164,0.014368181233294308
190167,0.0045975967950653285
190169,0.12236519809812307
190179,0.33562285266816616
190184,0.03198137623257935
190188,0.017205905634909868
190199,0.021627151290886104
190200,0.25435942970216274
190201,0.023353841388598084
190227,0.05691184336319566
190229,0.023584412643685937
190245,0.015340073150582612
190272,0.08588976506143808
190274,0.041980048175901175
190281,0.0758782266639173
190282,0.1424671160057187
190290,0.09494706615805626
190299,0.16240976192057133
190301,0.0850495770573616
190304,0.02829699288122356
190306,0.015987350372597575
190311,0.1067632781341672
190341,0.020817597396671772
190354,0.026384725933894515
190364,0.019608163158409297
190368,0.047008270397782326
190375,0.04908143985085189
190383,0.0298710479401052
190384,0.01946205471176654
190387,0.01970987196546048
190388,0.1770644411444664
190392,0.09885102743282914
190394,0.16445336770266294
190405,0.19580198545008898
190406,0.0775671605952084
190412,0.0337595590390265
190413,0.0813980782404542
190431,0.05563374748453498
190452,0.034669033251702785
190454,0.03182895015925169
190461,0.054845307022333145
190475,0.05652691051363945
190489,0.11445118486881256
190507,0.0670929946936667
190513,0.008633583493065089
190515,0.1934708459302783
190516,0.007866181113058701
190522,0.01890896074473858
190523,0.16106105502694845
190526,0.09567168354988098
190533,0.003474191609711852
190537,0.12745524570345879
190542,0.012250041938386858
190545,0.10320635791867971
190548,0.016672321071382612
190555,0.1337921256199479
190561,0.04469144041649997
190562,0.06653988314792514
190566,0.016755216289311647
190581,0.03485220461152494
190590,0.009938377159414813
190591,0.14245857391506433
190593,0.014564114855602384
190612,0.02959316852502525
190617,0.0494068949483335
190618,0.0788401486352086
190619,0.028550427756272256
190643,0.0923773399554193
190647,0.09952956391498446
190663,0.030929572181776166
190664,0.016524259990546852
190678,0.029320728848688304
190691,0.006592469027964398
190697,0.04290797398425639
190698,0.039036714006215334
190701,0.12550464272499084
190702,0.2023797044530511
190713,0.025790446321479976
190739,0.02030140208080411
190744,0.08322367537766695
190756,0.024071690975688398
190767,0.12759392615407705
190777,0.048102437518537045
190808,0.05746126780286431
190825,0.021773133310489357
190830,0.05513992300257087
190844,0.1608872264623642
190855,0.06801478890702128
190860,0.14594237133860588
190861,0.03999568917788565
190865,0.017011115909554064
190884,0.050537845119833946
190886,0.08238659705966711
190887,0.08332753274589777
190893,0.16583351790905
190899,0.06372792925685644
190900,0.011422918934840709
190901,0.024076463538222015
190903,0.014236575399991125
190909,0.053688633255660534
190911,0.22250560857355595
190916,0.029129801667295396
190922,0.03935771621763706
190926,0.005026533646741882
190927,0.021640849066898227
190929,0.02824343414977193
190931,0.18638325203210115
190948,0.020112397731281817
190954,0.003361160503118299
190957,0.018342065159231424
190965,0.007122421229723841
190978,0.16947708651423454
190986,0.12879006378352642
190990,0.03440858004614711
190993,0.11241658963263035
190998,0.029801355209201574
190999,0.03293137741275132
191028,0.024660128285177052
191033,0.013739290297962725
191042,0.15823124069720507
191076,0.006555511761689559
191114,0.07341071264818311
191137,0.14718212001025677
191138,0.12389005441218615
191140,0.020409269258379936
191141,0.007731632649665698
191143,0.07419899990782142
191145,0.10535323992371559
191161,0.1157839810475707
191167,0.07585867773741484
191192,0.03562794276513159
191199,0.059123251121491194
191200,0.03156654839403927
191205,0.029056476429104805
191206,0.016664415830746293
191214,0.015409110928885639
191217,0.005435342493001372
191222,0.029112081741914153
191224,0.013912067050114274
191232,0.10835920087993145
191238,0.014322578674182296
191243,0.04003664688207209
191247,0.02473097399342805
191250,0.006983293133089319
191266,0.09417390264570713
191278,0.0125329127185978
191279,0.01703167986124754
191282,0.12920396961271763
191287,0.09135646186769009
191290,0.030608258210122585
191291,0.09723407309502363
191296,0.18012288492172956
191301,0.044211306143552065
191304,0.02902534371241927
191305,0.022904029581695795
191306,0.07810671953484416
191324,0.09567971574142575
191359,0.024140053195878863
191360,0.15496241301298141
191362,0.011586948647163808
191371,0.14858241938054562
191379,0.19315107353031635
191394,0.03597283153794706
191413,0.19679538160562515
191430,0.009929260413628072
191435,0.044939749175682664
191449,0.030312372837215662
191452,0.037980919471010566
191464,0.11545472126454115
191465,0.007903647318016738
191466,0.05600511352531612
191469,0.11617697682231665
191490,0.26215381920337677
191494,0.17570872884243727
191498,0.18106460571289062
191506,0.17997254990041256
191508,0.0124238429707475
191509,0.02949907525908202
191515,0.23442139104008675
191524,0.02928134915418923
191548,0.04251230647787452
191562,0.007573313283501193
191568,0.0465790091548115
191596,0.0766763361170888
191609,0.03024106938391924
191619,0.02736540779005736
191624,0.06762318033725023
191628,0.00977119425078854
191630,0.10692537017166615
191648,0.1538567990064621
191649,0.06618640944361687
191654,0.035253189504146576
191655,0.005551371112233028
191659,0.042424103477969766
191674,0.08596297958865762
191675,0.004756501934025437
191680,0.06488177552819252
191681,0.013295532611664385
191684,0.05542383575811982
191686,0.006994876952376217
191721,0.20175658725202084
191722,0.028147152392193675
191726,0.07991767209023237
191727,0.023029834497720003
191732,0.07223858265206218
191735,0.018495712196454406
191738,0.1902048196643591
191745,0.15045328252017498
191746,0.04358408087864518
191751,0.04744091653265059
191761,0.12906846776604652
191772,0.010563001269474626
191785,0.0524527495726943
191794,0.01179914828389883
191799,0.0407294740434736
191806,0.18386937119066715
191807,0.018070711637847126
191809,0.15087466035038233
191824,0.12843558471649885
191826,0.0528462037909776
191834,0.049803944770246744
191837,0.025469333049841225
191841,0.028126179822720587
191845,0.005425766546977684
191847,0.1266928156837821
191850,0.01870321319438517
191869,0.026856109616346657
191873,0.012113216100260615
191876,0.06968031916767359
191878,0.2167798914015293
191880,0.031011340208351612
191881,0.043385680532082915
191883,0.046876790933310986
191898,0.05842235963791609
191907,0.01378542376914993
191910,0.050017232075333595
191918,0.019621039275079966
191920,0.06455892790108919
191923,0.0668670330196619
191942,0.04813045891933143
191943,0.0741119273006916
191951,0.05374088604003191
191952,0.00939811795251444
191958,0.04425687366165221
191963,0.26925922743976116
191971,0.10128689650446177
191992,0.1270032897591591
192000,0.14039316773414612
192001,0.06024990836158395
192008,0.040554427658207715
192018,0.008822732168482617
192029,0.008256282977527007
192030,0.03697166847996414
192031,0.026645028381608427
192043,0.04722394235432148
192045,0.05138898687437177
192052,0.12846721336245537
192056,0.013837261125445366
192071,0.058690113946795464
192082,0.03850720473565161
192088,0.008975871081929654
192103,0.015524934278801084
192105,0.08906650356948376
192119,0.03429461759515107
192144,0.11775658000260592
192151,0.04709843639284372
192158,0.0144321967381984
192163,0.023736058035865426
192172,0.09823851101100445
192176,0.028632276924327016
192177,0.04338030191138387
192212,0.04299963917583227
192221,0.3424539938569069
192223,0.22142384573817253
192224,0.0714198094792664
192238,0.032260945183224976
192239,0.07123263389803469
192252,0.3076099753379822
192259,0.04130378284025937
192268,0.029468197841197252
192274,0.013589899230282754
192276,0.046377914026379585
192277,0.020223747356794775
192289,0.010399138904176652
192296,0.07701048604212701
192308,0.10055833728983998
192309,0.007419268978992477
192315,0.021407683147117496
192322,0.09861394856125116
192324,0.07269045524299145
192343,0.05734465876594186
192345,0.00977580959443003
192367,0.046444547828286886
192375,0.019257171894423664
192382,0.1475611198693514
192389,0.025592438178136945
192390,0.08043511677533388
192391,0.10678155720233917
192423,0.01797536388039589
192427,0.044234760105609894
192431,0.04875470115803182
192433,0.021712614863645285
192451,0.04762256843969226
192453,0.04593119863420725
192455,0.02962195419240743
192468,0.06332232896238565
192469,0.01416521955979988
192474,0.009686724981293082
192481,0.03711115964688361
192482,0.03360062767751515
192483,0.014962217304855585
192486,0.0919303479604423
192490,0.060638654278591275
192491,0.07560314238071442
192494,0.10795326344668865
192507,0.016161329462192953
192508,0.02014129830058664
192509,0.15060472395271063
192525,0.12489980272948742
192526,0.03747611748985946
192528,0.011937474308069795
192535,0.03151041083037853
192545,0.21446454897522926
192548,0.02580519870389253
192572,0.3261237498372793
192594,0.07253574393689632
192607,0.014351460209582001
192625,0.13051513396203518
192626,0.02969365706667304
192631,0.018732337281107903
192632,0.06222667032852769
192636,0.01786217518383637
192637,0.008291909849504009
192655,0.012639411841519177
192657,0.010856692970264703
192674,0.13820102531462908
192675,0.019789637764915824
192680,0.1396044371649623
192682,0.17892456706613302
192686,0.05066963261924684
192698,0.0771539593115449
192703,0.022137840394861996
192705,0.026415582397021353
192717,0.05807333020493388
192720,0.019540263921953738
192721,0.056511626578867435
192722,0.05161733878776431
192728,0.007649459468666464
192734,0.012437222467269748
192739,0.030569245922379196
192740,0.14379493426531553
192752,0.014447129680775106
192761,0.019603346125222743
192770,0.009382957796333358
192780,0.017718780669383705
192782,0.032862135441973805
192783,0.1004750169813633
192789,0.05961097311228514
192796,0.009739116096170619
192800,0.027447550324723125
192802,0.04561613453552127
192811,0.030212170910090208
192812,0.03273478080518544
192815,0.028035857598297298
192838,0.16330082062631845
192861,0.021366852684877813
192868,0.016509249107912183
192872,0.025200524600222707
192876,0.04923137277364731
192877,0.04796147532761097
192897,0.13378915563225746
192898,0.019223791547119617
192903,0.11008471343666315
192904,0.08321877103298903
192905,0.008236422203481197
192911,0.2650444023311138
192920,0.07786512887105346
192921,0.03638094547204673
192922,0.0787751255556941
192942,0.05136266187764704
192946,0.09020924614742398
192963,0.03128272364847362
192978,0.050015457440167665
192979,0.15357175655663013
192981,0.09344387473538518
192991,0.051941695623099804
192995,0.05020079528912902
192998,0.09955924563109875
193019,0.07834241399541497
193027,0.014488812128547579
193028,0.020111712161451578
193032,0.01218322297791019
193036,0.04057326167821884
193044,0.02145621133968234
193046,0.02291249146219343
193049,0.02362149115651846
193050,0.03120899258647114
193054,0.05995240621268749
193057,0.0281321054790169
193060,0.28782334737479687
193075,0.01758708932902664
193088,0.004989311739336699
193091,0.07183233555406332
193112,0.018977881292812526
193122,0.013521810935344547
193123,0.09687199676409364
193128,0.046287897042930126
193133,0.021698922151699662
193143,0.0853925603441894
193150,0.07514756266027689
193151,0.009090406820178032
193160,0.32380950450897217
193180,0.12062338460236788
193198,0.010084278765134513
193204,0.12228674162179232
193207,0.017226787633262575
193210,0.20890544541180134
193225,0.055214693769812584
193232,0.08970646373927593
193248,0.07357421331107616
193249,0.18850417621433735
193262,0.028668686049059033
193270,0.036057519959285855
193273,0.05766727263107896
193275,0.015605279360897839
193286,0.009036020841449499
193289,0.21338669583201408
193290,0.015346702071838081
193311,0.25615668669342995
193321,0.03164322848897427
193322,0.03405204718001187
193340,0.05882989219389856
193349,0.01394032285315916
193368,0.10626793093979359
193369,0.02638880955055356
193375,0.015537844854407012
193385,0.1574142687022686
193389,0.024810430011712015
193394,0.051515914499759674
193396,0.024786960100755095
193398,0.01245628297328949
193402,0.06285001221112907
193409,0.007254826050484553
193421,0.03462529834359884
193426,0.004492174834012985
193430,0.013361253251787275
193436,0.16862061526626348
193437,0.023564164759591222
193440,0.02010601677466184
193441,0.13193802814930677
193449,0.028747224714607
193462,0.01129284012131393
193464,0.03670760057866573
193468,0.014869546925183386
193474,0.010153033072128892
193475,0.011106643127277493
193479,0.14345427975058556
193484,0.08082608785480261
193488,0.03402389318216592
193496,0.04013394680805504
193507,0.0146438438387122
193510,0.16713455319404602
193512,0.007647999096661806
193514,0.04707503691315651
193515,0.09020746871829033
193516,0.10369630716741085
193520,0.0074098120094276965
193522,0.1546780625358224
193541,0.01787045004311949
193545,0.014471887843683362
193549,0.036123199854046106
193554,0.08703043684363365
193558,0.17391582485288382
193568,0.007259466248797253
193569,0.2411355935037136
193579,0.019790401216596365
193587,0.01471068779937923
193589,0.020748009032104164
193613,0.03656358039006591
193642,0.1447097947821021
193643,0.04345526662655175
193647,0.026365302386693656
193648,0.028664854471571743
193663,0.062394892098382115
193664,0.2285331878811121
193665,0.01410111814038828
193672,0.04837908153422177
193675,0.1397194992750883
193686,0.07588134007528424
193692,0.03398776287212968
193706,0.021310041658580303
193725,0.028682327596470714
193726,0.08063956443220377
193727,0.06237870967015624
193733,0.05446228012442589
193738,0.1631827438250184
193739,0.020651047758292407
193745,0.09972340008243918
193759,0.026368102058768272
193767,0.025106010143645108
193774,0.10324126202613115
193776,0.00979553279466927
193777,0.24546528048813343
193787,0.14333857595920563
193789,0.03904576227068901
193793,0.047900877660140395
193805,0.005451092190924101
193808,0.00836263014934957
193816,0.03112372336909175
193817,0.04775542044080794
193821,0.2079485934227705
193831,0.12013003882020712
193832,0.013901311089284718
193874,0.04097959981299937
193879,0.01990649860817939
193882,0.013919395045377314
193910,0.025411069043911994
193915,0.05383470095694065
193916,0.07384770084172487
193921,0.09656278556212783
193924,0.1147625707089901
193926,0.0051695336878765374
193927,0.06523125292733312
193949,0.01570219494169578
193954,0.06499820249155164
193966,0.3011184986680746
193970,0.05520784109830856
193971,0.029277537018060684
193975,0.02957157278433442
193980,0.038062896113842726
193982,0.1251121712848544
193983,0.1366719389334321
193987,0.03063912456855178
193997,0.019852490513585508
194000,0.1029232507571578
194013,0.050974739249795675
194014,0.1583277527242899
194026,0.02745474921539426
194039,0.027964602573774755
194042,0.01889872399624437
194054,0.08535959711298347
194057,0.11377068888396025
194058,0.01814962993375957
194068,0.01846604229649529
194071,0.05022390675731003
194073,0.022288314648903906
194075,0.035254300804808736
194093,0.017979587195441127
194098,0.15404668729752302
194105,0.01772649772465229
194106,0.20916649512946606
194110,0.053183929063379765
194128,0.04794832458719611
194137,0.030751026701182127
194149,0.01817377796396613
194150,0.03184224129654467
194155,0.0675920438952744
194157,0.08822513651102781
194158,0.06382999662309885
194164,0.023690887494012713
194165,0.05932528292760253
194166,0.009021741279866546
194170,0.03992642811499536
194171,0.02378374378895387
194177,0.02699785795994103
194187,0.03505475330166519
194188,0.03274524072185159
194213,0.0436368437949568
194229,0.25486159324645996
194230,0.030753074563108385
194241,0.0030797787112533115
194243,0.022630148334428668
194244,0.045828810427337885
194276,0.009227737813489512
194279,0.012010546633973718
194280,0.02801092353183776
194281,0.06560141127556562
194291,0.014422567561268806
194293,0.37073840387165546
194306,0.01255899789975956
194307,0.04163751471787691
194308,0.031010278733447194
194310,0.1542932540178299
194314,0.04953034617938101
194326,0.1588463457301259
194330,0.14311114512383938
194338,0.01325813785661012
194366,0.15508564468473196
194370,0.008841802831739187
194371,0.018790256406646222
194379,0.021943244617432356
194382,0.048807735089212656
194383,0.13159764930605888
194395,0.3098990749567747
194402,0.012248262122739106
194406,0.011306996922940016
194408,0.31569453328847885
194413,0.05026136268861592
194414,0.03176651615649462
194419,0.045098247239366174
194423,0.16465885750949383
194424,0.10791054647415876
194429,0.06467221351340413
194436,0.11819042358547449
194468,0.05517807463183999
194469,0.007255464850459248
194478,0.05787806026637554
194480,0.2253426481038332
194484,0.07824040250852704
194505,0.09438119363039732
194514,0.05445160996168852
194516,0.014009045553393662
194523,0.1793817775323987
194526,0.01643472455907613
194533,0.01907284650951624
194534,0.028017477598041296
194536,0.038278094958513975
194548,0.04016751982271671
194552,0.15908308792859316
194558,0.08214863482862711
194561,0.08139012102037668
194563,0.019659087294712663
194569,0.07573811756446958
194581,0.4411976896226406
194586,0.03260337724350393
194590,0.020694038248620927
194598,0.08353229751810431
194600,0.013227024581283331
194603,0.022664452146273106
194604,0.01952222257386893
194605,0.051257117884233594
194607,0.10778557136654854
194610,0.07084790337830782
194620,0.016884492826648057
194627,0.14635739289224148
194650,0.24298403225839138
194652,0.036862246808595955
194659,0.02016192057635635
194660,0.0850473428145051
194662,0.01805889466777444
194665,0.03521218884270638
194675,0.051429675659164786
194677,0.0868556248024106
194679,0.005943937139818445
194691,0.3602569308131933
194696,0.028023659717291594
194713,0.0856615980155766
194716,0.07861691666767001
194717,0.044651578180491924
194725,0.028468047385104
194732,0.021998369018547237
194737,0.09249929012730718
194738,0.16687180940061808
194769,0.03613975225016475
194791,0.0473383110947907
194802,0.05816704221069813
194806,0.04088589875027537
194810,0.01687096949899569
194812,0.03063601511530578
194813,0.020860814838670194
194816,0.023402923834510148
194827,0.021424009231850505
194844,0.011453146464191377
194856,0.03855509799905121
194860,0.013559069950133562
194866,0.015915259660687298
194867,0.028526815702207386
194877,0.12455082405358553
194879,0.14058721531182528
194880,0.013305415865033865
194881,0.018348517536651343
194887,0.021552888152655214
194900,0.012470828252844512
194906,0.025564443902112544
194907,0.07003089785575867
194908,0.0920352884568274
194914,0.05121768335811794
194934,0.1800284069031477
194955,0.0645093428902328
194956,0.051756976172327995
194965,0.020581765449605882
194966,0.04283480835147202
194980,0.03011320438235998
194985,0.08865502150729299
194986,0.059475547866895795
194995,0.024266921333037317
194999,0.01852562022395432
195000,0.04882490495219827
195010,0.043841525446623564
195013,0.06699796672910452
195044,0.03367155813612044
195048,0.047275142977014184
195050,0.2944669369608164
195051,0.09546559490263462
195055,0.11785199958831072
195070,0.03912348439916968
195074,0.23407510854303837
195075,0.04619046673178673
195077,0.13048680871725082
195081,0.022593061556108296
195088,0.024689336074516177
195089,0.008714544557733461
195091,0.007093644293490797
195096,0.20383226871490479
195100,0.08932551695033908
195103,0.07674112496897578
195116,0.014064842544030398
195117,0.0758942156098783
195129,0.10849395208060741
195151,0.008330459415446967
195158,0.04447690490633249
195164,0.0724082007072866
195176,0.13688846677541733
195186,0.08800167916342616
195187,0.2722202446311712
195198,0.018110592267476022
195201,0.01608741725794971
195207,0.0540885915979743
195214,0.08243591105565429
195215,0.05395276332274079
195234,0.03120393049903214
195235,0.018200082704424858
195239,0.022940380265936255
195240,0.06310304021462798
195253,0.03996585146524012
195255,0.013450910104438663
195280,0.017296512378379703
195291,0.008507831720635295
195293,0.08225143700838089
195300,0.012856444460339844
195306,0.041898624040186405
195307,0.08991894777864218
195322,0.0384400172624737
195326,0.11992849316447973
195330,0.006230526108993217
195341,0.15347512532025576
195343,0.10175531357526779
195367,0.012076394632458687
195369,0.07172120176255703
195371,0.013453139341436327
195372,0.025103206164203584
195389,0.07795030763372779
195415,0.01904050027951598
195435,0.08027555979788303
195439,0.06253249803557992
195440,0.037938506342470646
195444,0.019145379425026476
195447,0.02499016746878624
195450,0.009525215718895197
195451,0.01637882279464975
195456,0.03873263928107917
195457,0.06755048967897892
195461,0.2145039215683937
195462,0.05240729823708534
195463,0.015019886079244316
195466,0.0556425591930747
195468,0.01290851621888578
195469,0.06659189285710454
195489,0.02282634365838021
195495,0.03637964162044227
195496,0.11071517784148455
195504,0.12673433870077133
195505,0.07266751024872065
195506,0.0494446933735162
195511,0.034319215919822454
195518,0.03580546728335321
195519,0.11720891483128071
195529,0.010973064345307648
195531,0.026981285889633
195546,0.017832829733379185
195547,0.019665553409140557
195552,0.042769302846863866
195577,0.019416641851421446
195579,0.019752953958231956
195588,0.05532231437973678
195597,0.04249249934218824
195607,0.004208314509014599
195617,0.020913448533974588
195626,0.05728064477443695
195632,0.207175487652421
195634,0.11841156333684921
195635,0.009678946516942233
195645,0.0509154936298728
195648,0.034369944711215794
195674,0.1553452517837286
195691,0.017726010992191732
195695,0.26196672208607197
195703,0.06976775312796235
195710,0.05094265937805176
195711,0.020798327401280403
195727,0.05767541192471981
195729,0.017023705295287073
195734,0.039598423056304455
195739,0.11195231694728136
195740,0.015161567367613316
195746,0.29080612398684025
195750,0.25722050480544567
195769,0.22382648289203644
195772,0.09484329773113132
195785,0.00753937877016142
195789,0.21241813153028488
195793,0.0738406297750771
195801,0.03580335224978626
195803,0.054455426055938005
195810,0.15791528020054102
195818,0.035182692226953804
195819,0.3106200937181711
195823,0.11215752549469471
195828,0.10782289132475853
195836,0.047470295103266835
195843,0.1312860930338502
195858,0.13087170105427504
195876,0.05865624127909541
195890,0.08286382025107741
195891,0.06607456598430872
195900,0.02343512000516057
195905,0.07609173282980919
195910,0.08831428876146674
195911,0.09677638672292233
195912,0.03916723886504769
195917,0.07685077097266912
195918,0.18499955162405968
195923,0.2640305422246456
195937,0.20217967219650745
195940,0.31318934820592403
195945,0.028597911819815636
195946,0.0387172345072031
195948,0.04436064185574651
195955,0.02911785850301385
195957,0.14764757826924324
195958,0.018213903065770864
195959,0.1951236128807068
195970,0.009998570603784174
195974,0.006205120705999434
195979,0.0842449115589261
195990,0.08552920259535313
196004,0.08118558209389448
196007,0.11519157234579325
196012,0.12417557835578918
196019,0.058927692007273436
196029,0.19513351563364267
196034,0.07230069348588586
196042,0.03641990735195577
196066,0.22507835738360882
196067,0.10704845562577248
196071,0.01887164858635515
196074,0.15182850696146488
196075,0.01722490764223039
196079,0.005545221734791994
196080,0.26704390347003937
196082,0.05206602159887552
196083,0.03568949573673308
196085,0.22258066199719906
196115,0.03728122403845191
196118,0.13084039418026805
196128,0.042886750074103475
196149,0.04032038198783994
196150,0.018092080135829747
196162,0.14156406000256538
196194,0.16733132861554623
196198,0.006769964849809185
196204,0.010192214278504252
196206,0.025242153089493513
196210,0.2589020822197199
196220,0.034943781327456236
196221,0.01174459361936897
196230,0.012150272610597312
196236,0.08068346325308084
196242,0.066461066249758
196256,0.1895109061151743
196261,0.18849849607795477
196274,0.013119707873556763
196281,0.024995463551022112
196303,0.009793740406166762
196305,0.21199909411370754
196322,0.03603395959362388
196343,0.00669160604593344
196346,0.07905787182971835
196354,0.0850429623387754
196357,0.02672188577707857
196359,0.012209261360112578
196360,0.18561897613108158
196361,0.01441198936663568
196364,0.19931346829980612
196371,0.009872731752693653
196375,0.025480245356447995
196377,0.01939957297872752
196378,0.03493461897596717
196381,0.017454559449106455
196384,0.011520202679093927
196385,0.0661867973394692
196388,0.09586122026666999
196394,0.2354867234826088
196400,0.23024455830454826
196401,0.10112374648451805
196404,0.08005671761929989
196411,0.06580038834363222
196436,0.0852294135838747
196443,0.04112416063435376
196444,0.16302126552909613
196446,0.2136521590873599
196475,0.1297933803871274
196476,0.13783575035631657
196486,0.025399260688573122
196489,0.17851977422833443
196492,0.0369764247443527
196498,0.11568874679505825
196500,0.007832567585865036
196505,0.26002564653754234
196507,0.04156116861850023
196510,0.0897040432319045
196514,0.020471245516091585
196530,0.020055448752827942
196544,0.00625022454187274
196551,0.08492877148091793
196578,0.012767905020155013
196585,0.0919592254795134
196587,0.010797686409205198
196588,0.18241007719188929
196594,0.11126776598393917
196598,0.07607072032988071
196605,0.013683580094948411
196618,0.01813231874257326
196619,0.03289857576601207
196623,0.08728983392938972
196624,0.06139420159161091
196643,0.05702990898862481
196649,0.028556715231388807
196650,0.008304080693051219
196656,0.008622704743174836
196663,0.2916018534451723
196667,0.16789482533931732
196669,0.1439389130100608
196681,0.19682628847658634
196717,0.03334464714862406
196726,0.11544605065137148
196728,0.020443016022909433
196729,0.03861301229335368
196731,0.02830704557709396
196736,0.04528659046627581
196738,0.042403833009302616
196745,0.04755163309164345
196747,0.023720183060504496
196748,0.05395918642170727
196753,0.02004084619693458
196757,0.013060224242508411
196760,0.034281148575246334
196777,0.203564940020442
196788,0.04517674655653536
196799,0.020450515090487897
196808,0.02819306426681578
196819,0.015350562811363488
196825,0.022151051089167595
196826,0.09663885878399014
196834,0.015599144448060542
196841,0.2388381902128458
196847,0.05306510394439101
196849,0.03236767463386059
196851,0.09629531856626272
196867,0.039737382903695107
196884,0.05528486124239862
196889,0.16130253672599792
196898,0.10331625444814563
196901,0.009629472420783713
196917,0.05327951046638191
196930,0.12415091600269079
196936,0.07479033479467034
196956,0.004843863207497634
196959,0.009127049677772447
196962,0.03352629975415766
196963,0.046009891433641315
196971,0.12908069416880608
196972,0.07191423512995243
196977,0.022635470377281308
196984,0.01376124657690525
196985,0.1230693943798542
197010,0.2825793996453285
197029,0.0982645321637392
197040,0.01581817038822919
197058,0.24668018892407417
197060,0.032452869578264654
197064,0.18430409021675587
197075,0.02972708735615015
197083,0.13931585755199194
197102,0.18560674227774143
197103,0.12730742990970612
197107,0.0396289243362844
197129,0.07015107944607735
197135,0.011595105694141239
197140,0.011209888849407434
197150,0.08798299636691809
197152,0.02070358267519623
197153,0.03018936177249998
197154,0.009623134508728981
197156,0.21152102760970592
197166,0.010494240326806903
197167,0.017759824520908296
197177,0.07300889259204268
197178,0.03138177399523556
197187,0.06805833661928773
197191,0.025985045940615237
197205,0.05859261518344283
197206,0.15805327706038952
197219,0.07485380722209811
197224,0.007731602585408837
197245,0.08060002094134688
197246,0.0564711750485003
197273,0.139939128421247
197275,0.022752732736989856
197278,0.036030372604727745
197288,0.07229344476945698
197290,0.042239039205014706
197294,0.037034269189462066
197295,0.02197500760667026
197311,0.05604486772790551
197314,0.14234895911067724
197320,0.16145795211195946
197321,0.14328728336840868
197324,0.20857686176896095
197327,0.027249007020145655
197332,0.051944353617727757
197333,0.2309594489634037
197335,0.01846062485128641
197348,0.011526695801876485
197362,0.05821019923314452
197363,0.2161079030483961
197368,0.008078776416368783
197378,0.06200355291366577
197381,0.21323469653725624
197384,0.03261791751720011
197386,0.08867061929777265
197393,0.03939356724731624
197396,0.03684080927632749
197400,0.022759179468266666
197408,0.015072466805577278
197412,0.03564710868522525
197413,0.24185417778789997
197415,0.015633393020834774
197418,0.23059748113155365
197427,0.027566858450882137
197443,0.24595516920089722
197448,0.06587703549303114
197449,0.01837300299666822
197470,0.03739851713180542
197478,0.10754312202334404
197482,0.06963078957051039
197488,0.06505706906318665
197491,0.1138253272511065
197495,0.04628297802992165
197498,0.04916740721091628
197502,0.07432932313531637
197507,0.0711880917660892
197509,0.07354648830369115
197510,0.1217986112460494
197512,0.04378833272494376
197513,0.01993069879245013
197524,0.06568835582584143
197525,0.03545017330907285
197529,0.41916612908244133
197533,0.01942714990582317
197534,0.22376827709376812
197540,0.06021911045536399
197541,0.00924425240373239
197559,0.012610287521965802
197566,0.02294181170873344
197582,0.01805725449230522
197585,0.04890127317048609
197587,0.042194832814857364
197595,0.15098423976451159
197598,0.02821695152670145
197601,0.012990315270144492
197603,0.0324771786108613
197607,0.0523340345826
197611,0.12578069511801004
197625,0.08926456980407238
197631,0.024015832343138754
197633,0.03506482276134193
197638,0.11425312422215939
197640,0.056090697180479765
197644,0.002416230105154682
197645,0.014612659811973572
197646,0.21983329579234123
197650,0.016963538946583867
197657,0.08693781215697527
197664,0.02815230214037001
197668,0.037264564889483154
197681,0.023215841385535896
197682,0.08167582796886563
197693,0.0627800920046866
197695,0.07615298591554165
197699,0.14786652103066444
197709,0.015986039012204856
197711,0.15208712220191956
197715,0.012025871546939015
197716,0.12140460032969713
197722,0.09993568994104862
197728,0.05879764351993799
197729,0.03085364494472742
197730,0.09202947001904249
197744,0.015851955860853195
197768,0.02739541803020984
197770,0.01737713988404721
197775,0.30160364508628845
197788,0.020949163590557873
197795,0.018501180573366582
197806,0.1898559257388115
197808,0.04998333496041596
197812,0.11414125468581915
197813,0.027883614762686193
197822,0.019913002150133252
197827,0.0420779031701386
197828,0.028852037154138088
197836,0.030966799007728696
197857,0.005872137320693582
197862,0.10084410104900599
197872,0.046057122526690364
197892,0.017702252021990716
197903,0.07743459986522794
197907,0.09291962441056967
197908,0.048986931098625064
197916,0.03321621776558459
197921,0.03598296642303467
197924,0.02701389347203076
197930,0.08055133325979114
197934,0.12252832390367985
197942,0.03580475063063204
197945,0.327174074947834
197958,0.016428608098067343
197959,0.012126829707995057
197967,0.08350456319749355
197969,0.1249686498194933
197978,0.28375368379056454
197999,0.029846429591998458
198001,0.16796120535582304
198004,0.012018504610750824
198007,0.04070147126913071
198019,0.08996128151193261
198020,0.03973444690927863
198024,0.16568049602210522
198026,0.09605498798191547
198038,0.03558521927334368
198044,0.009916159586282447
198050,0.1556732738390565
198054,0.20830964669585228
198055,0.06224255682900548
198082,0.044064488844014704
198094,0.026427776785567403
198095,0.021139046177268028
198099,0.05005657905712724
198101,0.09513528877869248
198102,0.024610248510725796
198114,0.1178418262861669
198125,0.03756735613569617
198127,0.04641404072754085
198128,0.02258896513376385
198137,0.01027823961339891
198141,0.007928417064249516
198142,0.060850432608276606
198155,0.05218101595528424
198179,0.11477524787187576
198181,0.19758364371955395
198184,0.04705195012502372
198185,0.024041469558142126
198186,0.0662539810873568
198187,0.1287096869200468
198193,0.019095262163318694
198197,0.04062545392662287
198209,0.024297401658259332
198221,0.07476238813251257
198225,0.06123621668666601
198229,0.15471368841826916
198237,0.12685588840395212
198239,0.2120562046766281
198247,0.06133910175412893
198253,0.05084794294089079
198272,0.007003562030149624
198279,0.009571699425578117
198282,0.016921945207286626
198284,0.009790478041395545
198285,0.014682240667752922
198287,0.05634596385061741
198294,0.0644998294301331
198309,0.025524894008412957
198312,0.19553313590586185
198315,0.049866450019180775
198323,0.054246996995061636
198331,0.06704914383590221
198333,0.2184513658285141
198359,0.05708384932950139
198370,0.03748520161025226
198378,0.029013541527092457
198379,0.13561321329325438
198381,0.006043272995157167
198383,0.045984087977558374
198384,0.08623820496723056
198385,0.05701804580166936
198420,0.1965459268540144
198421,0.18874478712677956
198425,0.07917002821341157
198427,0.09592921333387494
198429,0.011652165616396815
198437,0.03360438428353518
198445,0.018858534866012633
198452,0.01587930612731725
198454,0.024173490470275283
198487,0.01283032272476703
198523,0.14709197916090488
198528,0.12242231424897909
198530,0.23073052056133747
198539,0.017628502391744405
198540,0.03952381224371493
198547,0.03558091283775866
198566,0.017361112753860652
198568,0.015917375683784485
198569,0.050398449995554984
198595,0.013566633278969675
198600,0.021794574102386832
198614,0.057218891102820635
198617,0.016547782986890525
198619,0.421877920627594
198627,0.06312314653769135
198640,0.006977815792197362
198655,0.19892523810267448
198664,0.11372781824320555
198665,0.007676477602217346
198666,0.25970329344272614
198670,0.0241323783993721
198673,0.46104438975453377
198680,0.05845804885029793
198689,0.034577010199427605
198690,0.09877852350473404
198702,0.025406224885955453
198703,0.019752471009269357
198704,0.12077755108475685
198714,0.13867887575179338
198715,0.16662030015140772
198717,0.013586743152700365
198718,0.018832435132935643
198720,0.20414780266582966
198721,0.004802001392818056
198730,0.0285713542252779
198739,0.08364377915859222
198754,0.03055167116690427
198761,0.012312696140725166
198772,0.009119163325522095
198774,0.015705015743151307
198775,0.10180212557315826
198779,0.04196880618110299
198783,0.010709595488151535
198790,0.04291676380671561
198794,0.12942630052566528
198798,0.1813382115215063
198799,0.040157709736377
198802,0.16755164600908756
198806,0.07110286643728614
198847,0.03098314069211483
198854,0.18549349159002304
198858,0.053295696852728724
198859,0.1199167724698782
198865,0.19709951430559158
198872,0.04084597574546933
198874,0.04158456530421972
198878,0.04889043187722564
198883,0.0608811154961586
198884,0.03606815077364445
198891,0.016864197561517358
198899,0.11750988382846117
198907,0.06568630132824183
198916,0.06357071944512427
198917,0.16224632039666176
198934,0.02291393850464374
198937,0.014390099793672562
198938,0.01003592909546569
198941,0.06919080438092351
198957,0.03137246402911842
198966,0.044539294904097915
198984,0.021709580323658884
198997,0.0015972687215253245
199001,0.07215079758316278
199003,0.05784765351563692
199009,0.03946471260860562
199011,0.006558124616276473
199013,0.03151841298677027
199015,0.009477180865360424
199024,0.02733371767681092
199026,0.05533966841176152
199027,0.36713013239204884
199029,0.061601038090884686
199030,0.07067170762456954
199041,0.0075970045872963965
199048,0.12825867999345064
199057,0.05514844600111246
199058,0.009682795964181423
199062,0.011375041969586164
199067,0.02019062516046688
199070,0.05189422471448779
199075,0.012246165541000664
199076,0.004608947318047285
199092,0.06842686515301466
199096,0.014986881229560822
199104,0.128561457619071
199114,0.04901650897227228
199115,0.010050602548290044
199117,0.023018682724796236
199126,0.11028862139210105
199131,0.07573932083323598
199141,0.0466575229074806
199145,0.015549912641290575
199150,0.11835934408009052
199151,0.03265644912607968
199153,0.015057011099997908
199166,0.014050443656742573
199167,0.05358732515014708
199177,0.08205471653491259
199182,0.028662463184446096
199183,0.16859871055930853
199185,0.008717132528545335
199212,0.015960555872879922
199213,0.07872767420485616
199222,0.15390703175216913
199229,0.03461051359772682
199230,0.029435622273012996
199242,0.44384536519646645
199243,0.013097919465508312
199246,0.02704523818101734
199247,0.07870026119053364
199249,0.03751924098469317
199262,0.09755853470414877
199263,0.023049606010317802
199275,0.008474757487419993
199276,0.11049830913543701
199287,0.03254589275456965
199298,0.01729209825862199
199304,0.06264754617586732
199307,0.008624660433270037
199311,0.07345560751855373
199316,0.020144654670730233
199320,0.17784137651324272
199321,0.09974861284717917
199325,0.04112269589677453
199326,0.11899388674646616
199327,0.09350648615509272
199334,0.012500564043875784
199344,0.26923361234366894
199345,0.036230668891221285
199352,0.09831099770963192
199364,0.07275797938928008
199378,0.06808257242664695
199379,0.015975783113390207
199387,0.023748584324494004
199405,0.059456147719174623
199418,0.2077006008476019
199424,0.06928574107587337
199425,0.022798502701334655
199432,0.02525585424154997
199433,0.043318847892805934
199442,0.0961757367476821
199446,0.04897370096296072
199457,0.014007077203132212
199458,0.02573202771600336
199477,0.03754702699370682
199522,0.059704048093408346
199525,0.16141992341727018
199533,0.10811870731413364
199536,0.028914972790516913
199537,0.01402681862236932
199550,0.0691952626220882
199560,0.020407130592502654
199564,0.2004332495853305
199575,0.07521524420008063
199580,0.006480311421910301
199586,0.03469198849052191
199597,0.05855925753712654
199598,0.1087802154943347
199604,0.012046360818203539
199608,0.12557789497077465
199609,0.14166936930269003
199616,0.016524342354387045
199625,0.028395198052749038
199648,0.15740849543362856
199650,0.03187953925225884
199655,0.011097085603978485
199663,0.02725526806898415
199670,0.013172049657441676
199673,0.06636068504303694
199685,0.08422003360465169
199696,0.040261755464598536
199703,0.04884672514162958
199704,0.0228596132947132
199706,0.03483099490404129
199727,0.05429858062416315
199740,0.10746452491730452
199746,0.2332663405686617
199764,0.17927073128521442
199766,0.1775076426565647
199785,0.010803994548041373
199786,0.011368615203537047
199795,0.04411650635302067
199797,0.05144167295657098
199803,0.26753530092537403
199804,0.12106100935488939
199810,0.06024572625756264
199815,0.020418475731275976
199822,0.03199229086749256
199824,0.030137129360809922
199828,0.04376468062400818
199833,0.13389289379119873
199840,0.06404862413182855
199844,0.04373976192437112
199846,0.10144595056772232
199858,0.09017108473926783
199862,0.021773161133751273
199865,0.06585244182497263
199866,0.02420226181857288
199869,0.08016874128952622
199870,0.017540514236316085
199871,0.06411045743152499
199878,0.01573235768591985
199889,0.04967580479569733
199891,0.06106212385930121
199898,0.009670297324191779
199903,0.003941551301977597
199904,0.024191734963096678
199924,0.1007291660644114
199950,0.016031177365221083
199954,0.028988364967517555
199956,0.007790357660269365
199962,0.13359730131924152
199965,0.3781631160527468
199971,0.02059198566712439
199972,0.08381787035614252
199988,0.12267543096095324
199995,0.19868338480591774
199997,0.04088677163235843
199998,0.06795596750453115
199999,0.033040659269317985
200011,0.0511125426273793
200012,0.01132410392165184
200016,0.007706871401751414
200019,0.005931754130870104
200030,0.01663955085678026
200031,0.04318457655608654
200032,0.012271660147234797
200038,0.043680391274392605
200043,0.019976443029008806
200044,0.08383903233334422
200045,0.1758902044966817
200053,0.2586957011371851
200057,0.034521135268732905
200061,0.018266445491462946
200064,0.03345377114601433
200071,0.4010862596333027
200084,0.21710007451474667
200085,0.01245804486097768
200086,0.10019954526796937
200093,0.05375924822874367
200095,0.07816614117473364
200105,0.013924099039286375
200111,0.020504872198216617
200116,0.09608181659132242
200125,0.1485854797065258
200126,0.05856286222115159
200157,0.039533247705549
200173,0.3184911534190178
200181,0.04361417586915195
200185,0.017700660042464733
200187,0.030273984419181943
200193,0.016190704191103578
200200,0.07899434445425868
200202,0.014475481875706464
200206,0.1270810402929783
200207,0.009443519986234605
200216,0.008997955213999376
200229,0.10989444190636277
200234,0.0035456652549328282
200241,0.06213306589052081
200244,0.022697051521390676
200258,0.08353643072769046
200262,0.08206537831574678
200268,0.2203509546816349
200277,0.04999372106976807
200286,0.012095867947209626
200293,0.054010091815143824
200299,0.14643030893057585
200306,0.04512962652370334
200335,0.015388411935418844
200358,0.04935784451663494
200366,0.01899269933346659
200367,0.008516759786289185
200370,0.03233201312832534
200373,0.2052146615460515
200374,0.0485860388725996
200383,0.06412743264809251
200387,0.09472431428730488
200390,0.09110610466450453
200391,0.06684346543624997
200421,0.15345908235758543
200437,0.053807325195521116
200442,0.029253945453092456
200447,0.01622386946110055
200460,0.03791414899751544
200463,0.09494548384100199
200467,0.1811678744852543
200487,0.05367826297879219
200488,0.0463476674631238
200490,0.08738845679908991
200493,0.0307123267557472
200494,0.02972020348533988
200501,0.054398491978645325
200506,0.046171258203685284
200516,0.010573414678219706
200518,0.06786176282912493
200520,0.09359791548922658
200523,0.04642752115614712
200524,0.14203665778040886
200525,0.028497785096988082
200534,0.03188338573090732
200538,0.07701850356534123
200552,0.02569586888421327
200556,0.01734546007355675
200557,0.15329654049128294
200567,0.013397472037468106
200568,0.027817049995064735
200570,0.038490776903927326
200572,0.0938257914967835
200576,0.017753154155798256
200585,0.06418543169274926
200587,0.08953109756112099
200588,0.13587148115038872
200593,0.11250324919819832
200594,0.037850874941796064
200595,0.12234916910529137
200603,0.20374207571148872
200615,0.022784235421568155
200624,0.10164496069774032
200631,0.19384514167904854
200632,0.010162174177821726
200636,0.027971084462478757
200638,0.026716001448221505
200641,0.03155729884747416
200650,0.028326514875516295
200653,0.01307915971847251
200657,0.10255820117890835
200668,0.11857506446540356
200669,0.030359467258676887
200670,0.029531371546909213
200676,0.08296583406627178
200697,0.017494484200142324
200710,0.08028293773531914
200720,0.029396580066531897
200729,0.010592655511572957
200749,0.057594147976487875
200753,0.14243772067129612
200755,0.03672032989561558
200756,0.030741095077246428
200757,0.05223888624459505
200768,0.07786104129627347
200776,0.00940866960445419
200799,0.19980876613408327
200801,0.011485687107779086
200810,0.05204656207934022
200823,0.050687518902122974
200832,0.5719600096344948
200836,0.021851502475328743
200838,0.01073533738963306
200864,0.17064059153199196
200867,0.02595804538577795
200869,0.030711773550137877
200873,0.09980503283441067
200876,0.010626652336213738
200881,0.024157712934538722
200883,0.012512889050412923
200890,0.04301116499118507
200895,0.03477919916622341
200897,0.033114202436991036
200899,0.025306548341177404
200900,0.03367011062800884
200907,0.088472168892622
200912,0.020860434626229107
200926,0.0473247324116528
200930,0.07555249892175198
200971,0.007435741717927158
200974,0.017210057005286217
200979,0.019542280584573746
200998,0.039650182938203216
201008,0.17568411026149988
201018,0.040608031675219536
201026,0.013330112618859857
201043,0.022373465821146965
201049,0.010182137077208608
201050,0.06013434659689665
201061,0.033742102794349194
201062,0.007542228151578456
201072,0.015608993824571371
201076,0.07301039202138782
201077,0.04053276660852134
201081,0.14075799472630024
201084,0.19497606810182333
201089,0.02548153419047594
201092,0.005943113472312689
201109,0.027475339942611754
201110,0.13795905001461506
201116,0.016118993458803743
201122,0.15027241967618465
201135,0.1429311716929078
201143,0.006949789938516915
201153,0.01629054924705997
201159,0.053213829174637794
201165,0.012755030067637563
201187,0.09902969934046268
201197,0.02488746726885438
201218,0.08166785072535276
201219,0.0881221960298717
201231,0.026544426335021853
201234,0.015297157457098365
201243,0.013809631287585944
201246,0.22250200249254704
201254,0.06561071332544088
201256,0.012195482850074768
201262,0.22548949532210827
201263,0.030793598853051662
201272,0.2545941639691591
201273,0.025682849809527397
201281,0.11198151111602783
201290,0.03654913301579654
201294,0.04533630143851042
201296,0.0037200233346084133
201320,0.007918795279692858
201332,0.0221592205343768
201342,0.05056053400039673
201343,0.020085564232431352
201347,0.038822928443551064
201350,0.03365233726799488
201351,0.08910165913403034
201362,0.13682893384248018
201363,0.055460810428485274
201368,0.10064954031258821
201373,0.01763661962468177
201375,0.014709612121805549
201378,0.029701574589125812
201386,0.06052593234926462
201387,0.010306050709914416
201390,0.2507030665874481
201393,0.1768479561433196
201409,0.02853087754920125
201442,0.049470995320007205
201444,0.045369094936177135
201447,0.07845339830964804
201451,0.014071386773139238
201474,0.09803041722625494
201481,0.023795519140549004
201491,0.009408469079062343
201498,0.021814960171468556
201499,0.08230064995586872
201501,0.08611833723261952
201502,0.020687356940470636
201516,0.01840938802342862
201517,0.025726644322276115
201524,0.027988698100671172
201526,0.4118773266673088
201528,0.005599921554676257
201532,0.030820072861388326
201543,0.23259349912405014
201544,0.04022408649325371
201546,0.13387949857860804
201552,0.01696729427203536
201554,0.0682447268627584
201556,0.012715233257040381
201557,0.030800027074292302
201559,0.058796023949980736
201575,0.13708017952740192
201592,0.10633009299635887
201593,0.10806788317859173
201600,0.09408580278977752
201630,0.13654527999460697
201631,0.06796009046956897
201635,0.014411256939638406
201638,0.045328460866585374
201642,0.03593453485518694
201645,0.013186697557102889
201660,0.01565989025402814
201663,0.0283134012715891
201665,0.008257382432930171
201674,0.03479195781983435
201675,0.019333519390784204
201677,0.07205393398180604
201688,0.2830272689461708
201698,0.054697971791028976
201706,0.012961377738974988
201709,0.007437626569299027
201710,0.16778189735487103
201718,0.05821626330725849
201720,0.04897801764309406
201727,0.09429836040362716
201730,0.021799110691063106
201732,0.03936775284819305
201733,0.01731721730902791
201736,0.06831523822620511
201738,0.044121893821284175
201744,0.12258991971611977
201747,0.16765311360359192
201751,0.061685976572334766
201766,0.15769322868436575
201777,0.015091401524841785
201778,0.02665785956196487
201785,0.22715958766639233
201804,0.02747432398609817
201808,0.11414056364446878
201813,0.11051241029053926
201815,0.007316806819289923
201820,0.059268240351229906
201825,0.031523328740149736
201830,0.018044436525087804
201838,0.007885659870225936
201839,0.11772419232875109
201845,0.06720325397327542
201849,0.007875092211179435
201850,0.019595368532463908
201853,0.026177176972851157
201856,0.06496761809103191
201873,0.1307004215195775
201875,0.013760412519332021
201906,0.049189390847459435
201907,0.08073367830365896
201908,0.03666131151840091
201909,0.13219779636710882
201911,0.15284047462046146
201927,0.015944735729135573
201928,0.0287683738861233
201937,0.010553176805842668
201943,0.08206678787246346
201946,0.031572332489304245
201948,0.014619424298871309
201949,0.1222852235659957
201955,0.005325385718606412
201962,0.0185458428459242
201977,0.023815277963876724
201996,0.018348216079175472
201997,0.1399912452325225
202004,0.0404698729980737
202005,0.015998577349819243
202006,0.0389298542868346
202010,0.011628933600150049
202020,0.038904090877622366
202029,0.23724551126360893
202033,0.056639839662238955
202034,0.073925428558141
202040,0.2020083498209715
202045,0.013668617117218673
202048,0.010099373059347272
202055,0.024372702813707292
202058,0.021130231907591224
202062,0.028873539762571454
202073,0.18616139143705368
202078,0.01834269962273538
202079,0.14563117735087872
202080,0.057339752558618784
202085,0.06982624344527721
202090,0.035160236759111285
202092,0.1304332846775651
202114,0.034932672744616866
202124,0.012323105824179947
202133,0.03117960295639932
202136,0.06297140941023827
202150,0.014135919802356511
202156,0.00778143061324954
202159,0.048645067727193236
202165,0.02736180427018553
202167,0.09969835542142391
202168,0.03237025928683579
202169,0.10469205304980278
202170,0.10008644126355648
202204,0.026120078400708735
202209,0.031503698555752635
202216,0.034906356828287244
202220,0.03092388086952269
202228,0.03258399502374232
202229,0.02389532292727381
202231,0.052312979474663734
202232,0.004638007550965995
202234,0.11100808996707201
202252,0.15339697990566492
202253,0.11900865193456411
202272,0.02084565837867558
202273,0.03884469368495047
202292,0.011605290812440217
202300,0.012876955617684871
202302,0.026313288370147347
202311,0.0033618127199588344
202316,0.015186971053481102
202318,0.10489011649042368
202324,0.07906299270689487
202343,0.11470223357900977
202344,0.08289812551811337
202349,0.013606284919660538
202351,0.059651429299265146
202355,0.007697541615925729
202379,0.0810913355089724
202407,0.0085585952620022
202409,0.1199112394824624
202410,0.03964443947188556
202422,0.06484272982925177
202423,0.05313231726177037
202435,0.028807301307097077
202437,0.18056333251297474
202438,0.08174378145486116
202439,0.10052226670086384
202441,0.07301880419254303
202444,0.00598052705754526
202446,0.07874847995117307
202450,0.0585744259878993
202455,0.054972180631011724
202457,0.025918023311533034
202461,0.07431441452354193
202463,0.1753422962501645
202473,0.00874716107500717
202478,0.08373157074674964
202484,0.29185989685356617
202490,0.07005369616672397
202491,0.006565408722963184
202492,0.2260083593428135
202497,0.1441586734727025
202508,0.041522350162267685
202509,0.14264619909226894
202510,0.00821320159593597
202511,0.047965252539142966
202514,0.007494142628274858
202524,0.036618812824599445
202527,0.08444732148200274
202547,0.058110912796109915
202554,0.020468155620619655
202557,0.10247389646247029
202568,0.17353097442537546
202573,0.0392941921018064
202587,0.011785448994487524
202599,0.06692017242312431
202610,0.030131314182654023
202613,0.052272050408646464
202618,0.21704822406172752
202621,0.02391821367200464
202645,0.11897749081254005
202646,0.013206093572080135
202649,0.06033434020355344
202653,0.02825251524336636
202655,0.046765529084950686
202656,0.06650520395487547
202659,0.1835236083716154
202661,0.07272427715361118
202681,0.0488227482419461
202688,0.06585811031982303
202691,0.00944324751617387
202692,0.01267604177701287
202697,0.11294569820165634
202698,0.12113942857831717
202717,0.05993669666349888
202720,0.1592759257182479
202724,0.04366309801116586
202725,0.032476458232849836
202734,0.12477921694517136
202740,0.016783309285528958
202743,0.039490010123699903
202746,0.004981394740752876
202760,0.02669999236240983
202761,0.04376542824320495
202765,0.020322977215982974
202769,0.08381676860153675
202785,0.07742058066651225
202793,0.04596464685164392
202796,0.06322541879490018
202805,0.0023561954658362083
202816,0.0681661213748157
202823,0.08697502594441175
202825,0.02767398359719664
202829,0.009480018343310803
202830,0.13430888205766678
202848,0.07713161408901215
202861,0.14673058968037367
202862,0.07208711747080088
202863,0.012479435128625482
202879,0.06872696848586202
202889,0.021105118095874786
202894,0.12058130418881774
202895,0.05418349476531148
202897,0.024542261147871614
202899,0.016621756367385387
202900,0.12176422029733658
202907,0.01693078433163464
202927,0.05494852410629392
202945,0.014167253975756466
202951,0.0556576419621706
202955,0.03659937530755997
202960,0.017974129354115576
202967,0.04976952797733247
202972,0.0829738387838006
202982,0.10163297690451145
202993,0.012122801796067506
202996,0.01300245278980583
202998,0.03537538065575063
203008,0.017803365946747363
203026,0.12449607159942389
203038,0.1658102348446846
203044,0.01569374109385535
203054,0.01325250294758007
203070,0.16402603965252638
203075,0.03390517272055149
203082,0.039564133854582906
203089,0.05962591199204326
203090,0.034216287545859814
203098,0.19445215724408627
203108,0.05566011997871101
203109,0.029492400004528463
203113,0.06862634583376348
203123,0.013791754317935556
203124,0.004650339265936054
203128,0.15328269824385643
203129,0.2732073552906513
203131,0.1331615298986435
203142,0.0834082467481494
203154,0.0369699620641768
203175,0.03162046382203698
203176,0.07471013395115733
203183,0.042510580038651824
203185,0.010182862461078912
203195,0.09650668129324913
203201,0.03955566789954901
203205,0.07960929907858372
203218,0.023186178994365036
203241,0.015954010537825525
203244,0.09928159695118666
203245,0.02364624326582998
203253,0.4422343112528324
203259,0.05329121043905616
203264,0.4778838939964771
203276,0.039005198050290346
203283,0.050941857509315014
203286,0.008758428564760834
203288,0.0239434028044343
203290,0.0339485255535692
203298,0.07365694781765342
203300,0.07348855398595333
203312,0.060338983312249184
203318,0.021351102273911238
203331,0.09552000323310494
203337,0.007433402322931215
203339,0.03345234110020101
203344,0.012645806069485843
203348,0.0790021875873208
203349,0.010087365459185094
203350,0.03645562333986163
203358,0.19635191559791565
203366,0.05120155913755298
203371,0.01883996289689094
203377,0.08879161300137639
203399,0.027719263220205903
203402,0.039656287990510464
203407,0.10847528744488955
203410,0.11913442146033049
203421,0.1106693297624588
203428,0.07281100936233997
203431,0.1565241077914834
203433,0.08085771929472685
203459,0.02003066590987146
203460,0.24329281970858574
203462,0.12213672045618296
203470,0.015138843737076968
203475,0.19860846735537052
203476,0.052687769290059805
203496,0.22018090449273586
203518,0.008368357084691525
203547,0.024416361353360116
203549,0.008851237216731533
203550,0.029892547288909554
203552,0.005682922987034544
203561,0.04081619484350085
203564,0.17354131862521172
203567,0.039501910796388984
203575,0.04048790619708598
203590,0.10152164567261934
203591,0.01337832462741062
203605,0.02973999036476016
203606,0.02248428133316338
203640,0.028292411006987095
203643,0.38619453459978104
203647,0.08264875737950206
203648,0.01599744556006044
203669,0.02817569673061371
203671,0.007955373468576
203692,0.02664439450018108
203695,0.08451967220753431
203706,0.038937647361308336
203713,0.08197992667555809
203730,0.018553860718384385
203736,0.019647943205200136
203745,0.26224605925381184
203751,0.11979970429092646
203753,0.03056084970012307
203755,0.021528767771087587
203762,0.07795077934861183
203769,0.037586690159514546
203774,0.01550359616521746
203796,0.012482147489208728
203799,0.03429031767882407
203806,0.03188360296189785
203807,0.12097506038844585
203810,0.01613724185153842
203816,0.07352476008236408
203821,0.23846748284995556
203822,0.037138418294489384
203850,0.035659788409247994
203854,0.010633242316544056
203862,0.057497494388371706
203868,0.0447512015234679
203869,0.04617494437843561
203870,0.03604263300076127
203876,0.014990744879469275
203878,0.03750102571211755
203889,0.012526529259048402
203897,0.011170725338160992
203905,0.2635176293551922
203914,0.0416311789304018
203915,0.019150886218994856
203950,0.0379065559245646
203956,0.019461711519397795
203957,0.023236084380187094
203973,0.08572382619604468
203975,0.011339868768118322
203980,0.03558035381138325
203997,0.04187890235334635
204001,0.09411052707582712
204008,0.11616314388811588
204017,0.06993791041895747
204020,0.09585421392694116
204021,0.03630809159949422
204026,0.0371907907538116
204027,0.005855455543496646
204043,0.016360106761567295
204047,0.047988195437937975
204055,0.02294870326295495
204059,0.06727689923718572
204060,0.10274421703070402
204061,0.018763470114208758
204073,0.056921916315332055
204076,0.09297680575400591
204086,0.0727491551078856
204088,0.01691478816792369
204102,0.2113034352660179
204116,0.07358657335862517
204117,0.04980051564052701
204121,0.21550676226615906
204129,0.015892795636318624
204139,0.21091985702514648
204148,0.008676499652210623
204149,0.02415111695881933
204175,0.012062955531291664
204181,0.11926469020545483
204183,0.014218914264347404
204187,0.03293335158377886
204193,0.08075937628746033
204194,0.08553578890860081
204195,0.01873711624648422
204196,0.0441107249353081
204202,0.023738004849292338
204206,0.011318931763526052
204207,0.16323408111929893
204214,0.026019417913630605
204222,0.021648756111972034
204226,0.005931793304625899
204227,0.04454814945347607
204228,0.06474867975339293
204231,0.16572761069983244
204232,0.30825071036815643
204235,0.22495156060904264
204237,0.0077811314549762756
204239,0.01784613507334143
204242,0.031097530853003263
204254,0.04354499839246273
204255,0.06168450089171529
204259,0.035847834311425686
204268,0.0262806152459234
204280,0.010281855997163802
204282,0.08165492210537195
204307,0.005576754658250138
204314,0.05219909851439297
204318,0.02912595239467919
204321,0.04458711273036897
204330,0.0325280271936208
204335,0.08822818705812097
204339,0.18288337904959917
204344,0.015033097355626523
204350,0.0798455597832799
204371,0.007260041427798569
204372,0.030184597242623568
204374,0.1184317721053958
204383,0.027979104546830058
204392,0.2342890463769436
204403,0.005192329845158383
204409,0.007826842134818435
204416,0.059801326133310795
204417,0.047268558759242296
204437,0.1480721514672041
204440,0.011543894128408283
204445,0.005529941990971565
204446,0.03284034295938909
204449,0.2092139832675457
204468,0.03005089983344078
204504,0.015165948600042611
204506,0.011097610753495246
204536,0.008744116727029905
204539,0.17776900716125965
204601,0.009309005399700254
204614,0.09548254264518619
204616,0.14265386573970318
204618,0.09470190666615963
204623,0.03472345694899559
204630,0.08910273713991046
204636,0.041577041847631335
204639,0.016276123002171516
204642,0.03657403727993369
204644,0.020345636527054012
204648,0.01969473308417946
204662,0.0567046208307147
204673,0.01207529369276017
204674,0.04170437320135534
204681,0.014121688203886151
204682,0.04489212320186198
204683,0.1623546862974763
204689,0.09632553765550256
204690,0.04474541684612632
204707,0.03645194135606289
204728,0.050376372411847115
204736,0.13088806346058846
204740,0.040931890020146966
204749,0.03897247649729252
204756,0.02767544286325574
204771,0.00662275031208992
204778,0.019143472192808986
204808,0.017673823051154613
204822,0.2730545625090599
204827,0.10938837751746178
204831,0.050650712102651596
204836,0.03662278363481164
204837,0.0039385289419442415
204843,0.03925970499403775
204846,0.024112753570079803
204847,0.010978615377098322
204850,0.01067539065843448
204852,0.01719852618407458
204854,0.0626550754532218
204856,0.1710128542035818
204857,0.0777271669358015
204863,0.159272825345397
204870,0.010348670650273561
204885,0.03796539781615138
204895,0.07258752221241593
204905,0.06580706872045994
204911,0.09234425285831094
204927,0.05774478567764163
204929,0.04482167703099549
204941,0.08616891968995333
204959,0.06970797991380095
204962,0.11934767477214336
204965,0.26115753315389156
204970,0.1654018545523286
204971,0.043376713059842587
204972,0.09745776141062379
205000,0.06690476927906275
205011,0.014393286546692252
205013,0.010232513712253422
205014,0.2082691378891468
205019,0.02373826177790761
205043,0.05254998989403248
205045,0.04094277508556843
205054,0.012137292069382966
205066,0.031478481367230415
205069,0.11191466404125094
205070,0.01825007237493992
205071,0.04361230041831732
205073,0.032064063707366586
205077,0.10704061575233936
205078,0.024317082134075463
205088,0.011494991951622069
205104,0.028984256787225604
205107,0.0053926093387417495
205117,0.009487994422670454
205118,0.01042315922677517
205128,0.14754119561985135
205134,0.02008180250413716
205140,0.00811264937510714
205141,0.25640864111483097
205142,0.0024645844678161666
205153,0.22361773811280727
205158,0.03605879470705986
205169,0.00786326383240521
205170,0.039738831110298634
205183,0.015668204985558987
205184,0.03811306273564696
205197,0.026464143535122275
205199,0.03689514775760472
205204,0.0029875779946451075
205208,0.018582011107355356
205209,0.0023696978205407504
205210,0.08222994720563293
205216,0.038361920742318034
205219,0.10755376517772675
205222,0.03590744943358004
205225,0.013403957418631762
205235,0.06757634738460183
205236,0.02583098947070539
205241,0.004332170501584187
205244,0.017138576018624008
205251,0.19968277402222157
205252,0.11377347074449062
205258,0.008894054859410971
205262,0.06032610312104225
205264,0.015380555007141083
205274,0.21490791253745556
205277,0.09279755409806967
205281,0.01172151166247204
205306,0.01995170977897942
205307,0.04907412431202829
205323,0.0449815068859607
205336,0.17673551570624113
205337,0.22902178205549717
205360,0.13174544647336006
205363,0.012529710482340306
205365,0.015388678293675184
205367,0.17681422363966703
205368,0.020125879091210663
205375,0.012820443196687847
205403,0.046645211754366755
205411,0.04208736354485154
205415,0.018835537019185722
205429,0.06980423163622618
205434,0.15185364987701178
205445,0.02795653440989554
205463,0.06306872516870499
205471,0.019918960169889033
205472,0.05963863804936409
205479,0.22962146997451782
205480,0.021829027275089175
205493,0.057886005844920874
205503,0.11896331794559956
205508,0.03248027560766786
205524,0.12872560322284698
205525,0.03522511594928801
205526,0.010945663729216903
205533,0.034373540664091706
205542,0.010764948558062315
205545,0.08787701884284616
205552,0.02619927527848631
205561,0.04981449688784778
205563,0.012015593471005559
205564,0.07177517609670758
205565,0.014537493756506592
205566,0.020666728145442903
205569,0.04263881244696677
205579,0.03668068768456578
205585,0.11616303585469723
205587,0.006008146010572091
205588,0.02204206190072
205591,0.022195124009158462
205594,0.19150707498192787
205600,0.058202882297337055
205608,0.026982481824234128
205613,0.01918835809919983
205618,0.05460083996877074
205619,0.006584341113921255
205623,0.0020862356177531183
205627,0.12972346413880587
205628,0.1475449986755848
205635,0.008674166194396093
205638,0.013973696797620505
205640,0.09932944271713495
205641,0.2369686085730791
205642,0.4259042777121067
205643,0.04282709676772356
205646,0.023410512367263436
205655,0.035616185050457716
205672,0.026682111900299788
205678,0.03505882783792913
205681,0.044376334408298135
205682,0.013283938344102353
205690,0.005449435819173232
205693,0.026036195340566337
205695,0.031326864031143486
205724,0.00831960333744064
205738,0.008992591756395996
205741,0.03719071438536048
205744,0.01210563164204359
205750,0.007904527388745919
205751,0.09951535845175385
205752,0.011191047145985067
205766,0.02694815117865801
205773,0.11923452466726303
205775,0.05368440132588148
205776,0.0288965729996562
205789,0.26632916182279587
205793,0.05470371758565307
205797,0.01563988800626248
205798,0.026360493851825595
205802,0.007340955169638619
205806,0.06859869183972478
205807,0.014567312435247004
205815,0.020072758430615067
205819,0.009326209197752178
205821,0.024664579890668392
205822,0.08498701406642795
205831,0.09105545189231634
205832,0.03705839836038649
205836,0.008104869746603072
205843,0.05785874440334737
205862,0.042793682776391506
205863,0.021603750879876316
205866,0.033829510444775224
205873,0.03908515628427267
205877,0.05419227294623852
205879,0.10008768504485488
205880,0.017470282211434096
205886,0.09037559200078249
205898,0.049898558063432574
205903,0.029291528975591063
205907,0.08858390059322119
205908,0.04574648826383054
205909,0.027604548260569572
205930,0.004492972206207924
205931,0.01733551744837314
205932,0.012317602522671223
205951,0.026380074792541564
205957,0.3356404397636652
205960,0.01589267677627504
205987,0.03912540175952017
205994,0.1620216341689229
205995,0.046427053632214665
206006,0.013876079174224287
206007,0.014731231320183724
206013,0.036544760689139366
206020,0.037375273765064776
206030,0.023276610649190843
206035,0.005690782403689809
206038,0.0036272776778787374
206039,0.11040021199733019
206061,0.010077958228066564
206066,0.060004421044141054
206068,0.07925034640356898
206071,0.09371638670563698
206076,0.05870260950177908
206077,0.07200006488710642
206091,0.04337948467582464
206097,0.04927572701126337
206101,0.031036184635013342
206145,0.1256027789786458
206147,0.024438820430077612
206163,0.02171694446587935
206171,0.03210978233255446
206173,0.166657499037683
206174,0.3346894197165966
206197,0.08222508989274502
206198,0.020402345689944923
206209,0.03829469275660813
206211,0.05689281737431884
206213,0.014917290885932744
206246,0.2294936180114746
206252,0.06864899583160877
206253,0.13321545161306858
206254,0.08482167683541775
206257,0.01600881409831345
206270,0.01756140385987237
206283,0.005684289455530234
206290,0.02663218486122787
206291,0.02423879480920732
206292,0.157703610137105
206307,0.10523458756506443
206315,0.009745507850311697
206319,0.1129735205322504
206324,0.1054483805783093
206326,0.16231243591755629
206338,0.046437977347522974
206339,0.02909153327345848
206354,0.02106855367310345
206359,0.02272587758488953
206374,0.15669299755245447
206377,0.035849314997904
206395,0.20139999128878117
206403,0.014668929332401603
206410,0.12746708933264017
206413,0.05443881172686815
206414,0.015745763492304832
206418,0.13217090349644423
206424,0.06834389036521316
206427,0.008267419412732124
206428,0.03606929420493543
206429,0.06840583635494113
206430,0.017081834375858307
206447,0.013389053230639547
206451,0.03230688162147999
206465,0.09601886011660099
206477,0.1326699098572135
206484,0.03917514532804489
206497,0.006597905769012868
206517,0.014620880014263093
206533,0.013017663906794041
206542,0.09526766091585159
206557,0.061469729989767075
206563,0.021539501729421318
206564,0.07553130714222789
206565,0.019865319947712123
206582,0.06748278997838497
206593,0.2139255367219448
206605,0.19871194753795862
206606,0.028970777289941907
206621,0.03281272086314857
206639,0.02006050373893231
206640,0.02736907172948122
206641,0.01440171163994819
206645,0.025971900671720505
206656,0.03217711648903787
206666,0.05319904559291899
206679,0.02099151664879173
206681,0.010783507081214339
206684,0.13487173710018396
206686,0.014679782034363598
206687,0.02076349558774382
206697,0.02260971290525049
206700,0.040165110724046826
206702,0.06605093227699399
206703,0.009885047911666334
206708,0.039464575704187155
206710,0.03547026100568473
206721,0.1382285337895155
206723,0.05480345315299928
206735,0.09332573879510164
206739,0.1870193788781762
206742,0.019440522184595466
206744,0.15515813045203686
206747,0.13658165838569403
206752,0.011841899424325675
206774,0.07864207634702325
206776,0.1413624556735158
206792,0.01803830440621823
206799,0.044882777612656355
206805,0.03424638696014881
206806,0.19965121150016785
206809,0.08040217217057943
206812,0.052153897704556584
206814,0.01093102531740442
206830,0.012280904746148735
206831,0.016041404684074223
206878,0.24895339831709862
206905,0.011368195642717183
206908,0.06934429192915559
206910,0.037066763965412974
206917,0.014593768573831767
206920,0.09729629755020142
206927,0.08179929526522756
206933,0.045590418158099055
206945,0.03257314837537706
206968,0.016694838763214648
206987,0.11140199843794107
206989,0.005988858814816922
207017,0.2684808373451233
207027,0.01444323075702414
207029,0.08247616002336144
207030,0.1904251789674163
207035,0.021106962230987847
207040,0.09792719455435872
207043,0.11704066209495068
207054,0.08613192476332188
207055,0.014139332459308207
207059,0.025441947975195944
207060,0.0072817996551748365
207062,0.0311513168271631
207071,0.04814501688815653
207073,0.17443429678678513
207079,0.022537163691595197
207100,0.0386969594983384
207107,0.020706427632831037
207129,0.04849485377781093
207132,0.14205525536090136
207139,0.051901869010180235
207148,0.03246707806829363
207153,0.022626793943345547
207163,0.0875992844812572
207164,0.005910462190513499
207168,0.016103769186884165
207171,0.0024606754232081585
207173,0.1030510957352817
207174,0.007007070642430335
207181,0.021724769030697644
207182,0.035106150433421135
207198,0.056462368462234735
207201,0.008270759775768965
207213,0.10125160915777087
207234,0.05565868807025254
207238,0.03726243251003325
207256,0.04095541429705918
207257,0.17380646150559187
207264,0.11103274766355753
207268,0.23374575190246105
207275,0.023386697052046657
207291,0.034145872690714896
207296,0.010903719114139676
207304,0.13129595294594765
207308,0.03156696166843176
207314,0.028754698345437646
207324,0.06354059698060155
207332,0.018140905653126538
207333,0.1736170593649149
207339,0.048803670797497034
207349,0.009409034944837913
207351,0.08502165228128433
207359,0.18895983695983887
207361,0.010534028522670269
207365,0.016788795706816018
207369,0.01679701782995835
207372,0.01719303452409804
207377,0.07387400884181261
207380,0.022314492031000555
207394,0.013603362836875021
207412,0.10173418186604977
207423,0.05007238429971039
207426,0.008868160337442532
207427,0.24678469263017178
207428,0.0821276567876339
207430,0.222932368516922
207437,0.0765590826049447
207440,0.1022826973348856
207455,0.023005029535852373
207456,0.05633409367874265
207471,0.08586882660165429
207476,0.030782882822677493
207483,0.0146555692772381
207497,0.021775726112537086
207506,0.026601085904985666
207515,0.31646402180194855
207529,0.055444758385419846
207533,0.01192313659703359
207534,0.020927564124576747
207541,0.10559638729318976
207560,0.017064927145838737
207561,0.09592248219996691
207570,0.015916850650683045
207600,0.02918668882921338
207630,0.19680999498814344
207633,0.2706903163343668
207634,0.005287434090860188
207635,0.004794767752173357
207660,0.015376739611383528
207682,0.01107674665399827
207684,0.08352603390812874
207687,0.07234470406547189
207706,0.08994001755490899
207708,0.06855898490175605
207713,0.026418271707370877
207714,0.04409403819590807
207718,0.010543606767896563
207721,0.036112012807279825
207724,0.04617222328670323
207727,0.014966963324695826
207731,0.02516728511545807
207732,0.032111154636368155
207734,0.04486614488996565
207739,0.06596360425464809
207744,0.08356573292985559
207787,0.05793262831866741
207792,0.04855007468722761
207801,0.055141217075288296
207811,0.06777304969727993
207817,0.11535844393074512
207818,0.150433162227273
207819,0.02787994989193976
207830,0.06377718388102949
207834,0.06940636225044727
207841,0.229876097291708
207844,0.20578882470726967
207849,0.06290547922253609
207856,0.007000823825364932
207865,0.022679724148474634
207867,0.06451914738863707
207873,0.0956839662976563
207882,0.10074315033853054
207887,0.016032327141147107
207888,0.02797680883668363
207889,0.01850639225449413
207907,0.014492934453301132
207921,0.2286784127354622
207922,0.010504462523385882
207928,0.11466945521533489
207930,0.11472807265818119
207940,0.012134097632952034
207941,0.0483138901181519
207956,0.030340474331751466
207960,0.015143346216063946
207961,0.048724098363891244
207968,0.04789681523106992
207971,0.05088294018059969
207972,0.11054966785013676
207975,0.03041446371935308
207976,0.06482088612392545
207979,0.1580785233527422
207997,0.16005371138453484
207999,0.26558996737003326
208008,0.09229705622419715
208027,0.16954764630645514
208030,0.023646565154194832
208033,0.34459290094673634
208035,0.10647101327776909
208040,0.014274383429437876
208052,0.02850112644955516
208067,0.01295065350132063
208090,0.008270244987215847
208100,0.027211603708565235
208102,0.028847044799476862
208110,0.18316347431391478
208117,0.024892239249311388
208119,0.11765822023153305
208123,0.10911377519369125
208127,0.6179314702749252
208136,0.017828799900598824
208139,0.00529198459116742
208140,0.02179185813292861
208144,0.09421352623030543
208149,0.029017306864261627
208156,0.08386449934914708
208166,0.11839789431542158
208168,0.01898169901687652
208170,0.2533593028783798
208172,0.09167142771184444
208178,0.020368881057947874
208193,0.030606832122430205
208195,0.016110375989228487
208211,0.015679445466957986
208213,0.04799804254435003
208229,0.03239169646985829
208231,0.15275446604937315
208235,0.006840086658485234
208238,0.11907852999866009
208240,0.04120016214437783
208249,0.007625562051543966
208262,0.03690471011213958
208263,0.09134452184662223
208270,0.02885980613064021
208288,0.016511978930793703
208292,0.046961269807070494
208302,0.024707893724553287
208303,0.14776132069528103
208312,0.008020501176360995
208317,0.026126665994524956
208322,0.11824647802859545
208331,0.056175276869907975
208336,0.043749797623604536
208337,0.05613062041811645
208339,0.09239256847649813
208346,0.1212339298799634
208353,0.021545318770222366
208358,0.0197039854247123
208359,0.020897584967315197
208360,0.018108372925780714
208370,0.036152041517198086
208373,0.011283892847131938
208390,0.02691768412478268
208391,0.09976987540721893
208394,0.04078276688233018
208396,0.024914340348914266
208397,0.011034684372134507
208398,0.07022749539464712
208400,0.03744261502288282
208410,0.04534424445591867
208420,0.021242375019937754
208421,0.11767908837646246
208431,0.30149431712925434
208450,0.028217616491019726
208451,0.2843600194901228
208455,0.09918718598783016
208478,0.06788897467777133
208479,0.019138954230584204
208482,0.027745648520067334
208502,0.14911218266934156
208516,0.034402453573420644
208518,0.006742821540683508
208534,0.06146115576848388
208550,0.010273741383571178
208551,0.006459955882746726
208566,0.044804604491218925
208567,0.05411634757183492
208575,0.07951793447136879
208576,0.01451399817597121
208588,0.019490295671857893
208590,0.09845777368173003
208595,0.012169132533017546
208619,0.020327361999079585
208620,0.024723142036236823
208627,0.17821015045046806
208629,0.06176749896258116
208642,0.013533331453800201
208645,0.02056852518580854
208661,0.014520195429213345
208662,0.005811481038108468
208679,0.006995245988946408
208681,0.014192204689607024
208689,0.12780424486845732
208696,0.044010052690282464
208701,0.034378075739368796
208707,0.16576171293854713
208719,0.03232628165278584
208720,0.06551850098185241
208730,0.09981078188866377
208748,0.008144279767293483
208753,0.08653762377798557
208755,0.09762024087831378
208769,0.0420645906124264
208775,0.06435649073682725
208785,0.010492631699889898
208796,0.02957510226406157
208806,0.008372363401576877
208815,0.13169611990451813
208830,0.012768177781254053
208833,0.21592596732079983
208837,0.00831436482258141
208842,0.01824054040480405
208860,0.016559925046749413
208874,0.029931157361716032
208886,0.027121980441734195
208897,0.007511701318435371
208898,0.12957547139376402
208905,0.07945009786635637
208907,0.020208305679261684
208924,0.03400955279357731
208925,0.0654284912161529
208933,0.03642543428577483
208941,0.03680476173758507
208948,0.006185479462146759
208960,0.011706127028446645
208962,0.030875376192852855
208963,0.026780468760989606
208965,0.022824730607680976
208973,0.010301616799551994
208974,0.0337809210177511
208986,0.026216609869152308
208992,0.027316332794725895
208995,0.0915841581299901
209001,0.023432057816535234
209006,0.04476033872924745
209012,0.025774890673346817
209022,0.11467554233968258
209055,0.16731479950249195
209056,0.06890193372964859
209057,0.03178320778533816
209060,0.04596948903053999
209067,0.016371986537706107
209071,0.07797444937750697
209078,0.009530387877020985
209080,0.020628293394111097
209094,0.014919973560608923
209097,0.01746069628279656
209098,0.07078108051791787
209101,0.015833137498702854
209108,0.027213584864512086
209109,0.02718292025383562
209111,0.01080755825387314
209116,0.2588348016142845
209117,0.3893482834100723
209121,0.011310986708849669
209126,0.011582068516872823
209127,0.026377019472420216
209141,0.03879284136928618
209142,0.043808650923892856
209159,0.023961216676980257
209164,0.1429987633600831
209168,0.32492286153137684
209177,0.06878563202917576
209197,0.04523716866970062
209202,0.11900042090564966
209209,0.004551425896352157
209211,0.026220939471386373
209233,0.06301998905837536
209234,0.04739571688696742
209253,0.037810876267030835
209260,0.013268166105262935
209263,0.04570942837744951
209268,0.01909221417736262
209275,0.03839716641232371
209288,0.09476796630769968
209298,0.13687555585056543
209305,0.06886484799906611
209326,0.08597358083352447
209340,0.05520079517737031
209352,0.2159118875861168
209362,0.04315352300181985
209367,0.06314038811251521
209369,0.038088549859821796
209377,0.01753524038940668
209387,0.03941899770870805
209392,0.03052479960024357
209393,0.02220734814181924
209420,0.007958762813359499
209423,0.12596561759710312
209457,0.054420976899564266
209458,0.09264740394428372
209470,0.09955975273624063
209479,0.0938972388394177
209483,0.17615776136517525
209488,0.1491062780842185
209489,0.01910740602761507
209497,0.02642126497812569
209504,0.020782006555236876
209510,0.04850261309184134
209513,0.010384057648479939
209547,0.017744823009707034
209549,0.025457767071202397
209556,0.020353326457552612
209561,0.16077008098363876
209565,0.27848666720092297
209591,0.06746155302971601
209595,0.10163536062464118
209596,0.09440445387735963
209608,0.04402996459975839
209628,0.01706708804704249
209643,0.1290214555338025
209645,0.19473689422011375
209651,0.03414546651765704
209659,0.08295238856226206
209660,0.07420404208824039
209661,0.13874738477170467
209665,0.02033642865717411
209682,0.02190563641488552
209687,0.13127312157303095
209689,0.020524785155430436
209699,0.021574514801613986
209705,0.11269721575081348
209707,0.047536671394482255
209713,0.04612528206780553
209717,0.042600816348567605
209718,0.1459481781348586
209723,0.16244524903595448
209727,0.019951619091443717
209729,0.029991911258548498
209739,0.012423994659911841
209741,0.14682033844292164
209744,0.09655064344406128
209748,0.09091754350811243
209749,0.050959042040631175
209758,0.025727234547957778
209761,0.04962461907416582
209764,0.043895159382373095
209772,0.030968926148489118
209773,0.13195084128528833
209794,0.03931654430925846
209795,0.15104701463133097
209814,0.05505027645267546
209828,0.16600640397518873
209838,0.03823050414212048
209839,0.20387898199260235
209845,0.28909304179251194
209855,0.011626804829575121
209862,0.0198518323013559
209869,0.08732115430757403
209872,0.04874378442764282
209879,0.14033689443022013
209881,0.03991654980927706
209882,0.18250617757439613
209893,0.19880578108131886
209913,0.07361003709957004
209918,0.09761486249044538
209920,0.28331554122269154
209921,0.028568342560902238
209929,0.19557284750044346
209943,0.13663434330374002
209957,0.03539725812152028
209960,0.10801463015377522
209962,0.0341370718088001
209969,0.0904753808863461
209980,0.032531023724004626
209986,0.02265270729549229
209989,0.08198081236332655
209990,0.020307522267103195
209991,0.017188136756885797
210007,0.04422383545897901
210016,0.04693935206159949
210018,0.039992899633944035
210019,0.010751918889582157
210020,0.006068778282497078
210036,0.01055685366736725
210050,0.023470768239349127
210080,0.024663154501467943
210084,0.030443731229752302
210089,0.2213080395013094
210104,0.05093438341282308
210129,0.02927098423242569
210135,0.023711144109256566
210137,0.059064371045678854
210140,0.08648026315495372
210145,0.02511254930868745
210146,0.04250527173280716
210147,0.061319938860833645
210152,0.0071639358648099005
210157,0.03570063319057226
210158,0.042262481059879065
210164,0.02056736033409834
210170,0.05134644918143749
210171,0.02301422751042992
210173,0.23127345740795135
210174,0.12057546013966203
210176,0.18878894951194525
210190,0.007493924902519211
210191,0.13086333125829697
210195,0.22766230814158916
210196,0.029944187961518764
210201,0.013914399140048772
210211,0.05012821825221181
210231,0.03305070265196264
210239,0.10944557841867208
210241,0.022868783213198185
210242,0.021316236874554306
210255,0.1205780878663063
210278,0.022806927328929305
210283,0.00527790367777925
210284,0.028315392322838306
210304,0.008333816775120795
210307,0.018402359331957996
210330,0.07721378281712532
210332,0.058080069022253156
210350,0.19242095481604338
210379,0.02319087611977011
210385,0.02406795823480934
210401,0.03525030054152012
210405,0.06074727373197675
210413,0.14857267122715712
210414,0.09016897669062018
210415,0.0683468384668231
210419,0.08529473841190338
210429,0.03818747051991522
210467,0.1381299775093794
210481,0.039984266040846705
210482,0.010937013430520892
210492,0.051791583420708776
210502,0.13085707742720842
210523,0.03425310994498432
210525,0.04850414884276688
210529,0.12384955398738384
210538,0.010928820178378373
210543,0.02147732174489647
210549,0.1593772303313017
210551,0.04142045555636287
210555,0.09828248433768749
210558,0.08942627999931574
210591,0.08188216108828783
210597,0.14852645434439182
210599,0.05955452169291675
210610,0.014599939924664795
210616,0.1717907814309001
210618,0.02902607643045485
210622,0.29530747421085835
210639,0.06417905865237117
210645,0.013458858302328736
210650,0.006357519654557109
210672,0.01141506910789758
210676,0.08347966009750962
210683,0.15544806979596615
210697,0.22749672085046768
210701,0.01967681071255356
210706,0.05254906602203846
210712,0.06853161007165909
210717,0.01937320758588612
210728,0.12422501761466265
210729,0.020853039110079408
210730,0.038721490651369095
210731,0.03876490518450737
210733,0.15721330605447292
210735,0.06341361557133496
210742,0.025231062434613705
210748,0.006707928696414456
210749,0.04284269316121936
210758,0.03283767111133784
210767,0.08270988054573536
210769,0.12821950111538172
210777,0.13882109802216291
210789,0.004715333110652864
210791,0.08136278670281172
210794,0.009363618039060384
210811,0.06054135039448738
210814,0.005081333656562492
210821,0.030358507065102458
210833,0.02536520455032587
210835,0.004922746753436513
210859,0.019829345808830112
210862,0.0541393649764359
210870,0.029965690919198096
210886,0.010436917131301016
210893,0.015290670096874237
210901,0.020703954272903502
210906,0.12262652534991503
210913,0.029217434697784483
210953,0.03702254896052182
210961,0.04511695634573698
210962,0.3113177865743637
210966,0.037484981352463365
210983,0.05523659917525947
211000,0.109791767783463
211025,0.07502487814053893
211036,0.018553259142208844
211043,0.08701534755527973
211062,0.07907546637579799
211076,0.027823464013636112
211085,0.04435484507121146
211096,0.03206132212653756
211097,0.1624469170346856
211098,0.1999664418399334
211103,0.028013082803227007
211108,0.15280475560575724
211131,0.03498014318756759
211135,0.17493407800793648
211139,0.03872721781954169
211146,0.02104677294846624
211150,0.009948441263986751
211158,0.021790366619825363
211170,0.25225248374044895
211177,0.06921976944431663
211183,0.1596477059647441
211187,0.09744871035218239
211191,0.006579499546205625
211194,0.15863950178027153
211196,0.16631570179015398
211203,0.010758053162135184
211209,0.1187110897153616
211210,0.17731987312436104
211211,0.08429386047646403
211232,0.05378462187945843
211244,0.2103434931486845
211263,0.031057708198204637
211264,0.10817117802798748
211270,0.035076477797701955
211278,0.008792854961939156
211292,0.017067168722860515
211293,0.056165126617997885
211295,0.041304832091555
211296,0.23591898940503597
211308,0.06872674729675055
211310,0.03367429971694946
211312,0.12085202895104885
211325,0.038825706113129854
211326,0.022023215075023472
211330,0.05973441572859883
211333,0.01051665170234628
211341,0.05890853772871196
211342,0.02048632613150403
211350,0.011813829158199951
211355,0.09647114109247923
211357,0.2585808299481869
211358,0.05020264023914933
211362,0.03026397875510156
211377,0.015204614493995905
211378,0.21146337874233723
211379,0.07351505802944303
211384,0.06311034737154841
211395,0.16059024166315794
211398,0.02225568180438131
211399,0.013180066831409931
211417,0.04110412742011249
211419,0.15825501270592213
211420,0.05198380770161748
211439,0.06779830949380994
211442,0.01910649158526212
211451,0.015784891264047474
211457,0.04435807839035988
211469,0.04881328344345093
211483,0.01606630638707429
211505,0.0960896392352879
211508,0.04624348157085478
211509,0.03723007417283952
211510,0.045369472820311785
211526,0.0628519682213664
211547,0.05448344559408724
211548,0.0638599053490907
211550,0.00988816499011591
211551,0.02898650662973523
211553,0.26782436296343803
211562,0.07219354202970862
211563,0.025988865294493735
211564,0.18986442591995
211565,0.04856700240634382
211571,0.40035422518849373
211572,0.3971153162419796
211577,0.0767757324501872
211580,0.13405426032841206
211609,0.01998790423385799
211625,0.023865446564741433
211635,0.3021270204335451
211646,0.05239043151959777
211660,0.03172274143435061
211670,0.05508958059363067
211672,0.03009438596200198
211688,0.02898812829516828
211694,0.01652066456153989
211696,0.07134218886494637
211711,0.18569703493267298
211718,0.024731308687478304
211732,0.019275604048743844
211735,0.02234597160713747
211736,0.06667482201009989
211740,0.06777918711304665
211741,0.018889931961894035
211746,0.009363679273519665
211751,0.00927240023156628
211754,0.09605379961431026
211770,0.026410026708617806
211771,0.04957052296958864
211787,0.2687997408211231
211788,0.05742791201919317
211802,0.07564919535070658
211804,0.01331108232261613
211810,0.10227618366479874
211832,0.07911671930924058
211839,0.09398223413154483
211860,0.03269733767956495
211863,0.2025680597871542
211866,0.03182655316777527
211869,0.054365776013582945
211872,0.04542902368120849
211894,0.03577739163301885
211901,0.03329391102306545
211902,0.10596136189997196
211903,0.0851462366990745
211946,0.02554346213582903
211950,0.04576543695293367
211959,0.04856816143728793
211964,0.14921759720891714
211965,0.025029285927303135
211979,0.025937294587492943
211983,0.07923900429159403
211986,0.029632453806698322
211987,0.015984809142537415
211988,0.04406020091846585
211999,0.015103547659236938
212002,0.03625229257158935
212004,0.036734430119395256
212009,0.1391449198126793
212015,0.03463620459660888
212023,0.03541916701942682
212048,0.021938881371170282
212055,0.0300158669706434
212067,0.008200409210985526
212079,0.009760179498698562
212080,0.041056284913793206
212083,0.008475924551021308
212085,0.1971006728708744
212088,0.02362780994735658
212089,0.07055627461522818
212092,0.024784159380942583
212097,0.06535837752744555
212124,0.022417335188947618
212132,0.012946599745191634
212136,0.07556914584711194
212144,0.043040317483246326
212145,0.05712073529139161
212167,0.03270651097409427
212174,0.1705129137262702
212175,0.025977257872000337
212187,0.32649865187704563
212191,0.027273132815025747
212194,0.08979284251108766
212238,0.05351372831501067
212242,0.0200973954051733
212245,0.15454863477498293
212258,0.03230873728170991
212262,0.015754324267618358
212277,0.011923876591026783
212283,0.019984657876193523
212287,0.042716067750006914
212288,0.08422778081148863
212289,0.037959371926262975
212293,0.094908501021564
212296,0.13951034098863602
212300,0.15371278580278158
212303,0.09403395419940352
212326,0.020360973430797458
212327,0.05266732326708734
212328,0.009503176057478413
212329,0.02224847034085542
212339,0.04122502566315234
212340,0.05233305785804987
212343,0.014099134714342654
212360,0.042705590603873134
212389,0.04387930175289512
212401,0.20228863880038261
212407,0.013380711781792343
212409,0.04098506784066558
212422,0.04248367506079376
212424,0.13073470164090395
212440,0.05541715398430824
212441,0.14996373374015093
212443,0.026426555938087404
212448,0.0493179140612483
212472,0.09261421672999859
212478,0.032589785754680634
212481,0.04411257593892515
212493,0.11520589794963598
212508,0.03082875651307404
212511,0.015753678628243506
212525,0.013565711269620806
212531,0.10805063508450985
212533,0.004235381406033412
212555,0.022627341328188777
212592,0.06988559779711068
212610,0.014934218022972345
212621,0.11311070341616869
212629,0.14722688775509596
212635,0.05345940450206399
212636,0.01635029853787273
212637,0.03202446270734072
212643,0.03512039524503052
212648,0.018547679064795375
212654,0.28326102904975414
212655,0.34695121087133884
212660,0.04671053634956479
212661,0.07019964465871453
212664,0.04400218091905117
212669,0.006191152715473436
212670,0.026501364540308714
212674,0.10680598020553589
212676,0.3879229612648487
212690,0.028192262980155647
212691,0.02320270868949592
212696,0.031395238591358066
212710,0.1364925280213356
212712,0.01039807649794966
212716,0.055585079826414585
212718,0.02390016778372228
212720,0.08861821657046676
212723,0.015545321453828365
212730,0.02671057009138167
212740,0.021697078831493855
212747,0.018235790077596903
212763,0.06648054718971252
212773,0.010291447048075497
212775,0.024934998131357133
212776,0.027597762760706246
212777,0.1386437052860856
212781,0.2197672724723816
212782,0.2844924330711365
212785,0.017125143378507346
212786,0.07367515005171299
212795,0.00879541045287624
212800,0.09078526170924306
212818,0.08316587330773473
212834,0.04899181891232729
212837,0.07954418146982789
212841,0.030885495245456696
212842,0.0156922684982419
212847,0.08787567541003227
212848,0.01616212900262326
212851,0.04175789165310562
212865,0.00992867024615407
212866,0.0067337335931370035
212874,0.03370322845876217
212880,0.03636700357310474
212894,0.035160696832463145
212897,0.02631847793236375
212912,0.0811077649705112
212913,0.011611998634180054
212916,0.034908714005723596
212917,0.011907418083865196
212933,0.03254447807557881
212935,0.03020254080183804
212936,0.025026995572261512
212950,0.12887314800173044
212957,0.020343427429907024
212958,0.08828542102128267
212961,0.03371614427305758
212962,0.015060219913721085
212963,0.118666036054492
212964,0.15697375033050776
212968,0.15015870053321123
212969,0.06019277125597
212976,0.01607389491982758
212978,0.028697927948087454
212983,0.09504402056336403
212993,0.21534504182636738
213004,0.018459053011611104
213008,0.010757856973214075
213014,0.004055050609167665
213018,0.038728079525753856
213021,0.039059065049514174
213024,0.03314097109250724
213045,0.047354088397696614
213054,0.022321061231195927
213059,0.14221947826445103
213076,0.03274367633275688
213095,0.041801439598202705
213096,0.029247675789520144
213100,0.009957010566722602
213101,0.12476337235420942
213109,0.04574623261578381
213111,0.015369358647149056
213116,0.009214692283421755
213133,0.12522382196038961
213140,0.062177162151783705
213141,0.06828616000711918
213143,0.236312348395586
213150,0.017509417375549674
213152,0.02322002430446446
213158,0.0211699161445722
213159,0.028416314162313938
213166,0.035233169444836676
213167,0.23545748181641102
213170,0.1892389701679349
213178,0.0687547498382628
213179,0.013619547011330724
213189,0.10982394404709339
213196,0.0634275428019464
213201,0.008995029260404408
213203,0.011975605855695903
213204,0.019444052944891155
213205,0.0315480848075822
213206,0.052683032816275954
213207,0.12178291101008654
213208,0.03006742591969669
213212,0.01638870476745069
213214,0.01382201595697552
213220,0.011031280038878322
213240,0.030362446210347116
213244,0.0179607110330835
213263,0.23796655610203743
213264,0.04903563694097102
213265,0.018178084050305188
213270,0.053978740237653255
213283,0.0572649457026273
213287,0.045953376684337854
213292,0.13190450053662062
213295,0.0607164422981441
213299,0.1421821555122733
213303,0.03494244068861008
213307,0.025063122040592134
213308,0.022875844733789563
213312,0.06856137560680509
213313,0.04693995718844235
213316,0.010120288468897343
213317,0.04116532765328884
213338,0.03883312176913023
213357,0.05407301988452673
213368,0.13994136359542608
213374,0.04805035935714841
213375,0.016829417552798986
213386,0.0961774094030261
213390,0.016104923794046044
213393,0.009026299114339054
213401,0.023423514154274017
213423,0.0853542904369533
213430,0.011117746063973755
213431,0.039350988110527396
213447,0.006657052552327514
213465,0.02908848994411528
213468,0.02149856509640813
213473,0.09631099738180637
213475,0.03623411222361028
213476,0.024474481819197536
213482,0.0075843409867957234
213493,0.10390272829681635
213531,0.03997427015565336
213534,0.04691800149157643
213542,0.06645886087790132
213546,0.031165901105850935
213569,0.041138471104204655
213570,0.03434155974537134
213588,0.015913947427179664
213591,0.016243831836618483
213595,0.018487813882529736
213597,0.037280272925272584
213598,0.03119329223409295
213604,0.0819414397701621
213622,0.025658072088845074
213623,0.2242605099454522
213633,0.014926779898814857
213639,0.013663630874361843
213641,0.012053595623001456
213649,0.02737277711275965
213671,0.025528341415338218
213675,0.026860989397391677
213679,0.08500610338523984
213680,0.0345846286509186
213684,0.1540444502606988
213685,0.012170902860816568
213689,0.008395632641622797
213691,0.23978900909423828
213693,0.03450269752647728
213712,0.02331692259758711
213717,0.015567530645057559
213734,0.11452644318342209
213739,0.19435811415314674
213765,0.04371382878161967
213775,0.028067209757864475
213776,0.073288609739393
213804,0.3177976682782173
213808,0.023387132212519646
213818,0.08377592731267214
213821,0.06552595691755414
213829,0.04637638572603464
213836,0.1267780987545848
213838,0.034627715474925935
213843,0.02399658993817866
213854,0.03874321095645428
213859,0.1308161774650216
213862,0.38233321346342564
213874,0.17185511533170938
213878,0.1641512457281351
213886,0.005929389124503359
213888,0.04167134780436754
213892,0.027611697325482965
213910,0.028016847907565534
213921,0.10541081428527832
213926,0.06786954868584871
213928,0.02188455977011472
213935,0.01468332251533866
213949,0.06291091814637184
213957,0.1136228684335947
213959,0.0213469349546358
213967,0.03719104686751962
213974,0.02377087890636176
213975,0.07340733241289854
213983,0.049379420932382345
213984,0.007097019988577813
213998,0.16910241078585386
214004,0.05427436390891671
214006,0.03259246039669961
214008,0.038116962648928165
214014,0.010288706631399691
214015,0.03584172483533621
214034,0.009131109225563705
214059,0.0360437564086169
214067,0.006244458258152008
214077,0.04034978593699634
214078,0.07102736970409751
214079,0.07436754740774632
214085,0.09734656661748886
214088,0.06845030235126615
214099,0.04618964740075171
214138,0.01728806330356747
214141,0.009094681649003178
214152,0.08269853051751852
214154,0.010425961459986866
214155,0.04390138341113925
214177,0.021134288515895605
214188,0.06512040691450238
214192,0.05688324710354209
214207,0.030889830086380243
214217,0.04672810877673328
214219,0.04917485057376325
214228,0.15165761206299067
214229,0.10939149092882872
214233,0.05423086555674672
214236,0.09234592458233237
214242,0.015799130080267787
214249,0.008352616510819644
214263,0.022265067440457642
214264,0.018158556893467903
214265,0.05158856720663607
214268,0.019813518621958792
214281,0.009043857950018719
214282,0.02805310976691544
214295,0.030607905006036162
214311,0.018717600731179118
214315,0.03442647261545062
214325,0.04436918254941702
214334,0.09295943100005388
214336,0.030722697963938117
214337,0.02947027620393783
214342,0.19705969654023647
214344,0.039324616780504584
214349,0.028385109500959516
214355,0.015070337103679776
214356,0.022200326900929213
214358,0.01700491097290069
214363,0.04421731713227928
214364,0.013257799786515534
214371,0.08433388406410813
214377,0.4617990404367447
214379,0.041152219753712416
214383,0.05788124236278236
214406,0.004503092291997746
214407,0.030746218631975353
214411,0.021535404725000262
214415,0.10372808435931802
214418,0.21526593901216984
214419,0.02953869814518839
214421,0.01834365917602554
214430,0.011617681302595884
214436,0.015014511940535158
214463,0.146047817543149
214472,0.047843510983511806
214474,0.22946656122803688
214476,0.05951117118820548
214478,0.017946311156265438
214481,0.17566333152353764
214484,0.009540670027490705
214488,0.06995424022898078
214491,0.08570926915854216
214505,0.05374852288514376
214507,0.047060595359653234
214510,0.12010539509356022
214518,0.05745402234606445
214523,0.16065589524805546
214539,0.029986132867634296
214542,0.04377264063805342
214544,0.07440421590581536
214553,0.043585932813584805
214554,0.04892298090271652
214561,0.06430039741098881
214563,0.042829883517697453
214566,0.017622183600906283
214581,0.028790066484361887
214587,0.016164859000127763
214588,0.0365415527485311
214589,0.12340376526117325
214593,0.05261471378616989
214620,0.10661786329001188
214630,0.05285505997017026
214643,0.04760840372182429
214644,0.10259861964732409
214647,0.04029396828263998
214654,0.01031838933704421
214657,0.029632910853251815
214658,0.03435405949130654
214662,0.01381438144017011
214666,0.057353363605216146
214680,0.022343724383972585
214685,0.03316419036127627
214693,0.028593113529495895
214701,0.03218859201297164
214705,0.03103581874165684
214706,0.13430478796362877
214719,0.028408630867488682
214721,0.32413347624242306
214724,0.016816979739814997
214741,0.041801598155871034
214769,0.07242111442610621
214777,0.00472324613656383
214780,0.0319996343459934
214786,0.010842292016604915
214789,0.022600533557124436
214797,0.044584575574845076
214804,0.02214821125380695
214808,0.2739148549735546
214810,0.310814568772912
214828,0.24110088124871254
214830,0.05251752445474267
214835,0.2020819615572691
214844,0.0418767430819571
214859,0.1846952484920621
214861,0.029346008552238345
214863,0.05030024773441255
214887,0.02488879393786192
214898,0.011447373603004962
214906,0.04648830648511648
214913,0.028021388221532106
214915,0.04052993166260421
214937,0.013444646494463086
214944,0.15802923496812582
214948,0.1138490797020495
214970,0.1613031392917037
214976,0.0445588247384876
214999,0.06333206500858068
215000,0.19643543101847172
215016,0.009611065994249657
215024,0.015085351362358779
215029,0.33996380493044853
215033,0.43267660588026047
215037,0.32377132028341293
215054,0.022492552059702575
215057,0.0715492507442832
215064,0.04076799633912742
215074,0.03856876562349498
215077,0.09530238946899772
215082,0.05709730717353523
215096,0.025775317626539618
215101,0.008393482101382688
215103,0.04219595156610012
215109,0.10645641945302486
215124,0.06155382934957743
215142,0.14764422737061977
215143,0.02069838938768953
215145,0.017240760382264853
215157,0.014989529910963029
215159,0.012504008540417999
215161,0.1204971894621849
215166,0.026688066078349948
215177,0.09050847450271249
215186,0.03871795325540006
215194,0.11042951792478561
215196,0.03082146286033094
215204,0.07050964049994946
215211,0.06318178493529558
215230,0.16732041258364916
215241,0.010656118247425184
215256,0.09795446041971445
215257,0.07504441682249308
215266,0.08236332889646292
215267,0.01433250674745068
215268,0.013263700297102332
215278,0.15633693896234035
215280,0.37182279489934444
215318,0.1543342024087906
215326,0.02815203892532736
215331,0.0427308133803308
215337,0.016118673142045736
215344,0.0291356350062415
215346,0.06221233028918505
215348,0.07355941366404295
215351,0.008934271143516526
215358,0.16458156611770391
215360,0.07466295920312405
215367,0.019096483825705945
215369,0.08708771644160151
215383,0.02017870161216706
215395,0.16142345126718283
215407,0.03944327379576862
215408,0.04548652749508619
215412,0.036150148371234536
215433,0.014612907252740115
215454,0.09144652495160699
215463,0.18503603339195251
215488,0.003019666823092848
215508,0.021354041527956724
215512,0.005749080999521539
215516,0.14253908395767212
215525,0.1606879085302353
215531,0.052281539188697934
215534,0.12247500102967024
215537,0.01089871081057936
215539,0.014604199910536408
215548,0.010772469657240435
215554,0.08053883165121078
215556,0.007302722457097843
215559,0.1404395019635558
215560,0.0249532408779487
215563,0.04309009725693613
215564,0.009336987335700542
215569,0.08316251868382096
215574,0.39738576859235764
215586,0.06953286845237017
215594,0.13410919345915318
215608,0.04064066521823406
215614,0.02559031336568296
215623,0.1045921016484499
215628,0.09354011993855238
215637,0.18993288092315197
215638,0.1675530355423689
215649,0.02586353023070842
215651,0.04680264228954911
215653,0.04364668554626405
215678,0.06689341878518462
215708,0.024184806970879436
215711,0.04524772125296295
215733,0.02544341783504933
215739,0.004013319718069397
215742,0.019250835408456624
215756,0.057625780114904046
215772,0.04359316034242511
215775,0.14456224255263805
215791,0.034125611651688814
215796,0.129028195515275
215803,0.05536454380489886
215805,0.010072513483464718
215807,0.03462282195687294
215829,0.0333715642336756
215855,0.024747601943090558
215856,0.13861090317368507
215860,0.07441621320322156
215861,0.034270419739186764
215877,0.01668074366170913
215883,0.045457650325261056
215889,0.08723113406449556
215897,0.028302486636675894
215898,0.00952084903838113
215901,0.03373342426493764
215908,0.1075146859511733
215910,0.559451162815094
215911,0.006628428993280977
215923,0.020126291317865252
215928,0.03877414623275399
215934,0.07603225437924266
215936,0.08887216774746776
215947,0.00880660506663844
215951,0.01609349565114826
215958,0.002901112449762877
215959,0.04043076699599624
215963,0.1780797252431512
215968,0.05785062909126282
215972,0.030655681155622005
215976,0.02136882278136909
215978,0.01882634952198714
215981,0.015932776615954936
215999,0.01581545581575483
216001,0.26504853181540966
216012,0.014045928721316159
216020,0.0913468454964459
216035,0.023838793160393834
216038,0.18157184682786465
216041,0.09027174208313227
216049,0.09479318233206868
216065,0.052654837258160114
216096,0.1128046615049243
216110,0.009136818465776742
216115,0.028736329986713827
216121,0.014299897011369467
216122,0.18726125080138445
216129,0.024523175205104053
216131,0.14076625648885965
216138,0.08490970311686397
216142,0.03276971774175763
216143,0.07147250836715102
216150,0.029774784576147795
216180,0.0656015775166452
216184,0.030246217269450426
216189,0.02585028565954417
216190,0.18206930439919233
216197,0.024769533541984856
216218,0.19660622626543045
216219,0.026628125924617052
216221,0.04341909592039883
216231,0.02578686352353543
216240,0.2610435262322426
216272,0.07206074520945549
216281,0.04742872295901179
216284,0.027788456180132926
216290,0.054341260343790054
216297,0.014961598499212414
216305,0.026964703924022615
216306,0.024028792162425816
216317,0.014290114573668689
216333,0.013055296498350799
216338,0.0766699630767107
216339,0.11835814360529184
216346,0.06200775969773531
216349,0.14493292849510908
216350,0.22919969260692596
216351,0.040564383612945676
216353,0.019442999735474586
216355,0.029345818562433124
216364,0.13092011585831642
216387,0.09336222242563963
216392,0.0400082606356591
216393,0.25315424241125584
216399,0.005912263935897499
216416,0.01873841171618551
216433,0.0266029117628932
216435,0.013042035570833832
216442,0.13367211166769266
216458,0.0569417045917362
216461,0.24977069161832333
216468,0.05493776220828295
216469,0.02929798816330731
216471,0.04510112921707332
216473,0.10309829656034708
216475,0.019858384737744927
216496,0.04323658440262079
216510,0.04607342276722193
216511,0.03622609190642834
216515,0.014783450053073466
216516,0.0869675469584763
216521,0.007263851002790034
216532,0.0163323768065311
216548,0.006396234908606857
216551,0.039384390343911946
216560,0.08403206942602992
216562,0.14845765568315983
216563,0.047548410249873996
216565,0.01803945330902934
216582,0.015611386857926846
216587,0.08493029465898871
216589,0.017675631679594517
216597,0.07724276278167963
216606,0.022231113980524242
216607,0.01239912782330066
216608,0.10365448473021388
216621,0.0184078422607854
216622,0.01703577081207186
216627,0.04952061688527465
216636,0.0695540220476687
216647,0.019796023319941014
216655,0.12121316324919462
216659,0.09957487927749753
216666,0.197205675765872
216676,0.025982722057960927
216677,0.114130565430969
216679,0.12502552568912506
216681,0.06876002298668027
216686,0.016387958894483745
216687,0.0755556863732636
216694,0.03714417736046016
216697,0.025299553526565433
216714,0.036974315997213125
216719,0.061366934329271317
216720,0.016847724677063525
216721,0.027129229623824358
216723,0.032390160602517426
216740,0.07103792624548078
216746,0.03641896229237318
216747,0.03098489751573652
216751,0.019593323988374323
216758,0.0806809775531292
216768,0.019073045696131885
216778,0.10812804289162159
216786,0.09569181594997644
216801,0.17262682411819696
216802,0.06752739567309618
216807,0.011053452210035175
216808,0.03811255865730345
216810,0.021699605858884752
216818,0.024442809401080012
216823,0.040045685367658734
216826,0.01063511532265693
216827,0.006417371769202873
216828,0.051563446410000324
216840,0.19911082088947296
216844,0.0656626895070076
216845,0.05276454659178853
216851,0.18194374442100525
216857,0.03324400773271918
216858,0.03910861327312887
216862,0.029242676333524287
216874,0.03413686202839017
216880,0.018841581768356264
216900,0.03982961783185601
216902,0.04251715261489153
216903,0.05445102322846651
216904,0.032233972335234284
216931,0.024824171792715788
216936,0.058595477137714624
216938,0.2247054185718298
216952,0.08099056128412485
216954,0.027691298513673246
216955,0.032019743346609175
216961,0.029450191417708993
216981,0.1755923293530941
216985,0.02815414301585406
216992,0.059753975132480264
216995,0.017870069481432438
216997,0.008427528868196532
216998,0.035546758910641074
216999,0.038698835065588355
217022,0.03751338296569884
217034,0.0748611493036151
217038,0.016990222968161106
217050,0.07429348537698388
217055,0.03192782623227686
217064,0.08058057026937604
217071,0.02157885138876736
217078,0.060588463209569454
217083,0.09932080935686827
217084,0.021741959208156914
217086,0.029878760688006878
217096,0.12217680364847183
217101,0.19303159601986408
217109,0.23903628252446651
217118,0.02089748438447714
217121,0.03052036603912711
217125,0.13033230602741241
217130,0.12316374573856592
217136,0.01443782343994826
217137,0.024923404678702354
217143,0.01921035413397476
217148,0.06107800081372261
217155,0.03361108363606036
217162,0.005365290868212469
217172,0.04327426012605429
217174,0.05617927061393857
217175,0.05475905747152865
217177,0.04656999162398279
217178,0.11039168061688542
217192,0.03638993273489177
217220,0.010548011399805546
217221,0.01945741951931268
217223,0.02137604879681021
217232,0.11192602850496769
217243,0.04326028376817703
217248,0.11783883720636368
217250,0.053717341274023056
217271,0.1012391084805131
217283,0.021608632523566484
217297,0.1481008380651474
217323,0.17472820356488228
217326,0.02208612789399922
217334,0.029160079546272755
217338,0.010100473824422807
217341,0.19054442830383778
217342,0.150051842443645
217355,0.009025345440022647
217362,0.061696050921455026
217366,0.08660009875893593
217367,0.03192690864671022
217371,0.03062402969226241
217383,0.09703609300777316
217401,0.093869692645967
217404,0.07148174848407507
217419,0.02164231287315488
217422,0.10628454154357314
217423,0.005028374172979966
217427,0.06442135432735085
217429,0.012153438961831853
217430,0.028958391048945487
217441,0.09090047748759389
217444,0.027094264747574925
217465,0.013104853627737612
217471,0.014998582773841918
217488,0.021100642741657794
217493,0.017485733842477202
217509,0.10545972920954227
217510,0.05683743208646774
217511,0.153451357036829
217519,0.053206562995910645
217522,0.05290935351513326
217562,0.029710371512919664
217574,0.08290842594578862
217577,0.007303838385269046
217579,0.1256598038598895
217596,0.005673641368048266
217602,0.021791475010104477
217612,0.03649822203442454
217632,0.04736947803758085
217635,0.009993648156523705
217636,0.1212662635371089
217638,0.1175553509965539
217639,0.1393648600205779
217651,0.031389640644192696
217652,0.0086821808363311
217663,0.27114676125347614
217669,0.05215570004656911
217686,0.048743134597316384
217699,0.036710352869704366
217700,0.13443816266953945
217703,0.018518622033298016
217706,0.16201877035200596
217714,0.07876696810126305
217732,0.01109286438440904
217736,0.031319170258939266
217749,0.2792080994695425
217763,0.008035383012611419
217770,0.022304114187136292
217771,0.02155990293249488
217772,0.03004919900558889
217776,0.025097427307628095
217777,0.046400741674005985
217778,0.21864453330636024
217782,0.01274888269836083
217790,0.08430962264537811
217792,0.015886477543972433
217793,0.08164533181115985
217795,0.16806011833250523
217796,0.034049749840050936
217800,0.01624707248993218
217804,0.023124685452785343
217807,0.010417231358587742
217846,0.045040912460535765
217847,0.17426200676709414
217853,0.0294630954740569
217856,0.019133770372718573
217864,0.010022210830356926
217867,0.0743022970855236
217868,0.24186624214053154
217885,0.05839148326776922
217887,0.01175014371983707
217889,0.03125450888182968
217900,0.007084743672749028
217903,0.016727482085116208
217905,0.06834722426719964
217909,0.021880513639189303
217913,0.011792665056418628
217944,0.051508349599316716
217946,0.06244185846298933
217954,0.04661335377022624
217956,0.06635738047771156
217957,0.008506424579536542
217961,0.2711555790156126
217962,0.0211148593807593
217976,0.03489316115155816
217980,0.03225130797363818
217981,0.012676974118221551
218006,0.023187105543911457
218009,0.030048711923882365
218032,0.13481992855668068
218049,0.020941619179211557
218053,0.020472359959967434
218078,0.016227034269832075
218080,0.11937151197344065
218081,0.012509297113865614
218094,0.14474489819258451
218098,0.057803016155958176
218099,0.06704000872559845
218100,0.034518665401265025
218113,0.027377803111448884
218117,0.02546294149942696
218118,0.022927263053134084
218119,0.02105169673450291
218125,0.012421024905052036
218133,0.030582321574911475
218153,0.13381134998053312
218165,0.051093260291963816
218166,0.007877923344494775
218177,0.015757907822262496
218178,0.024951509898528457
218202,0.029603466391563416
218203,0.03135200694669038
218207,0.1537749832496047
218209,0.03721685544587672
218236,0.05063030030578375
218244,0.022965093376114964
218247,0.16783462092280388
218250,0.03710367530584335
218266,0.08577190758660436
218275,0.16283915005624294
218276,0.03273251501377672
218287,0.1049763597548008
218292,0.008603570458944887
218298,0.11275767721235752
218300,0.008288593031466007
218320,0.05535790417343378
218321,0.059041804168373346
218333,0.017834116122685373
218347,0.022992286016233265
218353,0.03214491531252861
218366,0.046833116794005036
218368,0.020150604541413486
218369,0.0692996084690094
218372,0.1379639906808734
218376,0.030196909327059984
218378,0.0339808848220855
218403,0.10911277495324612
218413,0.08133997675031424
218418,0.03069256024900824
218449,0.1351366089656949
218450,0.16337285470217466
218458,0.02258024283219129
218464,0.02368140744511038
218475,0.06457776762545109
218476,0.10663990955799818
218478,0.02716021635569632
218515,0.018394706305116415
218517,0.04902877751737833
218518,0.06007853802293539
218538,0.02316269080620259
218539,0.15222340915352106
218550,0.33831350691616535
218551,0.030534666497260332
218565,0.15452671330422163
218580,0.012835202738642693
218591,0.06692061107605696
218598,0.0058616370224626735
218600,0.031201408710330725
218602,0.03376586060039699
218607,0.20092810597270727
218651,0.05166093981824815
218652,0.010478833457455039
218656,0.16226294729858637
218658,0.021012727520428598
218669,0.08603813126683235
218670,0.049452984472736716
218671,0.03161129727959633
218677,0.08007012819871306
218680,0.019862621556967497
218685,0.0072994796792045236
218686,0.11404507420957088
218692,0.06277240067720413
218693,0.08734993170946836
218699,0.36228093318641186
218709,0.05232341936789453
218729,0.029196130810305476
218734,0.029534629313275218
218742,0.02030316647142172
218743,0.004515390843153
218756,0.039897362468764186
218772,0.12498298566788435
218782,0.05799212446436286
218786,0.03184592549223453
218788,0.030519282328896224
218796,0.08822017814964056
218801,0.0773077174089849
218812,0.029516961192712188
218832,0.15774696972221136
218834,0.09219213202595711
218846,0.12005113065242767
218847,0.11264136619865894
218848,0.00871654090587981
218853,0.09769414318725467
218865,0.028949957923032343
218870,0.033632292645052075
218873,0.020263949176296592
218884,0.008732698566745967
218893,0.08814995642751455
218898,0.008926419919589534
218911,0.1260940283536911
218933,0.06095304945483804
218934,0.05357970157638192
218939,0.01755238207988441
218948,0.009422152303159237
218957,0.103925502859056
218962,0.0383437171112746
218973,0.01917139464057982
218975,0.01074949506437406
219000,0.00423941203916911
219001,0.05323058133944869
219006,0.022040599840693176
219027,0.09815611271187663
219036,0.026287050102837384
219043,0.15889471676200628
219047,0.05167907942086458
219057,0.019318730104714632
219059,0.24072914198040962
219062,0.011144211224745959
219074,0.009273290226701647
219085,0.011023161001503468
219087,0.03065281454473734
219095,0.03821189294103533
219114,0.013922511250711977
219115,0.07906725164502859
219119,0.03528102161362767
219140,0.03011163487099111
219147,0.011172096186783165
219170,0.03442426188848913
219171,0.3822150509804487
219174,0.03719477844424546
219177,0.031253222026862204
219180,0.013842721236869693
219195,0.005990914534777403
219203,0.013197082793340087
219207,0.10380733665078878
219223,0.04335458856076002
219229,0.08971622306853533
219236,0.016882650088518858
219238,0.10906032426282763
219243,0.035660280380398035
219245,0.037127421237528324
219247,0.27228223718702793
219273,0.026253687334246933
219278,0.2045370414853096
219279,0.06208396330475807
219284,0.03406959865242243
219319,0.024236291297711432
219326,0.08665414480492473
219336,0.04920024611055851
219344,0.08449509460479021
219359,0.08229229645803571
219360,0.006149489956442267
219364,0.017803385388106108
219368,0.04756746650673449
219376,0.0258707256289199
219382,0.012302449467824772
219388,0.03131939691957086
219396,0.09130199113860726
219398,0.21209953352808952
219403,0.07979506254196167
219405,0.030599047662690282
219406,0.07547707390040159
219410,0.07720535388216376
219424,0.16729178745299578
219446,0.011586579901631922
219450,0.014475412026513368
219451,0.14371724426746368
219464,0.01712819520616904
219465,0.057585367700085044
219469,0.02935880678705871
219472,0.10074460506439209
219482,0.03340715286321938
219506,0.07095310604199767
219507,0.10841834638267756
219516,0.041493261232972145
219521,0.13078893069177866
219564,0.34903306514024734
219565,0.01204512210097164
219568,0.014048423094209284
219570,0.004186611142358743
219578,0.01925714372191578
219579,0.17128978203982115
219588,0.038308673072606325
219593,0.14175474923104048
219594,0.014643854170572013
219601,0.05576551426202059
219608,0.016798769996967167
219616,0.027900375425815582
219620,0.043301184894517064
219621,0.011786601331550628
219628,0.06942285061813891
219632,0.06741742743179202
219637,0.05881667463108897
219670,0.07286695810034871
219688,0.013784848619252443
219704,0.022340918192639947
219717,0.04132497264072299
219723,0.14005457423627377
219741,0.048334918450564146
219772,0.0650343680754304
219774,0.03382982453331351
219775,0.03895563865080476
219778,0.022997257066890597
219787,0.048692706390284
219788,0.09341328404843807
219806,0.046188923297449946
219811,0.03452210978139192
219815,0.01371914695482701
219817,0.04930419847369194
219835,0.029514756053686142
219845,0.007822806481271982
219848,0.006471547152614221
219864,0.15026373695582151
219866,0.018269392661750317
219868,0.05393423093482852
219870,0.05517775472253561
219886,0.024027367471717298
219908,0.022007175837643445
219910,0.07550993771292269
219914,0.07235192321240902
219925,0.099196114577353
219935,0.24387535266578197
219940,0.050208282424136996
219959,0.030726157827302814
219962,0.1096675330772996
219975,0.012442103412467986
219981,0.07879691990092397
219998,0.04232206544838846
219999,0.029320445144549012
220006,0.03538954595569521
220010,0.36057271994650364
220012,0.006820558424806222
220014,0.036687860265374184
220018,0.0833155820146203
220019,0.16561400424689054
220021,0.07991210790351033
220058,0.02347933896817267
220060,0.17300209868699312
220061,0.01775711728259921
220063,0.020125816110521555
220066,0.14553561806678772
220070,0.023292231955565512
220071,0.08668855438008904
220082,0.06539156381040812
220094,0.0830393061041832
220107,0.045280379708856344
220114,0.10248902067542076
220120,0.030503804329782724
220126,0.04021529736928642
220143,0.024680001195520163
220147,0.1336378650739789
220157,0.05396385560743511
220160,0.05218953639268875
220169,0.041032122913748026
220177,0.03100760979577899
220181,0.031172815593890846
220186,0.055237751454114914
220189,0.03936629858799279
220206,0.11730668414384127
220221,0.06676347879692912
220227,0.036978597985580564
220228,0.06058457959443331
220248,0.059605750255286694
220277,0.20742212980985641
220304,0.024927554302848876
220311,0.03283673257101327
220315,0.04062660876661539
220316,0.054149931063875556
220323,0.007774157857056707
220325,0.04679989046417177
220358,0.010694137192331254
220363,0.04146958887577057
220369,0.04641673341393471
220370,0.01703232788713649
220380,0.07764021772891283
220386,0.21130759455263615
220387,0.02902734326198697
220393,0.01156043793889694
220394,0.07347709266468883
220412,0.08882520394399762
220415,0.015358833596110344
220416,0.47358012571930885
220417,0.2145407274365425
220418,0.03685957915149629
220422,0.016560287214815617
220431,0.07646522205322981
220439,0.17931286059319973
220456,0.011971504602115601
220458,0.031111168442294
220468,0.008978307567304
220474,0.029389009228907526
220479,0.05261488142423332
220494,0.014260400959756225
220501,0.12487697973847389
220503,0.02356708305887878
220511,0.010592855047434568
220514,0.06563042756170034
220516,0.2037356123328209
220521,0.08172983257099986
220530,0.03311218903400004
220562,0.007106339849997312
220565,0.01321361045120284
220582,0.06673788698390126
220594,0.028792619239538908
220600,0.23690848797559738
220614,0.06279383320361376
220621,0.08427296904847026
220624,0.17372952681034803
220629,0.06670299265533686
220632,0.06171986646950245
220639,0.019968937966041267
220655,0.01398926877300255
220664,0.016344924282748252
220670,0.01636098074959591
220686,0.014476906391792
220699,0.11758114583790302
220714,0.020534169860184193
220729,0.06300178309902549
220732,0.18970638420432806
220733,0.007421138812787831
220735,0.02358806796837598
220740,0.013832689030095935
220741,0.01735040347557515
220747,0.16622626781463623
220748,0.020560807781293988
220749,0.018406280665658414
220755,0.051795583218336105
220764,0.021543332492001355
220767,0.153902736492455
220772,0.05887170508503914
220779,0.03535955841653049
220781,0.03621118771843612
220790,0.015691302251070738
220806,0.0779478126205504
220811,0.034626499051228166
220816,0.05825351784005761
220822,0.0323779828613624
220827,0.21845581382513046
220828,0.02722347097005695
220829,0.021114535396918654
220832,0.025937015190720558
220833,0.049917176365852356
220841,0.14496542513370514
220842,0.05478786211460829
220856,0.08350094733759761
220874,0.13647944200783968
220881,0.1255465904250741
220882,0.029033133410848677
220887,0.010983775660861284
220893,0.020021690288558602
220909,0.007992900093086064
220916,0.03338365629315376
220917,0.20763719454407692
220918,0.04390862607397139
220924,0.01466280862223357
220931,0.07882888475432992
220932,0.0671339500695467
220949,0.0222037365892902
220950,0.10145265934988856
220956,0.031031300546601415
220972,0.006514754961244762
220994,0.01981919538229704
221004,0.11891769152134657
221008,0.14954464510083199
221011,0.031186602544039488
221030,0.010292939725331962
221032,0.028260784805752337
221035,0.012942802044562995
221058,0.09346419665962458
221059,0.026626724051311612
221075,0.07239329442381859
221079,0.015309181006159633
221080,0.03221206180751324
221107,0.031616575084626675
221116,0.1853968482464552
221129,0.10922136344015598
221148,0.02972761052660644
221158,0.011437457811553031
221165,0.027257277630269527
221169,0.07203401438891888
221171,0.06622588215395808
221198,0.06718567432835698
221202,0.06391240796074271
221205,0.14184277039021254
221223,0.04849113407544792
221227,0.020366993616335094
221228,0.005368277765228413
221234,0.030948421568609774
221242,0.05507393437437713
221252,0.23078794870525599
221256,0.06436333060264587
221260,0.0714299501851201
221261,0.06103944545611739
221264,0.036795748164877295
221267,0.06268006563186646
221272,0.04264438524842262
221284,0.08860751055181026
221292,0.0802617920562625
221311,0.025444298866204917
221322,0.04441250441595912
221327,0.1521539455279708
221339,0.022372685256414115
221371,0.03903743240516633
221372,0.040045127272605896
221404,0.053848629584535956
221411,0.034432974411174655
221438,0.06243719579651952
221451,0.031363124027848244
221465,0.08797826059162617
221477,0.05445947125554085
221483,0.03079187765251845
221493,0.05101473000831902
221495,0.026273713679984212
221498,0.12215031730011106
221500,0.09196353564038873
221506,0.10044463910162449
221513,0.08689713338389993
221523,0.11592438817024231
221528,0.039159186417236924
221529,0.0945731159299612
221530,0.05834986036643386
221531,0.045650421641767025
221549,0.03424313059076667
221550,0.021008313400670886
221565,0.19409404881298542
221570,0.08254963578656316
221573,0.007896060036728159
221575,0.034620855236425996
221576,0.028039881959557533
221604,0.05911004822701216
221615,0.03293556813150644
221626,0.023436028161086142
221629,0.11504224874079227
221630,0.02548126841429621
221636,0.03908775211311877
221656,0.03989624627865851
221659,0.0210257739527151
221663,0.0459740636870265
221665,0.03717855433933437
221675,0.0637023514136672
221676,0.021175313624553382
221677,0.12583276070654392
221679,0.017705046571791172
221707,0.04003005078993738
221712,0.07703944575041533
221717,0.025693500181660056
221725,0.018530399072915316
221733,0.0334761788835749
221741,0.016089770244434476
221747,0.015943037869874388
221762,0.06306398753076792
221763,0.008234957087552175
221770,0.048430881230160594
221771,0.03290883474983275
221787,0.008505620557116345
221793,0.01103259774390608
221804,0.013087729457765818
221805,0.009998047025874257
221825,0.06363112526014447
221827,0.05077326740138233
221828,0.0651131640188396
221829,0.015326376596931368
221845,0.07371465675532818
221859,0.05918931681662798
221860,0.03912707627750933
221867,0.3008783161640167
221868,0.05470794509164989
221870,0.11039156652987003
221876,0.06609186762943864
221884,0.10989861423149705
221895,0.03707319847308099
221911,0.032757807057350874
221921,0.05426125042140484
221931,0.22082094103097916
221935,0.0221942343050614
221955,0.06853555422276258
221959,0.008927704620873556
221966,0.0413835346698761
221974,0.02739322662819177
221981,0.06386112747713923
222002,0.26298317685723305
222010,0.009759799315361306
222012,0.10355916153639555
222013,0.11167697887867689
222023,0.1008049352094531
222034,0.0710283238440752
222048,0.10349316755309701
222052,0.20672975666821003
222059,0.06263568811118603
222060,0.07609246345236897
222061,0.053967627696692944
222067,0.02266566175967455
222076,0.1758181257173419
222081,0.13436209224164486
222120,0.04088046634569764
222121,0.08550782082602382
222133,0.06857367511838675
222149,0.06329129938967526
222150,0.025809748214669526
222153,0.03243903140537441
222154,0.021170758409425616
222159,0.02035530179273337
222165,0.031590843573212624
222167,0.02786527737043798
222170,0.1345797162503004
222178,0.08737507974728942
222179,0.011550469673238695
222188,0.034310967894271016
222189,0.025187589693814516
222195,0.07204893580637872
222198,0.026009157299995422
222224,0.032522915629670024
222234,0.01734683511313051
222254,0.05801123031415045
222256,0.06511115282773972
222264,0.01999599556438625
222281,0.04918130557052791
222296,0.5351933985948563
222303,0.2868742495775223
222309,0.021044398308731616
222310,0.029679393279366195
222313,0.1002865182235837
222321,0.07553551532328129
222322,0.025699612800963223
222328,0.03913118550553918
222333,0.05552218994125724
222334,0.05439040996134281
222338,0.026405887445434928
222347,0.05306800315156579
222349,0.022933061816729605
222351,0.03229764592833817
222352,0.03329330566339195
222357,0.0269004626898095
222362,0.0036035262819495983
222381,0.11963375378400087
222392,0.042947459034621716
222401,0.1415556324645877
222413,0.09199252305552363
222422,0.019921962870284915
222423,0.02418442163616419
222430,0.0588174844160676
222432,0.010316221800167114
222452,0.020171685609966516
222459,0.07685216190293431
222473,0.014591708313673735
222475,0.10891959303990006
222481,0.07774687698110938
222482,0.043708394980058074
222489,0.012277774221729487
222496,0.026426349068060517
222505,0.11941992770880461
222516,0.0949320150539279
222537,0.0483012804761529
222555,0.012074990023393184
222566,0.037465559085831046
222572,0.08173882588744164
222577,0.07694840151816607
222618,0.018609893857501447
222619,0.005901111231651157
222624,0.009778331586858258
222625,0.030348041793331504
222626,0.027485954808071256
222629,0.046115141827613115
222634,0.01331288123037666
222636,0.04535558121278882
222637,0.008173962618457153
222641,0.02116516896057874
222646,0.03209505742415786
222648,0.06084681092761457
222659,0.004264559349394403
222663,0.008354128542123362
222665,0.01272216479992494
222671,0.10393397836014628
222674,0.04882101621478796
222675,0.023479426512494683
222707,0.040678214048966765
222709,0.022040955489501357
222711,0.09764561196789145
222717,0.11864322703331709
222728,0.22597988322377205
222752,0.04110870906151831
222753,0.03143266623374075
222755,0.0056459377374267206
222765,0.02576380711980164
222768,0.10294310562312603
222769,0.2363001387566328
222783,0.19386626221239567
222799,0.0549023998901248
222821,0.011369849904440343
222825,0.08997299894690514
222837,0.1252680281177163
222862,0.2082687122747302
222863,0.11300363019108772
222869,0.0744720809161663
222876,0.11107059381902218
222892,0.06246661953628063
222898,0.022021717275492847
222912,0.013717994617763907
222920,0.03861826518550515
222926,0.04416245291940868
222934,0.2887384369969368
222938,0.027449040673673153
222945,0.0841319770552218
222947,0.00600845055305399
222966,0.1871707271784544
222971,0.023872260935604572
222994,0.030674596782773733
223008,0.10874024592339993
223019,0.02054860582575202
223040,0.12137349601835012
223042,0.1427465584129095
223049,0.012023318151477724
223051,0.008534976048395038
223056,0.03089152544271201
223058,0.06549339694902301
223064,0.0687317461706698
223067,0.010831918538315222
223073,0.2906420174986124
223075,0.018921999027952552
223078,0.021979455137625337
223079,0.033398432075046
223082,0.15700498688966036
223098,0.1548995254561305
223112,0.020335130975581706
223116,0.052596282213926315
223121,0.14834759198129177
223128,0.15728697460144758
223135,0.036099491408094764
223136,0.04872116562910378
223144,0.018917265173513442
223151,0.07768618315458298
223157,0.050047464203089476
223181,0.07114017847925425
223190,0.040608139242976904
223197,0.08858817396685481
223205,0.023396034841425717
223209,0.025053507066331804
223221,0.27181486785411835
223235,0.2310151569545269
223238,0.012093949131667614
223244,0.01625487650744617
223258,0.04914904525503516
223262,0.14648674335330725
223272,0.05994920851662755
223288,0.11006461270153522
223298,0.038634772412478924
223310,0.036521656438708305
223320,0.02462108968757093
223357,0.12824759539216757
223365,0.017988501000218093
223369,0.012781030440237373
223375,0.2150445356965065
223384,0.010490203858353198
223393,0.01042775236419402
223412,0.04743282892741263
223428,0.02885782136581838
223440,0.3066864460706711
223456,0.26599519327282906
223470,0.020625060657039285
223471,0.03907899605110288
223484,0.018190306203905493
223488,0.12466365844011307
223489,0.01385272538755089
223490,0.027235377463512123
223492,0.03949030814692378
223496,0.13049874734133482
223503,0.00719211675459519
223507,0.06286282418295741
223518,0.03768929420039058
223519,0.042126777581870556
223521,0.01285753381671384
223524,0.017042374005541205
223526,0.01110861316556111
223527,0.1610888633877039
223529,0.018864713958464563
223534,0.013052769470959902
223538,0.11882157810032368
223547,0.027635937673039734
223549,0.03819865803234279
223551,0.11734992079436779
223552,0.04490855638869107
223567,0.024889599182642996
223571,0.09654100378975272
223582,0.030872061615809798
223584,0.02168630319647491
223585,0.16786841955035925
223586,0.01600164035335183
223588,0.007191866636276245
223592,0.014855551882646978
223594,0.017383781378157437
223607,0.059854401275515556
223608,0.005076855115476064
223609,0.22761577181518078
223610,0.00613578935735859
223611,0.03822052199393511
223635,0.04048892797436565
223636,0.009774275909876451
223638,0.041641120333224535
223649,0.008143164974171668
223670,0.03978718654252589
223688,0.024671307066455483
223698,0.027914046309888363
223699,0.22251014970242977
223716,0.02664307481609285
223718,0.04022211558185518
223720,0.016348355857189745
223727,0.047595811542123556
223729,0.002994096008478664
223739,0.029397800331935287
223740,0.038392541697248816
223741,0.026143304188735783
223750,0.027690076734870672
223752,0.03561401227489114
223764,0.07317708968184888
223781,0.006057402919395827
223783,0.13051859568804502
223794,0.039923256961628795
223808,0.018461087602190673
223810,0.15324704721570015
223814,0.11226555798202753
223817,0.09714952344074845
223830,0.134890120010823
223839,0.035947122145444155
223849,0.16758599411696196
223851,0.15107097197324038
223854,0.1162756709381938
223888,0.1352504575625062
223914,0.05220925295725465
223923,0.048362859757617116
223925,0.023639781982637942
223939,0.011415443703299388
223949,0.06511891353875399
223951,0.35658026300370693
223952,0.13706221245229244
223967,0.033655533101409674
223971,0.25623197108507156
223974,0.022203027387149632
223978,0.0327660923358053
223991,0.13051260635256767
224008,0.01792460138676688
224016,0.006316771876299754
224024,0.05608442984521389
224039,0.023459917167201638
224040,0.0746457721106708
224044,0.09842384047806263
224047,0.03498655837029219
224055,0.0283897346816957
224061,0.11511295940726995
224065,0.015201091882772744
224079,0.04208994819782674
224080,0.027678937651216984
224089,0.03849844029173255
224094,0.10958280134946108
224095,0.11784928478300571
224109,0.14157452899962664
224111,0.04308299894910306
224112,0.062080690171569586
224134,0.12171761132776737
224135,0.017215649946592748
224138,0.07647507125511765
224139,0.02863475144840777
224158,0.030651351204141974
224161,0.0854800259694457
224171,0.046226015547290444
224182,0.19380576815456152
224191,0.06009310088120401
224194,0.03762675984762609
224195,0.1303531201556325
224205,0.046284563606604934
224206,0.15842306707054377
224211,0.01354028278728947
224213,0.0153058462892659
224214,0.05632117297500372
224236,0.022372593521140516
224239,0.14649800304323435
224241,0.12273687031120062
224251,0.01960559590952471
224259,0.1701089609414339
224262,0.05889592878520489
224263,0.038702865364030004
224268,0.07440904062241316
224270,0.007310972665436566
224282,0.08850412350147963
224300,0.01175186550244689
224315,0.02548035536892712
224319,0.019787369412370026
224325,0.018798830278683454
224337,0.01706714608008042
224339,0.1016798741184175
224343,0.005674864805769175
224344,0.04968250310048461
224347,0.14391676057130098
224353,0.13617750257253647
224363,0.032366807805374265
224370,0.06062728725373745
224379,0.01618784770835191
224380,0.23359770141541958
224393,0.020048013364430517
224395,0.06245475681498647
224407,0.04949540621601045
224408,0.018397340609226376
224426,0.03218877827748656
224427,0.029295149026438594
224428,0.007464171329047531
224437,0.132940411567688
224444,0.01105238578747958
224445,0.17206490132957697
224459,0.019149890285916626
224473,0.3250173516571522
224488,0.0686121042817831
224490,0.12214361317455769
224493,0.0935635780915618
224494,0.05764829879626632
224495,0.05338958650827408
224499,0.031980485771782696
224524,0.06398201175034046
224528,0.014539884577970952
224538,0.519384853541851
224553,0.09436190500855446
224554,0.03134589456021786
224575,0.03425784851424396
224586,0.022170374868437648
224593,0.0314976426307112
224599,0.017453672597184777
224614,0.01799457718152553
224625,0.011852986412122846
224626,0.047541470965370536
224627,0.11503610201179981
224628,0.040979148587211967
224631,0.00522959693626035
224651,0.145172705873847
224658,0.07417073380202055
224664,0.02335566282272339
224668,0.012697780679445714
224673,0.039564962266013026
224674,0.03523564082570374
224683,0.08503519976511598
224708,0.10425743460655212
224748,0.05904478533193469
224756,0.029070366406813264
224757,0.08932260749861598
224760,0.007233012089272961
224771,0.15735187474638224
224772,0.024579260381869972
224797,0.11807084549218416
224823,0.11398027092218399
224831,0.14244891982525587
224841,0.027227611979469657
224843,0.0961920041590929
224844,0.16675757337361574
224849,0.021580575965344906
224855,0.2497784849256277
224856,0.018335112370550632
224864,0.019687306135892868
224871,0.023667165427468717
224876,0.08631193498149514
224889,0.09333039075136185
224896,0.10237148683518171
224899,0.044977055164054036
224912,0.023436584044247866
224916,0.05558494268916547
224918,0.08604988642036915
224925,0.06282571190968156
224929,0.031100454507395625
224934,0.08144740364514291
224950,0.12462417595088482
224953,0.04035236011259258
224956,0.11218700464814901
224958,0.044191800989210606
224960,0.057353203650563955
224971,0.12585463095456362
224975,0.02367727435193956
224978,0.04530106042511761
224986,0.028887975495308638
224987,0.12206880282610655
224990,0.03438131813891232
225010,0.0402191337198019
225041,0.03872424014844
225044,0.01633467763895169
225045,0.04301339783705771
225048,0.029250890482217073
225053,0.09218708425760269
225058,0.0655681099742651
225075,0.027329168864525855
225085,0.03065151977352798
225103,0.019982805475592613
225107,0.013970939500723034
225114,0.03005132917314768
225122,0.07939945021644235
225130,0.0217485319590196
225131,0.2447079624980688
225132,0.023562036454677582
225134,0.01248323154868558
225136,0.036809553392231464
225141,0.02268886344972998
225145,0.015037185919936746
225146,0.011494415230117738
225156,0.047928473679348826
225158,0.08684710692614317
225165,0.029966756468638778
225185,0.07583649503067136
225194,0.006762601551599801
225195,0.005931091960519552
225223,0.08491802960634232
225224,0.13684398028999567
225231,0.030679606832563877
225233,0.05772750964388251
225246,0.22431783936917782
225281,0.027629181975498796
225286,0.06997810443863273
225301,0.08029273198917508
225302,0.012570088671054691
225336,0.05096116568893194
225347,0.0661362218670547
225351,0.062066643964499235
225362,0.041945742443203926
225363,0.013996880850754678
225364,0.027722860919311643
225370,0.015857196878641844
225374,0.01692363538313657
225375,0.07367076631635427
225380,0.03218641551211476
225381,0.016936705738771707
225382,0.03024996817111969
225392,0.08725650608539581
225410,0.05526059470139444
225425,0.07609114749357104
225431,0.060022419318556786
225456,0.012675269797910005
225460,0.08555011171847582
225475,0.030703551252372563
225478,0.013662543031387031
225483,0.11383494408801198
225499,0.12485639471560717
225514,0.38995444774627686
225517,0.031085742637515068
225524,0.20202692225575447
225532,0.015553283272311091
225545,0.09983541769906878
225546,0.08502220315858722
225550,0.009096632158616558
225580,0.13921036757528782
225581,0.0427530356682837
225582,0.09222257183864713
225585,0.07942421594634652
225601,0.07272215140983462
225612,0.06392956990748644
225621,0.09021858125925064
225636,0.07415708852931857
225639,0.02960386872291565
225650,0.004477362614125013
225654,0.02858044975437224
225664,0.028779610642232
225665,0.2492600791156292
225666,0.019070145557634532
225686,0.03091346356086433
225689,0.02250673936214298
225691,0.029679814935661852
225721,0.00556103911367245
225733,0.03664867556653917
225739,0.02008640265557915
225741,0.13562760315835476
225766,0.0219926571007818
225776,0.22383438795804977
225788,0.02382758737076074
225792,0.017474154010415077
225803,0.11939402297139168
225804,0.020556247094646096
225805,0.29989631101489067
225808,0.020331784733571112
225819,0.02889970107935369
225826,0.02206296450458467
225832,0.04737542103976011
225850,0.024545911815948784
225851,0.07677948335185647
225854,0.0787114193663001
225858,0.014741622027941048
225875,0.03381715063005686
225884,0.023994772345758975
225890,0.020013529807329178
225906,0.02541067497804761
225908,0.049420039635151625
225910,0.04487562132999301
225920,0.3033821117132902
225950,0.16966649144887924
225990,0.05490480503067374
225991,0.015806476469151676
226010,0.023452330962754786
226011,0.014152451185509562
226018,0.030888881534337997
226029,0.038803490810096264
226030,0.019333157339133322
226041,0.03562439954839647
226044,0.027662074542604387
226051,0.0486053042113781
226054,0.014262389100622386
226085,0.14505544025450945
226105,0.21240643970668316
226116,0.3113721888512373
226130,0.13172266725450754
226131,0.0420872385147959
226170,0.018533354392275214
226171,0.03038304508663714
226176,0.08403855608776212
226177,0.08372558932751417
226183,0.01220871799159795
226187,0.022308862069621682
226188,0.13434982113540173
226190,0.16588590946048498
226206,0.021660862490534782
226213,0.08627643622457981
226214,0.17551795579493046
226226,0.01945134811103344
226244,0.1125567676499486
226245,0.011234060977585614
226251,0.10421241354197264
226258,0.01780258072540164
226259,0.020008360967040062
226265,0.09563157986849546
226291,0.24598543718457222
226294,0.011977162153925747
226299,0.018072947161272168
226300,0.035132621647790074
226301,0.11910929810255766
226302,0.0528693669475615
226308,0.025102857151068747
226309,0.02882153308019042
226318,0.01911614544223994
226319,0.06812166981399059
226320,0.04361208504997194
226325,0.037112913792952895
226334,0.04053743742406368
226337,0.10924142273142934
226348,0.03920234343968332
226353,0.002744363620877266
226361,0.022722529713064432
226387,0.16523705702275038
226395,0.022769250674173236
226413,0.014167424174956977
226416,0.03116712812334299
226427,0.017966066719964147
226433,0.07636651443317533
226447,0.1569976918399334
226487,0.07091187732294202
226495,0.10392255708575249
226496,0.008811908774077892
226499,0.010864996060263366
226501,0.1717585837468505
226505,0.05927439499646425
226506,0.05312515702098608
226507,0.03193951700814068
226516,0.02006434346549213
226523,0.071633271407336
226527,0.09409060655161738
226533,0.030324745224788785
226537,0.06697815796360373
226539,0.00929061381611973
226551,0.09676682390272617
226556,0.015327505010645837
226557,0.02550915814936161
226561,0.2725812364369631
226565,0.026867205975577235
226567,0.029322008369490504
226590,0.023056695936247706
226599,0.11491955677047372
226639,0.044034637277945876
226654,0.1192213986068964
226664,0.03567128663416952
226668,0.09252225048840046
226677,0.14100540056824684
226682,0.0791769684292376
226689,0.06439496483653784
226691,0.020750041701830924
226698,0.04761821869760752
226713,0.021014108206145465
226720,0.07344897394068539
226734,0.03070438141003251
226735,0.05292183021083474
226738,0.09850725438445807
226742,0.003656209839391522
226763,0.00688427165732719
226766,0.09517117124050856
226772,0.024312411434948444
226779,0.07398701272904873
226780,0.08775370148941875
226787,0.2605165559798479
226790,0.15233120881021023
226792,0.12481668451800942
226797,0.07273692591115832
226803,0.03440933697856963
226807,0.01639640424400568
226827,0.007862201309762895
226828,0.03406961483415216
226836,0.05724790575914085
226837,0.004495011620747391
226838,0.11570195481181145
226847,0.2048119194805622
226881,0.13615137990564108
226882,0.06296542659401894
226884,0.06167392898350954
226917,0.015949131455272436
226921,0.06126997014507651
226933,0.10362610500305891
226938,0.04371859482489526
226948,0.028462629998102784
226952,0.019586783892009407
226954,0.08347932063043118
226965,0.010039514338131994
226970,0.02004573750309646
226977,0.14442996680736542
226986,0.0338873325381428
227005,0.01809247548226267
227009,0.03933510184288025
227010,0.04648513160645962
227013,0.04750554426573217
227019,0.02258923021145165
227025,0.013107618666253984
227026,0.06691124103963375
227027,0.058062704280018806
227029,0.02602053538430482
227049,0.07628112146630883
227053,0.030505555449053645
227054,0.08868767414242029
227058,0.020102651265915483
227074,0.020450290758162737
227099,0.03938227007165551
227100,0.030853436794131994
227109,0.006017866398906335
227111,0.04959217878058553
227112,0.044109310721978545
227125,0.23068229854106903
227145,0.08968031452968717
227148,0.11856339126825333
227151,0.04403705592267215
227160,0.09150940738618374
227165,0.1480974368751049
227200,0.14616985246539116
227210,0.07429655874148011
227213,0.09497420350089669
227235,0.037747682887129486
227242,0.08280264213681221
227245,0.21712916903197765
227246,0.007933172542834654
227248,0.12125565856695175
227251,0.08030066452920437
227252,0.015228617936372757
227258,0.017163152806460857
227264,0.06180174462497234
227270,0.0517339666839689
227272,0.01739060180261731
227274,0.016436948557384312
227281,0.03766625910066068
227290,0.06530653079971671
227293,0.05860205949284136
227299,0.041785088600590825
227306,0.04101070016622543
227323,0.03799528512172401
227325,0.030440341215580702
227326,0.06656030868180096
227332,0.04824799671769142
227336,0.039019946940243244
227343,0.016548321524169296
227344,0.017109150649048388
227345,0.05812615738250315
227348,0.11508723488077521
227360,0.010836277855560184
227376,0.02842799201607704
227386,0.17801520973443985
227392,0.1014587595127523
227393,0.06906621484085917
227401,0.011632611858658493
227404,0.11875512357801199
227413,0.04355827230028808
227420,0.08442540373653173
227459,0.012901545385830104
227460,0.006705108127789572
227462,0.03545015142299235
227463,0.08530783606693149
227481,0.08532323688268661
227482,0.007861898426199332
227485,0.10215323558077216
227486,0.030041327001526952
227493,0.021199546987190843
227500,0.07148597529157996
227501,0.02206810680218041
227502,0.0492729083634913
227506,0.06567092798650265
227523,0.08078078785911202
227525,0.02597171429079026
227531,0.04223370552062988
227532,0.22249133698642254
227535,0.03079791646450758
227542,0.036688877269625664
227545,0.0436515964102
227566,0.047342570731416345
227578,0.013435230648610741
227585,0.16579863149672747
227586,0.007758807536447421
227587,0.017571470292750746
227590,0.023811211343854666
227595,0.20940072182565928
227596,0.03515244950540364
227597,0.07597070094197989
227600,0.07631437247619033
227621,0.2051257062703371
227637,0.058696904219686985
227640,0.23198328725993633
227649,0.25177540071308613
227653,0.011904137907549739
227674,0.03971087699756026
227675,0.04829867836087942
227680,0.09229790512472391
227696,0.019190001185052097
227701,0.2824006639420986
227707,0.02942422218620777
227713,0.14265367481857538
227715,0.029814445530064404
227728,0.057090186746791005
227730,0.013308724039234221
227731,0.006570869561983272
227732,0.03445283975452185
227736,0.06410905672237277
227739,0.07534454623237252
227740,0.1559708258137107
227741,0.15239100996404886
227742,0.20796635001897812
227745,0.021920009749010205
227749,0.2010887311771512
227752,0.005846091109560803
227756,0.19880774803459644
227769,0.07586871273815632
227779,0.06865302845835686
227783,0.03719112044200301
227799,0.025107275927439332
227803,0.01694391982164234
227818,0.04660190048161894
227822,0.07819373300299048
227823,0.021853633574210107
227824,0.025056812446564436
227825,0.020783642074093223
227826,0.13938259100541472
227833,0.02755531296133995
227834,0.1924562593922019
227837,0.1277138963341713
227839,0.0536479065194726
227856,0.04366258066147566
227872,0.03862135042436421
227876,0.03354674798902124
227905,0.21425080113112926
227908,0.10663083149120212
227909,0.3106869235634804
227912,0.06751999747939408
227917,0.050926763797178864
227931,0.08003681059926748
227936,0.10045677237212658
227939,0.03083287097979337
227941,0.027830313425511122
227942,0.025836854823864996
227944,0.048593586310744286
227945,0.14115792699158192
227952,0.11111989337950945
227954,0.05614907341077924
227968,0.011350430839229375
227975,0.033210292691364884
227989,0.07670169626362622
227992,0.041333836736157537
227993,0.07105275383219123
227996,0.0335439876653254
227997,0.02839055098593235
227998,0.009238028462277725
228040,0.027249047998338938
228044,0.04666463239118457
228045,0.024398010689765215
228046,0.02231992280576378
228051,0.015780918824020773
228052,0.059882596135139465
228053,0.01913782791234553
228059,0.026542110135778785
228062,0.09393564378842711
228070,0.017727814032696187
228074,0.03452226985245943
228077,0.04937119456008077
228078,0.07470528641715646
228097,0.03505275398492813
228099,0.0675700893625617
228100,0.043020694283768535
228102,0.316765945404768
228103,0.051264163106679916
228104,0.10609949752688408
228107,0.029833792708814144
228117,0.07763533410616219
228123,0.013368059357162565
228125,0.01765263918787241
228130,0.005389034718973562
228134,0.034438540460541844
228141,0.061553806997835636
228153,0.08124943496659398
228163,0.05355704086832702
228164,0.016613143612630665
228166,0.06511147553101182
228168,0.17385712824761868
228169,0.07432751078158617
228183,0.057960267877206206
228198,0.053729615872725844
228199,0.024666424375027418
228201,0.033212749171070755
228207,0.03473089728504419
228209,0.0428865565918386
228219,0.03551934473216534
228239,0.01655284164007753
228248,0.026349942374508828
228260,0.039258076809346676
228268,0.4418525882065296
228280,0.042891269782558084
228282,0.04608584078960121
228288,0.012597978668054566
228289,0.09325033100321889
228295,0.03328944242093712
228296,0.07638564659282565
228297,0.048471638932824135
228298,0.03718071011826396
228299,0.03135663480497897
228301,0.003247739587095566
228322,0.07443047408014536
228324,0.022959264344535768
228332,0.01983826421201229
228334,0.03557527344673872
228342,0.07093482743948698
228351,0.03410951793193817
228354,0.03172934311442077
228355,0.007606984028825536
228362,0.006005563278449699
228375,0.032566304318606853
228383,0.10388756822794676
228389,0.0488803421612829
228392,0.20990204438567162
228411,0.028119380702264607
228414,0.02727407100610435
228420,0.03872793191112578
228424,0.028714203741401434
228426,0.15475726872682571
228429,0.01396364305401221
228447,0.3210282064974308
228455,0.010382256645243615
228458,0.062330249696969986
228467,0.18732579797506332
228472,0.027471917448565364
228479,0.015294390497729182
228482,0.06883146008476615
228488,0.027912901481613517
228489,0.29785603657364845
228499,0.02429939468856901
228501,0.002174690438550897
228502,0.013746741926297545
228503,0.2851637713611126
228509,0.017724329605698586
228512,0.11700930166989565
228514,0.03974792058579624
228519,0.1719775665551424
228530,0.015681195014622062
228534,0.21246321126818657
228536,0.006680077261989936
228537,0.017955778865143657
228538,0.05412953277118504
228539,0.01491463661659509
228557,0.10044865543022752
228591,0.09813250694423914
228592,0.031135644181631505
228608,0.21702268347144127
228609,0.04266427969560027
228636,0.10627268813550472
228647,0.06170303700491786
228656,0.07627376494929194
228657,0.035312605439685285
228661,0.0649012578651309
228663,0.05675528314895928
228671,0.03252361947670579
228682,0.23147859796881676
228697,0.050622696755453944
228698,0.03724653669632971
228712,0.04632598743773997
228713,0.021803197800181806
228729,0.030648141400888562
228730,0.059170792112126946
228737,0.06334162130951881
228744,0.016516275005415082
228752,0.025275178719311953
228761,0.4010038450360298
228763,0.11898107267916203
228764,0.006404049840057269
228770,0.027364957029931247
228774,0.006207007623743266
228781,0.030589948175475
228792,0.019836905761621892
228794,0.17564909346401691
228796,0.009375121153425425
228799,0.04806861048564315
228808,0.17416631896048784
228809,0.10129796341061592
228810,0.032359621371142566
228813,0.01650429831352085
228821,0.43119877204298973
228826,0.021267260424792767
228830,0.026880087098106742
228831,0.04474776890128851
228835,0.09556116256862879
228854,0.032296078046783805
228855,0.040845235576853156
228863,0.11427986528724432
228869,0.10943021671846509
228872,0.13490783143788576
228885,0.11134003847837448
228888,0.024104419630020857
228889,0.10491354810073972
228890,0.056753532495349646
228891,0.015570847201161087
228894,0.11266808584332466
228902,0.04685319843702018
228907,0.01882490620482713
228915,0.0994411869905889
228918,0.03293760516680777
228919,0.011441598180681467
228933,0.02406087063718587
228946,0.006758208473911509
228947,0.095901720225811
228954,0.04881156445480883
228956,0.06462522782385349
228958,0.015789635595865548
228969,0.11372975632548332
228973,0.05720507330261171
228978,0.006826223281677812
228979,0.40713153779506683
228988,0.017273212608415633
228995,0.02863386331591755
229019,0.05509562138468027
229037,0.021111221751198173
229041,0.05187360313721001
229042,0.013514971476979554
229046,0.011754921288229525
229048,0.016988770803436637
229053,0.02405215287581086
229064,0.1552638914436102
229073,0.03998621110804379
229074,0.03175588138401508
229077,0.08990626595914364
229095,0.1287829400971532
229100,0.06129679502919316
229103,0.015955471550114453
229104,0.056900417897850275
229105,0.016011734900530428
229107,0.011857746576424688
229115,0.021429518819786608
229117,0.14549190551042557
229118,0.03469469433184713
229124,0.15440760552883148
229125,0.007575706113129854
229130,0.1420365171507001
229157,0.031022121431306005
229162,0.02473538788035512
229185,0.18016057554632425
229195,0.020751604810357094
229201,0.1363542526960373
229202,0.025061373016797006
229219,0.039268702967092395
229220,0.017057412769645452
229223,0.12321589142084122
229224,0.06639235466718674
229229,0.08120792219415307
229233,0.021551391517277807
229255,0.03563698008656502
229261,0.09001299878582358
229262,0.13004321698099375
229271,0.051565146073699
229276,0.04564208444207907
229277,0.040590508142486215
229278,0.08263462875038385
229280,0.0757047701627016
229298,0.008288476208690554
229301,0.052875085035339
229316,0.03146909293718636
229325,0.016070962068624794
229329,0.03829080727882683
229334,0.023845042218454182
229336,0.10330420872196555
229337,0.0488889547996223
229342,0.023474679328501225
229349,0.051704422337934375
229357,0.06905285455286503
229369,0.13737547490745783
229374,0.023647524882107973
229402,0.052085923962295055
229427,0.0755096492357552
229452,0.13699354883283377
229455,0.1297430545091629
229459,0.3337111584842205
229462,0.025730262510478497
229482,0.032034946139901876
229488,0.008878998487489298
229496,0.04670615843497217
229507,0.05998927541077137
229508,0.014220593613572419
229531,0.017891602008603513
229576,0.02351030521094799
229595,0.021804075920954347
229602,0.07249789219349623
229609,0.04495101049542427
229610,0.26916856691241264
229614,0.1025359882041812
229615,0.14139422588050365
229631,0.031266541103832424
229632,0.0068077138857916
229638,0.0202351181069389
229647,0.03415035689249635
229651,0.016368441516533494
229659,0.10422612773254514
229663,0.06819975282996893
229671,0.16104117035865784
229672,0.032168607925996184
229675,0.0306046768091619
229684,0.023797260713763535
229687,0.06416500452905893
229705,0.026851969654671848
229711,0.017152272746898234
229713,0.1601694505661726
229714,0.03844348166603595
229731,0.09493426559492946
229738,0.10106259258463979
229742,0.04278056276962161
229745,0.01988506712950766
229746,0.016971857054159045
229749,0.12222779681906104
229765,0.10370023688301444
229767,0.00821283456753008
229779,0.23563801869750023
229782,0.03484652074985206
229802,0.04283522325567901
229805,0.01980901585193351
229810,0.14892788790166378
229816,0.03487705462612212
229828,0.03281155484728515
229838,0.041329856030642986
229850,0.12724790163338184
229858,0.06683225417509675
229860,0.019106631982140243
229877,0.02124762360472232
229888,0.020061830524355173
229894,0.02644499472808093
229898,0.05471597868017852
229905,0.045586007414385676
229912,0.2835463210940361
229913,0.022978905122727156
229921,0.12792860344052315
229923,0.0211629387922585
229930,0.013106731697916985
229962,0.0263956633862108
229963,0.27323211915791035
229977,0.011762581008952111
229984,0.0193672290770337
229998,0.031257360125891864
230012,0.01622088416479528
230016,0.12489508558064699
230020,0.05608054855838418
230024,0.23799346014857292
230037,0.025684159132651985
230038,0.16110142227262259
230040,0.020618448150344193
230042,0.008497750473907217
230044,0.04545731656253338
230050,0.06353938998654485
230056,0.017175930668599904
230067,0.031613113707862794
230076,0.03806996694765985
230077,0.06230322131887078
230084,0.13597801281139255
230098,0.0271137950476259
230107,0.037612505722790956
230116,0.047052494483068585
230119,0.019748548220377415
230121,0.030439010122790933
230122,0.06958632310852408
230135,0.16527430154383183
230139,0.04714481974951923
230179,0.008001006382983178
230180,0.0846285573206842
230185,0.004708985521574505
230192,0.03128624882083386
230203,0.21126610599458218
230216,0.023243253934197128
230226,0.03493321337737143
230260,0.14005296770483255
230268,0.16767050698399544
230289,0.20129787549376488
230296,0.02635485993232578
230317,0.019348079687915742
230328,0.22691434435546398
230329,0.32453842647373676
230330,0.025199757423251867
230332,0.010432626702822745
230338,0.024245816166512668
230343,0.05942918988876045
230344,0.0521468804217875
230349,0.030499826185405254
230369,0.036573257530108094
230379,0.1324367793276906
230391,0.016860279254615307
230393,0.45363718643784523
230394,0.03471529670059681
230402,0.030987052246928215
230404,0.24075241200625896
230416,0.03357621980831027
230417,0.17325032223016024
230423,0.12365553062409163
230427,0.05023487098515034
230448,0.14935734309256077
230449,0.029818384326063097
230451,0.007209171279100701
230453,0.04433781001716852
230454,0.023930074006784707
230457,0.10510948253795505
230458,0.027703749598003924
230459,0.06334228161722422
230461,0.01575516222510487
230464,0.027990913134999573
230494,0.024035155191086233
230517,0.011165864474605769
230520,0.04721038322895765
230521,0.07594294985756278
230534,0.0477018014062196
230553,0.043825533939525485
230581,0.13931076880544424
230585,0.05445659998804331
230590,0.02499295538291335
230592,0.06461329339072108
230605,0.009978317422792315
230610,0.010819871386047453
230623,0.08030350506305695
230628,0.09574303217232227
230629,0.07069896021857858
230640,0.03731186734512448
230641,0.010262454394251108
230642,0.010640723688993603
230655,0.034497268265113235
230656,0.03525882959365845
230662,0.044206626480445266
230675,0.11051604803651571
230677,0.04512851289473474
230688,0.008725262741791084
230709,0.21504497341811657
230716,0.0040507410740247
230742,0.019273635814897716
230748,0.09154263464733958
230763,0.17406643461436033
230779,0.0695711390580982
230780,0.05609294935129583
230781,0.23793883435428143
230783,0.01847100188024342
230788,0.21982209756970406
230789,0.03343149600550532
230792,0.016549591440707445
230817,0.04603392840363085
230820,0.016171580529771745
230827,0.027707293746061623
230828,0.06330222776159644
230860,0.017565617919899523
230864,0.04739165841601789
230875,0.03332271450199187
230878,0.019975516479462385
230880,0.0584883657284081
230929,0.027640011277981102
230931,0.28204407915472984
230934,0.12276335805654526
230939,0.01499094208702445
230940,0.053932453971356153
230941,0.020494149764999747
230942,0.2454291544854641
230982,0.0535072716884315
231028,0.03350686142221093
231031,0.0965999448671937
231039,0.07942643761634827
231048,0.02811778848990798
231065,0.019422764773480594
231076,0.008356707316124812
231079,0.021731327404268086
231082,0.04632641584612429
231086,0.015242143184877932
231107,0.11408449616283178
231118,0.13699188269674778
231127,0.0057356593606527895
231134,0.031100673601031303
231136,0.050877676578238606
231137,0.15198474749922752
231156,0.13486522622406483
231160,0.39577561244368553
231175,0.04183071828447282
231177,0.019686858693603426
231189,0.006427522661397234
231191,0.26759612932801247
231194,0.0903148534707725
231198,0.04994817869737744
231203,0.05866327928379178
231211,0.05336395697668195
231226,0.03682096814736724
231245,0.04299117159098387
231257,0.028894039220176637
231268,0.04583035269752145
231279,0.1507539227604866
231290,0.14190232660621405
231298,0.016505778126884252
231299,0.018759770202450454
231301,0.07162228133529425
231306,0.007184902526205406
231312,0.011333201255183667
231314,0.09520315611734986
231326,0.5433772504329681
231343,0.08063984243199229
231353,0.15142845921218395
231359,0.1777298515662551
231364,0.009653673158027232
231387,0.10185902519151568
231392,0.03566557541489601
231409,0.02757388772442937
231423,0.03789415000937879
231427,0.0135286899167113
231429,0.12097430415451527
231433,0.023724035709165037
231437,0.0346443853341043
231448,0.023341058404184878
231454,0.3523572012782097
231460,0.041290129302069545
231480,0.01696193090174347
231496,0.006912943455972709
231504,0.1833167290315032
231513,0.00802274260786362
231516,0.025547250523231924
231523,0.05290248105302453
231529,0.006815658591222018
231532,0.02767148124985397
231533,0.06087575200945139
231542,0.03555417060852051
231546,0.01624996366444975
231554,0.022625826066359878
231556,0.18227106146514416
231561,0.027102138148620725
231562,0.07621073490008712
231563,0.008007776690647006
231568,0.08012044709175825
231589,0.01265878783306107
231598,0.13486939296126366
231616,0.03142305463552475
231628,0.015754081425257027
231637,0.04766587424091995
231641,0.04138180706650019
231656,0.21196619421243668
231679,0.1741069322451949
231682,0.284204313531518
231689,0.031126002315431833
231690,0.04836608422920108
231713,0.22649891301989555
231716,0.019673775299452245
231726,0.023668130626901984
231734,0.11848453804850578
231736,0.02303254301659763
231742,0.016062244190834463
231754,0.109501744620502
231757,0.029277822701260448
231758,0.008792971260845661
231761,0.013609946239739656
231771,0.041230931179597974
231773,0.04005945904646069
231782,0.021659603458829224
231785,0.0659496751613915
231786,0.03314266097731888
231789,0.009882704704068601
231790,0.01192336849635467
231791,0.07131093507632613
231804,0.04588489979505539
231835,0.03537555946968496
231837,0.015460352064110339
231840,0.08187009301036596
231845,0.1378236198797822
231863,0.09659238765016198
231867,0.09726981399580836
231874,0.15723792649805546
231877,0.024890868575312197
231887,0.014020727365277708
231892,0.03583701571915299
231899,0.04759611911140382
231912,0.345572741702199
231914,0.05528050544671714
231924,0.06010454799979925
231927,0.03731605433858931
231935,0.028269602451473475
231938,0.13495369255542755
231940,0.2687177713960409
231947,0.013416140689514577
231954,0.009960486553609371
231955,0.09286309499293566
231956,0.013928362517617643
231969,0.011933317233342677
231982,0.005702250564354472
231983,0.019443466037046164
231984,0.0274367913370952
231987,0.023219094844534993
232006,0.011595472577027977
232012,0.01036631822353229
232022,0.02103293687105179
232023,0.06349065527319908
232028,0.034097372903488576
232034,0.040687909815460443
232047,0.035862883320078254
232050,0.012722368934191763
232054,0.032290603034198284
232063,0.041214247001335025
232066,0.01067649171454832
232081,0.08011318929493427
232083,0.0825008125975728
232094,0.03722248482517898
232103,0.009767337411176413
232108,0.005125136143760756
232110,0.04575909161940217
232122,0.03808541898615658
232123,0.02062040229793638
232132,0.009437100903596729
232148,0.15645897295325994
232149,0.04000908066518605
232152,0.0977240651845932
232157,0.08982615731656551
232164,0.02078759274445474
232170,0.0814839662052691
232172,0.06902530742809176
232174,0.030890924157574773
232177,0.08923405036330223
232227,0.0725823538377881
232228,0.03007128438912332
232237,0.0063500489050056785
232256,0.10902802273631096
232275,0.031311276368796825
232278,0.018165869172662497
232279,0.008488476887578145
232282,0.02351377997547388
232285,0.07449235254898667
232288,0.012840762792620808
232301,0.05386154097504914
232303,0.018616244080476463
232309,0.018167770700529218
232325,0.11547079775482416
232329,0.04369999165646732
232331,0.007135697378544137
232335,0.07711370987817645
232370,0.08516672812402248
232371,0.015670877357479185
232372,0.017729093262460083
232390,0.22091843746602535
232391,0.00896000670036301
232392,0.1206907918676734
232410,0.017651751055382192
232423,0.0037855155969737098
232426,0.0922718346118927
232428,0.4985246807336807
232450,0.047632499830797315
232466,0.1440754970535636
232478,0.05143767991103232
232493,0.05551604274660349
232506,0.051856094505637884
232516,0.09488251153379679
232518,0.04965300182811916
232530,0.06228834856301546
232534,0.023111650836654007
232535,0.061018710024654865
232541,0.016958839143626392
232547,0.021801050286740065
232552,0.013442705967463553
232558,0.05555178760550916
232559,0.006908310926519334
232560,0.024012699781451374
232566,0.03726183227263391
232570,0.014195072057191283
232575,0.13315213844180107
232578,0.012177253898698837
232590,0.038594719022512436
232615,0.042973581003025174
232640,0.410779632627964
232643,0.040296390652656555
232664,0.13783153146505356
232676,0.020298104733228683
232699,0.03690666682086885
232702,0.011951459746342152
232720,0.007159345637774095
232733,0.008606231858721003
232736,0.01329671568237245
232738,0.01731053297407925
232752,0.008993394207209349
232758,0.0111244524596259
232779,0.04998481902293861
232784,0.16480434127151966
232790,0.0387178857345134
232799,0.04381303139962256
232823,0.018127141636796296
232824,0.01132698735455051
232842,0.012668830051552504
232849,0.02420720213558525
232853,0.1367119261994958
232859,0.04047875548712909
232862,0.10598700027912855
232864,0.007495472702430561
232866,0.024976194719783962
232869,0.024447326781228185
232871,0.011667393671814352
232876,0.027825347147881985
232881,0.02671965560875833
232898,0.06392534356564283
232899,0.01766434049932286
232914,0.05151528283022344
232917,0.14325250405818224
232923,0.03329640789888799
232925,0.006532845902256668
232942,0.11212348099797964
232943,0.044598066713660955
232965,0.012716506898868829
232968,0.09955767774954438
232972,0.01766698923893273
232980,0.04218992916867137
232999,0.005684159696102142
233013,0.045695269014686346
233021,0.2532617151737213
233022,0.018424966372549534
233054,0.03783276071771979
233059,0.07785058347508311
233065,0.009257364843506366
233071,0.04105389304459095
233074,0.01182559336302802
233093,0.005987826531054452
233095,0.16577227879315615
233102,0.024976067477837205
233104,0.058464944595471025
233107,0.012577845947816968
233108,0.032421393785625696
233109,0.16517193615436554
233112,0.0994412018917501
233113,0.014039747067727149
233122,0.055615837685763836
233125,0.059855358209460974
233126,0.05611929460428655
233170,0.031891569029539824
233171,0.08261909941211343
233172,0.32754451781511307
233175,0.02981448988430202
233179,0.03607093705795705
233189,0.06358118215575814
233223,0.038674060022458434
233224,0.016976033337414265
233228,0.033418905339203775
233247,0.1071470882743597
233249,0.05194291821680963
233263,0.02068059833254665
233271,0.0536931490059942
233273,0.05784965446218848
233301,0.015935408126097172
233305,0.08196003921329975
233310,0.11547449557110667
233311,0.04451943445019424
233312,0.06873224722221494
233324,0.009181205474305898
233326,0.0938200750388205
233327,0.01954404206480831
233335,0.09488102188333869
233349,0.047290840884670615
233352,0.28186285123229027
233362,0.02721063536591828
233373,0.021946705761365592
233390,0.21965953521430492
233393,0.10770487505942583
233400,0.0671728141605854
233401,0.16633844189345837
233404,0.058588708750903606
233405,0.03185730054974556
233406,0.153429233469069
233411,0.01545139739755541
233421,0.01443282183026895
233423,0.01587765256408602
233424,0.046904781367629766
233427,0.02561748819425702
233429,0.2980642579495907
233431,0.02269992686342448
233432,0.03347849030978978
233438,0.02249566139653325
233448,0.03746168874204159
233450,0.03219277912285179
233451,0.026946411351673305
233453,0.05586081207729876
233480,0.03913822304457426
233482,0.053877963218837976
233483,0.005126945034135133
233489,0.39949232526123524
233490,0.06904950318858027
233496,0.17063648905605078
233497,0.06505132047459483
233508,0.1277826651930809
233509,0.09597811195999384
233512,0.01519849430769682
233517,0.10518614761531353
233526,0.16793170105665922
233528,0.02778363588731736
233544,0.024031804990954697
233554,0.1135849179700017
233566,0.15125044342130423
233572,0.017722426215186715
233575,0.021306521259248257
233578,0.011021195736248046
233582,0.29293765500187874
233583,0.07351240189746022
233589,0.045966491336002946
233594,0.11075644195079803
233603,0.12201170809566975
233627,0.03294957126490772
233632,0.07739285379648209
233639,0.018345362273976207
233651,0.11309811053797603
233652,0.25585279799997807
233658,0.009336303104646504
233675,0.029552405001595616
233677,0.03336704522371292
233682,0.022935238434001803
233688,0.054327070247381926
233689,0.1558227865025401
233692,0.021782497293315828
233697,0.14464538544416428
233704,0.13838834967464209
233709,0.0686212363652885
233711,0.06891588307917118
233721,0.023321567685343325
233729,0.010284302814397961
233734,0.028339535929262638
233744,0.006225925637409091
233764,0.156181450933218
233775,0.05287519935518503
233783,0.24910394474864006
233792,0.020146525523159653
233796,0.08692898508161306
233797,0.03151736769359559
233798,0.04569095349870622
233810,0.022157428553327918
233818,0.0468799842055887
233819,0.019281285523902625
233830,0.007218234502943233
233831,0.020968580269254744
233838,0.023670625989325345
233852,0.018295382149517536
233854,0.016435767465736717
233856,0.02879913104698062
233858,0.02019188809208572
233883,0.0073797067161649466
233888,0.0186264292569831
233889,0.01776885287836194
233892,0.023039707797579467
233893,0.007671878032851964
233894,0.032055405084975064
233895,0.20367305725812912
233901,0.008262485062004998
233927,0.21681305952370167
233928,0.02567025669850409
233929,0.08049260918051004
233960,0.05512317968532443
233965,0.12128722295165062
233970,0.013865014945622534
233975,0.04703574348241091
233981,0.0844811568967998
233991,0.22913824394345284
234012,0.10681726038455963
234016,0.022415101528167725
234024,0.02224682504311204
234025,0.007609462103573605
234027,0.09015364153310657
234034,0.10700819361954927
234035,0.0056579007068648934
234048,0.050810278160497546
234069,0.020701342029497027
234077,0.01652290136553347
234086,0.06130788614973426
234103,0.038732900051400065
234110,0.031739069847390056
234115,0.03184907208196819
234126,0.01828333013691008
234135,0.21518397144973278
234136,0.04574976465664804
234147,0.02674588281661272
234151,0.02019663667306304
234159,0.009907460305839777
234163,0.0249049257254228
234174,0.006883233319967985
234186,0.015723930089734495
234187,0.09918597247451544
234192,0.09058870282024145
234198,0.019571093027479947
234205,0.04330507945269346
234215,0.08173529244959354
234220,0.08307051286101341
234225,0.027014749532099813
234227,0.007557624630862847
234228,0.012306025251746178
234231,0.173331287689507
234232,0.1156005971133709
234236,0.06780252675525844
234239,0.024826367618516088
234240,0.12406992167234421
234242,0.02537442691391334
234262,0.05753994337283075
234267,0.15317271929234266
234283,0.019894826458767056
234284,0.047184906201437116
234286,0.01654071343364194
234291,0.0632864439394325
234302,0.06580398324877024
234303,0.03549620835110545
234308,0.017600230523385108
234320,0.07120219152420759
234326,0.06674473593011498
234336,0.028989590238779783
234340,0.23769605718553066
234362,0.005428378935903311
234365,0.035002663265913725
234371,0.057680654572322965
234373,0.0523427864536643
234395,0.01004665350774303
234400,0.05558654177002609
234404,0.03907755110412836
234412,0.06199933565221727
234431,0.03919459041208029
234433,0.13385430350899696
234440,0.1075611300766468
234453,0.060333167435601354
234454,0.035176216857507825
234460,0.01915618049679324
234470,0.0981248365715146
234473,0.019879679894074798
234502,0.06991155864670873
234503,0.06419443339109421
234507,0.12810761108994484
234529,0.18512891791760921
234531,0.010934390360489488
234543,0.015163497475441545
234550,0.0959928622469306
234556,0.008672602707520127
234560,0.034453947795554996
234567,0.0029141538980184123
234580,0.06680459575727582
234582,0.14256843458861113
234594,0.020269705913960934
234599,0.06018159817904234
234604,0.026699679670855403
234605,0.10839313082396984
234611,0.02798710751812905
234617,0.037957677617669106
234648,0.022126704221591353
234660,0.009384371631313115
234661,0.07876473851501942
234663,0.03882995946332812
234664,0.012580751441419125
234670,0.007930938445497304
234671,0.05975247290916741
234673,0.03468904085457325
234687,0.10817949660122395
234688,0.031623889110051095
234690,0.04614381678402424
234694,0.033073083381168544
234695,0.0029548146267188713
234704,0.21047414001077414
234705,0.046970638213679194
234710,0.1067591323517263
234718,0.20969031006097794
234719,0.08732228865846992
234732,0.07589435391128063
234739,0.058572925394400954
234755,0.10528092179447412
234760,0.018426808645017445
234778,0.019042592495679855
234781,0.12572767585515976
234786,0.10475165629759431
234788,0.10905338544398546
234789,0.0153821517014876
234802,0.0463546144310385
234809,0.445972703397274
234814,0.07099456153810024
234823,0.02451457059942186
234825,0.025076877558603883
234829,0.02682819205801934
234838,0.14507174585014582
234847,0.0450790140312165
234876,0.008540511626051739
234908,0.19109137542545795
234914,0.021842978661879897
234917,0.04297175072133541
234935,0.07216722425073385
234936,0.032449753023684025
234941,0.039282252080738544
234942,0.21934915147721767
234943,0.04773732251487672
234946,0.023010474629700184
234947,0.014818908995948732
234960,0.12252598162740469
234967,0.024906621780246496
234980,0.059662006329745054
234990,0.4204671308398247
234996,0.04935408500023186
234999,0.015443309675902128
235002,0.08121555391699076
235021,0.04444553120993078
235025,0.2113155648112297
235034,0.023301993845961988
235037,0.040786745958030224
235046,0.023645352688618004
235051,0.03066216071601957
235052,0.03243660181760788
235054,0.005161028529983014
235061,0.029420736711472273
235066,0.01166885654674843
235076,0.00843276662635617
235087,0.008212836342863739
235089,0.21000473201274872
235091,0.05766497412696481
235107,0.043257515178993344
235118,0.03261937713250518
235123,0.0383707620203495
235134,0.015387884574010968
235137,0.06809149635955691
235146,0.009327692328952253
235147,0.022645435645245016
235153,0.027617095271125436
235166,0.22813093475997448
235168,0.06884391885250807
235183,0.027542514028027654
235187,0.011691316438373178
235189,0.024278154131025076
235202,0.15317032858729362
235214,0.04719850514084101
235215,0.006694439973216504
235216,0.21320165134966373
235219,0.10096609266474843
235223,0.02569235337432474
235231,0.0465451842173934
235240,0.07352831261232495
235252,0.03258809132967144
235253,0.0053639855759684
235254,0.010435183707159013
235259,0.04888270911760628
235270,0.04401057166978717
235275,0.04344195197336376
235283,0.10332553694024682
235291,0.015742136456537992
235306,0.0051108292827848345
235327,0.01564223220339045
235337,0.05641061021015048
235342,0.00850720822927542
235356,0.01052923034876585
235357,0.019725436461158097
235372,0.06441206764429808
235378,0.14452379569411278
235386,0.01977939112111926
235401,0.006605682079680264
235403,0.03749878937378526
235423,0.0378200892591849
235424,0.016983909299597144
235434,0.01610569190233946
235435,0.0147066256031394
235438,0.14157894626259804
235451,0.0250684852944687
235452,0.00922379776602611
235454,0.12319393642246723
235456,0.006120218997239135
235459,0.030351880588568747
235460,0.02480576792731881
235463,0.1515971990302205
235491,0.17546862550079823
235492,0.11756075266748667
235501,0.02861790405586362
235505,0.07066085282713175
235512,0.21718052215874195
235519,0.06826270534656942
235549,0.04793364182114601
235592,0.014438728801906109
235597,0.024327678373083472
235601,0.028011044021695852
235602,0.15303419902920723
235612,0.012447882094420493
235617,0.02764258102979511
235622,0.024958170019090176
235636,0.02391680341679603
235641,0.04195535555481911
235644,0.01843232859391719
235645,0.021449146326631308
235651,0.09590505762025714
235664,0.034911134047433734
235668,0.2335226722061634
235677,0.013961200253106654
235692,0.007603112841024995
235693,0.0075463463726919144
235698,0.08204029640182853
235722,0.18885997403413057
235741,0.027263326104730368
235743,0.15853076055645943
235752,0.009518355218460783
235757,0.05734975542873144
235766,0.007512655254686251
235768,0.03140759270172566
235769,0.038191613275557756
235775,0.008727026986889541
235778,0.07315181894227862
235782,0.43934302031993866
235791,0.1565096080303192
235792,0.035384649876505136
235796,0.031793554429896176
235797,0.18308161944150925
235799,0.16705826669931412
235803,0.04366611037403345
235804,0.35505029559135437
235809,0.03392038028687239
235811,0.08844934031367302
235812,0.008873293932992965
235827,0.0890464661642909
235837,0.014780590136069804
235839,0.020305600599385798
235850,0.35076918825507164
235852,0.023625746020115912
235854,0.0987699362449348
235860,0.010217954579275101
235862,0.060934828128665686
235869,0.0821065972559154
235877,0.012298146320972592
235889,0.0900257364846766
235890,0.26110064424574375
235891,0.020436595426872373
235893,0.03830751217901707
235900,0.013374636473599821
235901,0.05100526777096093
235914,0.020457960781641304
235915,0.1390919415280223
235924,0.21979135274887085
235950,0.05093265348114073
235968,0.018863452249206603
235977,0.060993021354079247
235978,0.06849608337506652
235980,0.04426805884577334
235990,0.12520015612244606
235999,0.011305414896924049
236002,0.1415130402892828
236022,0.046936783008277416
236033,0.017402760800905526
236034,0.023390873451717198
236037,0.30612871795892715
236038,0.0762422988191247
236039,0.07048882730305195
236040,0.01439485454466194
236053,0.1087535172700882
236064,0.0793334492482245
236068,0.02562097494956106
236069,0.07331214612349868
236094,0.02306779276113957
236107,0.15651873406022787
236123,0.03956614783965051
236143,0.03938016598112881
236214,0.05248325294815004
236215,0.008004297560546547
236221,0.24959956109523773
236229,0.0451788455247879
236234,0.03234170691575855
236236,0.03208266478031874
236237,0.030031159985810518
236239,0.0242950456449762
236266,0.283044820651412
236271,0.01489801297429949
236283,0.020061571267433465
236286,0.0077059154864400625
236287,0.2656158935278654
236289,0.004208677375572734
236293,0.02327264635823667
236302,0.04082013852894306
236303,0.07169139105826616
236313,0.03320924146100879
236324,0.0734070255421102
236330,0.07886154158040881
236332,0.06405181670561433
236345,0.12419061921536922
236350,0.07065160013735294
236352,0.06043453048914671
236359,0.011119637812953442
236362,0.016854108311235905
236373,0.02299064351245761
236378,0.07192036788910627
236391,0.02518121723551303
236395,0.0792085132561624
236412,0.04113530553877354
236418,0.011148256395244971
236421,0.016471626586280763
236451,0.03882199735380709
236454,0.00706007523695007
236457,0.020966141135431826
236463,0.08330819429829717
236469,0.01272438745945692
236476,0.056032883701846004
236485,0.05252158106304705
236508,0.04051379836164415
236509,0.05173969571478665
236525,0.07869580271653831
236527,0.05460490472614765
236529,0.03452936722896993
236555,0.10981808602809906
236562,0.19381914660334587
236568,0.13894281350076199
236569,0.12616835441440344
236580,0.04359515733085573
236581,0.012462053098715842
236583,0.09292620234191418
236586,0.0665758210234344
236594,0.08607516158372164
236631,0.004835641011595726
236632,0.040872992016375065
236634,0.032721246825531125
236638,0.011730587226338685
236643,0.11794706620275974
236648,0.08710272889584303
236655,0.1701650209724903
236656,0.030682626646012068
236657,0.06575563177466393
236663,0.0962306335568428
236681,0.009609362401533872
236683,0.02437558921519667
236691,0.011392607702873647
236698,0.10125740198418498
236713,0.02223893953487277
236727,0.18857109732925892
236732,0.016586964251473546
236733,0.031193768489174545
236735,0.03647653409279883
236737,0.008005267765838653
236749,0.040396236814558506
236750,0.030299070291221142
236752,0.03238000744022429
236765,0.026757380925118923
236766,0.052670941688120365
236769,0.014828544983174652
236771,0.09630543924868107
236774,0.11578498780727386
236775,0.020987738156691194
236790,0.14993631187826395
236793,0.012047270138282329
236797,0.182906330563128
236798,0.0281620966270566
236809,0.03310382179915905
236821,0.010948718467261642
236831,0.17475172970443964
236836,0.030509386560879648
236838,0.027126710978336632
236849,0.03510809619911015
236852,0.10550437495112419
236860,0.09725569654256105
236862,0.014912249520421028
236865,0.03226517094299197
236873,0.014322973671369255
236885,0.03610288491472602
236891,0.00749303080374375
236894,0.016325876174960285
236904,0.030725423246622086
236905,0.026006510481238365
236911,0.02232445089612156
236939,0.008354378514923155
236948,0.03856747061945498
236950,0.008648993680253625
236957,0.004616655773133971
236965,0.021409529028460383
236974,0.012188876455184072
236975,0.015424735494889319
236981,0.029242865974083543
236985,0.02782316249795258
236995,0.10394102986901999
237023,0.02745400695130229
237025,0.008407027053181082
237038,0.025188486790284514
237058,0.032539922278374434
237060,0.021416216623038054
237078,0.08527757553383708
237079,0.03907357691787183
237080,0.17259166482836008
237084,0.012508619285654277
237086,0.008605853072367609
237087,0.015079201431944966
237091,0.19668525643646717
237092,0.010538365255342796
237093,0.05563152302056551
237094,0.05324874818325043
237103,0.005383134557632729
237116,0.0948203094303608
237118,0.016026500961743295
237126,0.12899446953088045
237136,0.01606555446051061
237144,0.11896326160058379
237149,0.14204559475183487
237150,0.060338960494846106
237157,0.009382831281982362
237158,0.005480734223965555
237170,0.036611157236620784
237171,0.02068428904749453
237193,0.0035732502801693045
237196,0.058697528671473265
237200,0.01986915315501392
237248,0.09909633919596672
237254,0.1064697066321969
237256,0.031782582169398665
237257,0.020881516276858747
237267,0.03709124750457704
237268,0.022467110422439873
237269,0.009100745315663517
237271,0.02440742659382522
237280,0.022480646963231266
237301,0.05006990977562964
237304,0.11767906788736582
237308,0.006644614273682237
237311,0.053560312371701
237334,0.038609751500189304
237338,0.1857429388910532
237344,0.05238837213255465
237361,0.007752037898171693
237362,0.05337207275442779
237368,0.16385964769870043
237369,0.10351459216326475
237371,0.09090820560231805
237373,0.05571988085284829
237377,0.033561321324668825
237378,0.01111077715177089
237383,0.06323242746293545
237386,0.006271787686273456
237392,0.03773032175377011
237399,0.023118999903090298
237408,0.027935713646002114
237411,0.03813150688074529
237414,0.03869729535654187
237417,0.045257611433044076
237424,0.09094960242509842
237439,0.008469225518638268
237457,0.04270091746002436
237458,0.026742943096905947
237459,0.016306985984556377
237471,0.029732492403127253
237474,0.06050896691158414
237475,0.03931334137450904
237476,0.01793026179075241
237490,0.04529023845680058
237491,0.050640662433579564
237495,0.10103881545364857
237501,0.07054474670439959
237512,0.060676258290186524
237516,0.006703376857331023
237518,0.0236167706316337
237528,0.085074074100703
237529,0.16801756992936134
237537,0.15870129689574242
237543,0.030959976371377707
237547,0.015503016009461135
237552,0.028327092179097235
237563,0.10716982092708349
237585,0.08677919209003448
237598,0.013894036208512262
237606,0.01432280131848529
237624,0.1611439324915409
237632,0.01454061595723033
237635,0.032964937621727586
237640,0.06928329169750214
237642,0.05768888350576162
237647,0.03193170391023159
237648,0.180038888938725
237651,0.2461594045162201
237657,0.043251076713204384
237663,0.11301383934915066
237692,0.06707046320661902
237701,0.07203231751918793
237715,0.024978343048132956
237726,0.017702662735246122
237728,0.06649218685925007
237731,0.009343407989945263
237732,0.07582853618077934
237746,0.039164804155007005
237759,0.012103838991606608
237768,0.00986069196369499
237772,0.5157625116407871
237780,0.21070442162454128
237787,0.16829315852373838
237792,0.0687685627490282
237804,0.12037115544080734
237812,0.015767345670610666
237815,0.03472538315691054
237821,0.008944082248490304
237827,0.03526660019997507
237845,0.055067284032702446
237862,0.015138815564569086
237869,0.020697595202364028
237872,0.10032025119289756
237900,0.21810033544898033
237909,0.012693343218415976
237917,0.016081657900940627
237921,0.012552569038234651
237951,0.12805013451725245
237952,0.09632338862866163
237957,0.004466330006835051
237960,0.07105189701542258
237963,0.06046145176514983
237973,0.012238915776833892
237984,0.03896401997189969
237990,0.12742390111088753
237997,0.05955872870981693
237998,0.17577348928898573
238025,0.03718927898444235
238027,0.004666862587328069
238052,0.008786579535808414
238053,0.0772830587811768
238054,0.1500505730509758
238065,0.006282548274612054
238066,0.040168857434764504
238075,0.32750250212848186
238082,0.08796700602397323
238087,0.05011275690048933
238114,0.024029034073464572
238117,0.17188281752169132
238127,0.10048334999009967
238129,0.0883555905893445
238133,0.04271862842142582
238135,0.008853697683662176
238152,0.024273088667541742
238157,0.0429607683327049
238163,0.010472334164660424
238170,0.022336262743920088
238176,0.025253217783756554
238180,0.12392345815896988
238195,0.047038181219249964
238198,0.024516039877198637
238199,0.014955390361137688
238206,0.18262027390301228
238218,0.029016504297032952
238219,0.06747613567858934
238222,0.021425362152513117
238224,0.05062493425793946
238230,0.0490606059320271
238237,0.0589662529528141
238238,0.03395234898198396
238247,0.026293086586520076
238254,0.053058662451803684
238256,0.005755860154749826
238257,0.014482079772278666
238270,0.18228528928011656
238278,0.06417992943897843
238279,0.03378756658639759
238282,0.03406547615304589
238286,0.003269105829531327
238293,0.13716515712440014
238298,0.012042092741467059
238299,0.006609184987610206
238306,0.13428862765431404
238307,0.00850684306351468
238308,0.014284525765106082
238322,0.0160006633377634
238327,0.04578058933839202
238328,0.14312811009585857
238330,0.00910005095647648
238335,0.05561809055507183
238347,0.09223109530285001
238355,0.15471242740750313
238356,0.17658787593245506
238361,0.03482862061355263
238367,0.03212420910131186
238377,0.0295621445402503
238413,0.007561323349364102
238419,0.0473738107830286
238436,0.036559900268912315
238437,0.05970491631887853
238443,0.023754039662890136
238450,0.004843237984459847
238452,0.015631084563210607
238453,0.14383871480822563
238454,0.2566099017858505
238457,0.06511701038107276
238467,0.03346227062866092
238469,0.022011813649442047
238470,0.02066752640530467
238474,0.14524496998637915
238478,0.10237253969535232
238480,0.13703695125877857
238492,0.017483305709902197
238496,0.08723685191944242
238500,0.01497917203232646
238508,0.38582466170191765
238512,0.022889316431246698
238520,0.011938141542486846
238540,0.05585166206583381
238548,0.0325196897611022
238549,0.011956149304751307
238550,0.008893671329133213
238563,0.007014914328465238
238586,0.01690370764117688
238607,0.016183532046852633
238608,0.038097069365903735
238615,0.03940991451963782
238623,0.14187451265752316
238627,0.019338069134391844
238630,0.03677999030333012
238635,0.09137278329581022
238638,0.03392264852300286
238642,0.008019443368539214
238646,0.050942638190463185
238656,0.03604146931320429
238665,0.056237369077280164
238674,0.030139098409563303
238687,0.01694454997777939
238702,0.09035309962928295
238703,0.014187922002747655
238705,0.055288605857640505
238712,0.40186626464128494
238716,0.013169731362722814
238717,0.07499165739864111
238718,0.026530174538493156
238747,0.05901547987014055
238754,0.06813841266557574
238767,0.039828852051869035
238793,0.016879535745829344
238794,0.17211003135889769
238796,0.07167409639805555
238806,0.025874337763525546
238832,0.08807192789390683
238833,0.02371449035126716
238840,0.24009953066706657
238850,0.014819344505667686
238853,0.017003633780404925
238855,0.016008367121685296
238858,0.01656768994871527
238867,0.2726664934307337
238868,0.0483198722358793
238869,0.14081448316574097
238873,0.030812390614300966
238879,0.04654725128784776
238893,0.14726159535348415
238903,0.02155354479327798
238904,0.012847722799051553
238906,0.1116662872955203
238928,0.01796180650126189
238933,0.0808913977816701
238941,0.10322378389537334
238945,0.02276805497240275
238947,0.044297336833551526
238954,0.02103951433673501
238963,0.04115156549960375
238986,0.17646207381039858
239003,0.1007940056733787
239018,0.016847109072841704
239019,0.1759014194831252
239020,0.15995491482317448
239021,0.048111228505149484
239031,0.03213071194477379
239042,0.04346160404384136
239051,0.011454251478426158
239056,0.06961958017200232
239058,0.022124691866338253
239075,0.11368757486343384
239078,0.008376084879273549
239079,0.01516079274006188
239081,0.006849367666291073
239082,0.22742649912834167
239085,0.06107759987935424
239100,0.019035011646337807
239104,0.017321316758170724
239120,0.04671912081539631
239123,0.012242207245435566
239140,0.3394155316054821
239144,0.017690012231469154
239145,0.05112076178193092
239146,0.0333028940949589
239153,0.027245627366937697
239155,0.01147203316213563
239161,0.05416296608746052
239168,0.05279582925140858
239177,0.029200675198808312
239180,0.08688650000840425
239193,0.022313804947771132
239199,0.02682188304606825
239206,0.08028328232467175
239207,0.03609827905893326
239209,0.023992278962396085
239221,0.07536599226295948
239225,0.029114638222381473
239227,0.03194381925277412
239237,0.012852017884142697
239249,0.00809832802042365
239273,0.4120434746146202
239282,0.0185286303749308
239290,0.15336105599999428
239298,0.015532272460404783
239302,0.09399009216576815
239307,0.19839233066886663
239309,0.10399718256667256
239314,0.054019578732550144
239319,0.20493851602077484
239328,0.032646603183820844
239334,0.008822844276437536
239343,0.030948179308325052
239344,0.01939885877072811
239356,0.056054611690342426
239357,0.17063114512711763
239428,0.019287961185909808
239429,0.010584529722109437
239453,0.009473482961766422
239471,0.15885372459888458
239479,0.024338089511729777
239480,0.07647567102685571
239485,0.009861981321591884
239489,0.1989427860826254
239518,0.26601441390812397
239522,0.011316084070131183
239525,0.09042934654280543
239540,0.16417837422341108
239567,0.04271893668919802
239573,0.05719176447018981
239574,0.05709838983602822
239578,0.1332320123910904
239587,0.06418463867157698
239588,0.12418319657444954
239597,0.04395635914988816
239603,0.02671525371260941
239612,0.08915667748078704
239616,0.3764831516891718
239617,0.08059428352862597
239618,0.24904106371104717
239631,0.1525531644001603
239639,0.16724354680627584
239644,0.051958275493234396
239672,0.05547710321843624
239680,0.06584776123054326
239685,0.01405916060321033
239687,0.029061555047519505
239715,0.057506882352754474
239722,0.08229773351922631
239733,0.01606846769573167
239746,0.008741409226786345
239748,0.007671843632124364
239760,0.38907982409000397
239765,0.04740147991105914
239766,0.08110292442142963
239774,0.029033538652583957
239775,0.014664121030364186
239788,0.31707778200507164
239795,0.036673736991360784
239796,0.03149592760019004
239801,0.033527435502037406
239808,0.02285066491458565
239816,0.004232183637213893
239819,0.003217487974325195
239825,0.03381443896796554
239832,0.17575016897171736
239840,0.0498045589774847
239845,0.016325621982105076
239853,0.016060406633187085
239862,0.042489030165597796
239867,0.05191277666017413
239873,0.049538020277395844
239884,0.037567354971542954
239920,0.02755173505283892
239924,0.09008524473756552
239937,0.03398647834546864
239938,0.039395069470629096
239948,0.033077312633395195
239951,0.020836747251451015
239952,0.04322300059720874
239996,0.0268156056990847
239998,0.0523379547521472
240013,0.022546290885657072
240027,0.05307024554349482
240028,0.016614608059171587
240036,0.0855732299387455
240041,0.13119146041572094
240046,0.022138908738270402
240063,0.026190364616923034
240076,0.0283070633886382
240082,0.0849343710578978
240086,0.04627449228428304
240087,0.011647920124232769
240089,0.12110993266105652
240090,0.015409675776027143
240093,0.36690542846918106
240110,0.14056780468672514
240111,0.027967822272330523
240113,0.004903357694274746
240117,0.018692396814003587
240118,0.04585870332084596
240120,0.009373310778755695
240125,0.25042907148599625
240130,0.11607071198523045
240131,0.264149684458971
240133,0.017979318858124316
240138,0.314178004860878
240149,0.07936349138617516
240161,0.02295160759240389
240177,0.09763454645872116
240188,0.014844537479802966
240197,0.011392050073482096
240204,0.11769354902207851
240215,0.041635587345808744
240257,0.016107489238493145
240266,0.02598645631223917
240284,0.015798231004737318
240296,0.08760787034407258
240300,0.03296815347857773
240312,0.0042187477520201355
240314,0.07549508009105921
240320,0.013275792414788157
240321,0.18635261617600918
240337,0.03580523142591119
240339,0.08515430055558681
240341,0.02998422342352569
240342,0.09617261216044426
240346,0.009213477722369134
240348,0.05937809217721224
240364,0.03172854729928076
240378,0.06156738381832838
240382,0.05156699940562248
240387,0.03566396655514836
240404,0.013281860505230725
240409,0.017121010227128863
240412,0.022635615256149322
240413,0.13933835178613663
240414,0.014898006396833807
240415,0.01425988069968298
240416,0.06356756202876568
240427,0.01893719786312431
240428,0.1544904951006174
240438,0.14531954377889633
240447,0.002953451024950482
240489,0.18288303818553686
240494,0.2598974220454693
240495,0.049672060180455446
240507,0.03695859503932297
240526,0.07730950880795717
240530,0.12613335065543652
240531,0.2319217398762703
240554,0.03031016222666949
240559,0.014448152564000338
240561,0.03340493515133858
240577,0.03521705884486437
240578,0.07672673976048827
240585,0.034237034851685166
240587,0.024960923474282026
240594,0.04632552363909781
240603,0.012783891754224896
240615,0.018492419156245887
240629,0.036047996720299125
240631,0.011962885851971805
240637,0.008048902731388807
240646,0.12925316207110882
240649,0.07033024961128831
240657,0.02549179259222001
240664,0.13888754602521658
240665,0.3335504923015833
240668,0.03031067526899278
240670,0.06845952291041613
240685,0.2731897998601198
240689,0.13753953482955694
240702,0.02463266544509679
240707,0.046423852210864425
240709,0.17683050222694874
240712,0.1267900038510561
240716,0.08094358118250966
240717,0.04419188969768584
240725,0.005072091516922228
240733,0.011080002936068922
240742,0.17938532959669828
240744,0.02593516418710351
240819,0.05046705109998584
240820,0.010009637218900025
240826,0.08335921727120876
240836,0.1488599395379424
240839,0.015021897503174841
240847,0.2935140561312437
240859,0.13329787645488977
240866,0.3564152978360653
240868,0.06142683909274638
240875,0.051279045874252915
240878,0.03274003823753446
240888,0.009765743045136333
240896,0.19271870702505112
240897,0.02273041778244078
240898,0.15660487301647663
240899,0.14509598165750504
240900,0.05882530682720244
240901,0.10496960952877998
240902,0.02142636536154896
240903,0.06032932596281171
240904,0.07403829507529736
240910,0.019969046057667583
240916,0.03353125602006912
240921,0.08735732827335596
240923,0.07345719821751118
240929,0.09299432672560215
240930,0.033634546445682645
240931,0.008024859882425517
240932,0.04035243229009211
240938,0.06474255165085196
240943,0.023571571800857782
240948,0.008183527796063572
240954,0.03763454803265631
240972,0.014569807448424399
240992,0.027799542294815183
240993,0.15171471051871777
240994,0.056273042457178235
241018,0.025826524011790752
241026,0.021459975512698293
241031,0.11783209349960089
241052,0.021859406027942896
241060,0.062561746686697
241076,0.20954876206815243
241113,0.047296032309532166
241116,0.05312614515423775
241118,0.04000729043036699
241121,0.09880753187462687
241130,0.09647432575002313
241142,0.027188352425582707
241146,0.024170301156118512
241159,0.06282814359292388
241160,0.03348973928950727
241161,0.10526983300223947
241163,0.22548546455800533
241176,0.0246851637493819
241187,0.03649465669877827
241188,0.04948886553756893
241191,0.15064413473010063
241192,0.1365132387727499
241198,0.20910410769283772
241208,0.23688229359686375
241210,0.02684651012532413
241226,0.09653112012892962
241244,0.021699215401895344
241252,0.06994047341868281
241254,0.023832711158320308
241256,0.15969152003526688
241264,0.09782886225730181
241266,0.07035306980833411
241267,0.17992846108973026
241274,0.05816419469192624
241279,0.0242116570007056
241281,0.09183871513232589
241284,0.011166723095811903
241293,0.013249533891212195
241330,0.026867818320170045
241333,0.011270117771346122
241344,0.14406205620616674
241348,0.09573267679661512
241359,0.04718985455110669
241362,0.13121964409947395
241372,0.0125414858921431
241377,0.007511434436310083
241381,0.13524169009178877
241390,0.008777534822002053
241395,0.00635410298127681
241397,0.026833205251023173
241401,0.016330875281710178
241402,0.20836063846945763
241415,0.056896080961450934
241417,0.017844274698290974
241426,0.19699018448591232
241432,0.02741738350596279
241436,0.01054785493761301
241444,0.021505612647160888
241447,0.17146972473710775
241456,0.02327103679999709
241457,0.021588855423033237
241464,0.029401482897810638
241465,0.07792483875527978
241469,0.016388804011512548
241479,0.009686646517366171
241482,0.0637812886852771
241488,0.13751956820487976
241489,0.02646867581643164
241507,0.023211618419736624
241509,0.009478472609771416
241511,0.009738860826473683
241520,0.014462534105405211
241523,0.01016072608763352
241536,0.04314980423077941
241545,0.1993469689041376
241574,0.01506812812294811
241577,0.23512930609285831
241599,0.1490835938602686
241608,0.03849009028635919
241627,0.017737460613716394
241631,0.034584731329232454
241640,0.032602330669760704
241642,0.02539515378884971
241645,0.05423304112628102
241647,0.013191654346883297
241649,0.41005927696824074
241654,0.5210526064038277
241655,0.036829962162300944
241657,0.0480009033344686
241665,0.029823939548805356
241671,0.08525187894701958
241678,0.20691091567277908
241683,0.03147531615104526
241686,0.035777943674474955
241699,0.020399767556227744
241704,0.169166699051857
241706,0.0514316491317004
241709,0.0220636889571324
241718,0.031719692749902606
241723,0.08189604710787535
241729,0.025277611683122814
241739,0.1468952065333724
241741,0.0513075920753181
241752,0.05676262639462948
241756,0.042207479826174676
241763,0.02316280989907682
241779,0.09214818850159645
241793,0.01581459608860314
241797,0.02423097810242325
241804,0.024915600894019008
241813,0.021774150838609785
241816,0.06416278798133135
241817,0.08706876216456294
241821,0.005825895554153249
241838,0.1075837598182261
241839,0.05936179356649518
241855,0.033661141991615295
241857,0.04064756166189909
241887,0.006894869700772688
241888,0.008422434417298064
241899,0.11575155053287745
241903,0.03387757041491568
241908,0.0772495954297483
241914,0.018341930699534714
241919,0.024619330186396837
241933,0.05473425332456827
241943,0.0058082835166715086
241947,0.040709013817831874
241957,0.0634638243354857
241960,0.11385514959692955
241961,0.0405558708589524
241965,0.08408202696591616
241971,0.027454943861812353
241982,0.00525755004491657
241990,0.030477751279249787
242011,0.02385868679266423
242022,0.01759643096011132
242023,0.026850896421819925
242025,0.18077504821121693
242035,0.08343701623380184
242037,0.05698649678379297
242043,0.043863543309271336
242067,0.035560576943680644
242075,0.027991852606646717
242077,0.0060572142829187214
242088,0.0797358825802803
242103,0.021722699399106205
242125,0.01927346148295328
242134,0.21562328934669495
242143,0.04658884089440107
242144,0.04829636705107987
242148,0.06057237461209297
242155,0.022349959355778992
242163,0.015100815042387694
242171,0.14068056922405958
242182,0.06607819767668843
242185,0.030453452141955495
242188,0.08653523772954941
242201,0.09695495152845979
242203,0.01870702998712659
242204,0.011386022961232811
242208,0.16887541115283966
242210,0.05816174624487758
242217,0.0706974663771689
242219,0.11864516977220774
242222,0.04807015950791538
242224,0.19425665028393269
242229,0.04361612955108285
242231,0.2809057645499706
242236,0.19873737543821335
242256,0.06371082039549947
242264,0.024499514373019338
242269,0.017146040045190603
242280,0.1503398735076189
242281,0.0076180382166057825
242285,0.13865045458078384
242295,0.024188671843148768
242302,0.1342850672081113
242314,0.02478815650101751
242319,0.029656652128323913
242332,0.07837489433586597
242338,0.015823890222236514
242342,0.13042128179222345
242343,0.03915316006168723
242345,0.009595148178050295
242354,0.04497936344705522
242361,0.03992988099344075
242365,0.05894495127722621
242373,0.015947537845931947
242378,0.01607591420179233
242383,0.04099207487888634
242385,0.09228855604305863
242389,0.024767034919932485
242397,0.2104417271912098
242404,0.25362234003841877
242406,0.09015781339257956
242410,0.12302593421190977
242436,0.02882710751146078
242439,0.006979857687838376
242440,0.27791829220950603
242444,0.0323675035033375
242445,0.11595150362700224
242455,0.058125569485127926
242477,0.08135501155629754
242479,0.06828834163025022
242484,0.05659277853555977
242491,0.057776595931500196
242492,0.0320567530579865
242497,0.021778977010399103
242498,0.015959245967678726
242499,0.300921767950058
242500,0.09437107248231769
242501,0.04068086249753833
242502,0.09749687183648348
242516,0.05104341031983495
242518,0.02822644216939807
242523,0.03776465030387044
242525,0.04890232440084219
242537,0.038509483681991696
242549,0.010209406551439315
242550,0.03535352577455342
242553,0.002791635735775344
242554,0.02128231234382838
242561,0.016061101108789444
242566,0.4605139419436455
242567,0.08835289580747485
242587,0.04625202086754143
242598,0.09788503125309944
242609,0.3284196723252535
242611,0.024439244414679706
242614,0.05250293202698231
242617,0.14675297867506742
242622,0.09966110764071345
242623,0.029686941532418132
242629,0.03382082609459758
242633,0.03008044115267694
242636,0.11835063248872757
242637,0.09009624784812331
242642,0.07579040993005037
242651,0.02366422477643937
242655,0.03275463939644396
242667,0.032141751144081354
242668,0.01983509783167392
242670,0.031554763903841376
242681,0.011193906248081475
242689,0.031601351918652654
242690,0.39896179363131523
242692,0.09692685306072235
242693,0.031685767346061766
242699,0.018891631509177387
242706,0.010203831072431058
242712,0.22043439000844955
242714,0.033454435179010034
242715,0.006800944363931194
242721,0.037836306495592
242725,0.010295494110323489
242728,0.05232469690963626
242740,0.01783624873496592
242741,0.010584677918814123
242762,0.07185705611482263
242766,0.053736041532829404
242772,0.026211910881102085
242779,0.030060257646255195
242782,0.02569291298277676
242795,0.06436722143553197
242796,0.025939777260646224
242800,0.009424089250387624
242810,0.021919836988672614
242816,0.03831499349325895
242824,0.08267059829086065
242829,0.22599609941244125
242833,0.009611018205760047
242837,0.08450103737413883
242851,0.029638215200975537
242857,0.07893953146412969
242858,0.030477593885734677
242860,0.03369258809834719
242874,0.0289839468896389
242876,0.048015198204666376
242877,0.015395070309750736
242879,0.012295617663767189
242890,0.13703455682843924
242897,0.012753830116707832
242898,0.020469170180149376
242904,0.010483765101525933
242916,0.004059422339196317
242920,0.06978504592552781
242924,0.05368840671144426
242930,0.08353637112304568
242936,0.051324478117749095
242938,0.005923506905674003
242951,0.07472172612324357
242952,0.048158518271520734
242956,0.031195288058370352
242970,0.17235805001109838
242972,0.007638830109499395
242973,0.01790236256783828
242975,0.017835377831943333
242979,0.13034833036363125
242985,0.015445437922608107
242989,0.012372923258226365
242994,0.10089847026392817
242996,0.15411744639277458
243004,0.14397860039025545
243013,0.01098011911381036
243015,0.04350470518693328
243017,0.020107137563172728
243022,0.012509030639193952
243075,0.20568585395812988
243077,0.03181849978864193
243089,0.00793960050214082
243096,0.029006667551584542
243099,0.009041659184731543
243109,0.02999376319348812
243110,0.038223500130698085
243111,0.034264518646523356
243112,0.0764077641069889
243114,0.06596639985218644
243124,0.16059903893619776
243128,0.36083533614873886
243136,0.04126125806942582
243143,0.04336392763070762
243148,0.08562826737761497
243151,0.016706411261111498
243152,0.03192332643084228
243163,0.025360465049743652
243170,0.03941522748209536
243173,0.01583882316481322
243184,0.019659047946333885
243187,0.06377891357988119
243193,0.13556818012148142
243206,0.11195178050547838
243208,0.010330492747016251
243236,0.011910082364920527
243237,0.04167398624122143
243241,0.021809400408528745
243244,0.009028064960148185
243251,0.07624224666506052
243256,0.02662744710687548
243257,0.03166497917845845
243263,0.023558584740385413
243265,0.045668902806937695
243276,0.07840427965857089
243283,0.030542692402377725
243287,0.010674932564143091
243289,0.24447822012007236
243291,0.00874416608712636
243294,0.010543287789914757
243299,0.17747836001217365
243301,0.1522112237289548
243302,0.15430936310440302
243310,0.11935975775122643
243313,0.14868999365717173
243334,0.07494519324973226
243335,0.05436442280188203
243345,0.017793079954572022
243353,0.019285560469143093
243369,0.014178053359501064
243371,0.0644500283524394
243375,0.06260215491056442
243383,0.14778851810842752
243387,0.007208399474620819
243390,0.049195255152881145
243398,0.0072985867445822805
243399,0.05195828666910529
243401,0.009853965369984508
243412,0.015038297395221889
243430,0.011939084448385984
243433,0.02742740057874471
243440,0.033812906593084335
243445,0.19732842780649662
243475,0.10357384476810694
243481,0.013700024399440736
243501,0.14505998883396387
243518,0.2515152804553509
243528,0.027774661080911756
243544,0.03017063159495592
243550,0.028619901509955525
243555,0.02466710063163191
243558,0.07395633636042476
243559,0.05561818019486964
243569,0.09620675118640065
243580,0.01336735114455223
243581,0.010628912365064025
243590,0.013909096189308912
243611,0.02122920408146456
243619,0.015081756981089711
243643,0.06595761561766267
243659,0.07193266600370407
243664,0.03430515853688121
243665,0.296768169850111
243679,0.013367311446927488
243680,0.13530158437788486
243681,0.02849083603359759
243689,0.05114333680830896
243699,0.09030896332114935
243700,0.151963472366333
243703,0.01891372341196984
243714,0.32555679231882095
243734,0.013491110585164279
243741,0.23605136200785637
243747,0.03247068915516138
243757,0.09733090782538056
243764,0.14802388846874237
243766,0.061546508222818375
243770,0.040125877130776644
243774,0.05762099800631404
243777,0.016078699380159378
243778,0.009392756503075361
243783,0.07650047680363059
243788,0.1444145692512393
243801,0.14315725304186344
243802,0.009699576155981049
243805,0.3017014507204294
243821,0.05876099690794945
243828,0.019622095860540867
243831,0.08954006619751453
243838,0.24977721832692623
243850,0.02180143934674561
243861,0.022419629734940827
243871,0.24916648492217064
243873,0.030546100810170174
243874,0.044798937160521746
243875,0.02957917470484972
243891,0.054381539579480886
243893,0.09739400027319789
243900,0.01890798145905137
243907,0.15414625592529774
243908,0.3171493671834469
243916,0.08446192787960172
243921,0.0332474447786808
243943,0.017166648991405964
243958,0.15627080854028463
243963,0.14835715014487505
243965,0.0975926173850894
243968,0.027638449450023472
243978,0.14521429501473904
243993,0.03994996240362525
243996,0.02885038615204394
244004,0.17743575386703014
244006,0.11957728955894709
244045,0.06724941590800881
244046,0.014326764736324549
244047,0.043347097700461745
244049,0.006058248312911019
244051,0.14127640333026648
244058,0.036098909797146916
244093,0.021370126865804195
244100,0.10722422460094094
244102,0.06654904037714005
244104,0.03229604347143322
244108,0.017027991474606097
244112,0.10802004020661116
244114,0.051396326860412955
244134,0.07522048056125641
244136,0.00968420211574994
244140,0.010869380203075707
244151,0.010317808017134666
244152,0.06327607482671738
244164,0.26601780392229557
244168,0.026250997558236122
244173,0.0134146956843324
244176,0.03287640446797013
244179,0.005955981061561033
244189,0.10752290254458785
244201,0.07238790299743414
244205,0.1613124143332243
244212,0.13705591391772032
244216,0.009244529297575355
244226,0.0751634007319808
244228,0.052461899584159255
244238,0.027684497646987438
244246,0.029062225949019194
244252,0.026667573140002787
244257,0.023560794768854976
244266,0.06508917361497879
244268,0.17951144464313984
244280,0.08815157925710082
244290,0.04038985609076917
244294,0.18155434913933277
244295,0.21424046531319618
244296,0.18134214356541634
244298,0.09267533384263515
244307,0.06900904048234224
244321,0.02528814389370382
244322,0.040338825434446335
244324,0.024905174621380866
244335,0.011101962765678763
244346,0.17688560020178556
244364,0.026839308673515916
244372,0.3566945791244507
244377,0.05711571569554508
244387,0.349482586607337
244388,0.13987770956009626
244395,0.1134237376973033
244396,0.015773652121424675
244403,0.031325058080255985
244416,0.03478601039387286
244417,0.009764542774064466
244420,0.027839021640829742
244421,0.10228786617517471
244428,0.017292073491262272
244429,0.1240391917526722
244432,0.06064501265063882
244456,0.06412039930000901
244460,0.03838391788303852
244461,0.08463853597640991
244464,0.009427142300410196
244470,0.014167758636176586
244475,0.08529118122532964
244484,0.14025649335235357
244487,0.018159005674533546
244489,0.04653475387021899
244498,0.0865067602135241
244526,0.07095404714345932
244529,0.13309520576149225
244534,0.023760421318002045
244536,0.08287235023453832
244543,0.10629233811050653
244545,0.027728318935260177
244555,0.02244408684782684
244560,0.16201467998325825
244562,0.022490063158329576
244570,0.06604796461760998
244572,0.21209752559661865
244574,0.0757276089861989
244605,0.05139950197190046
244612,0.04010610724799335
244624,0.011714917636709288
244631,0.0044845179945696145
244632,0.16029227152466774
244643,0.006092269817600027
244652,0.03375387145206332
244666,0.016198897152207792
244671,0.026628676569089293
244672,0.03290165844373405
244683,0.023538803914561868
244690,0.028741769143380225
244696,0.01840648171491921
244703,0.017552642268128693
244710,0.0581729831174016
244713,0.054887892911210656
244719,0.019531425554305315
244724,0.10343732824549079
244736,0.0746945459395647
244763,0.04983801837079227
244764,0.074851811863482
244765,0.16255198512226343
244767,0.06878953380510211
244772,0.06317292433232069
244786,0.03333095624111593
244789,0.022970266290940344
244794,0.04936192370951176
244799,0.009474779129959643
244810,0.008127596505801193
244815,0.02599526464473456
244830,0.024637081776745617
244848,0.05744847026653588
244852,0.01627194508910179
244866,0.02119759179186076
244867,0.07727372599765658
244874,0.02500099199824035
244887,0.01668008405249566
244891,0.04010138823650777
244897,0.2853816784918308
244898,0.008398237871006131
244909,0.10332963895052671
244910,0.12732934765517712
244913,0.08014223957434297
244925,0.05502624507062137
244928,0.03830537456087768
244932,0.024900021264329553
244942,0.05644560465589166
244943,0.06210045563057065
244949,0.1339508192613721
244954,0.01911635638680309
244971,0.028836754616349936
244973,0.25892272405326366
244989,0.19592470303177834
245001,0.05753796827048063
245012,0.04504293133504689
245026,0.2760584931820631
245030,0.04794967779889703
245036,0.019108731532469392
245049,0.17909451387822628
245057,0.01909849897492677
245062,0.12368561793118715
245063,0.043047511018812656
245074,0.020318397437222302
245076,0.07087713060900569
245105,0.05561858043074608
245106,0.020298383198678493
245121,0.015535892685875297
245124,0.04575362661853433
245129,0.01102400169475004
245133,0.07707458361983299
245138,0.02520815539173782
245150,0.1423432594165206
245156,0.13162267953157425
245157,0.10217638500034809
245168,0.15365957282483578
245170,0.02532594185322523
245177,0.026385649107396603
245178,0.019901636347640306
245182,0.003953495048335753
245208,0.08729025674983859
245219,0.17642086744308472
245221,0.013890585280023515
245222,0.007827734138118103
245224,0.013633869646582752
245225,0.010917160601820797
245233,0.049364907667040825
245234,0.013572904863394797
245244,0.06682978477329016
245253,0.29769448190927505
245260,0.047107149846851826
245272,0.03912457870319486
245281,0.01728022564202547
245296,0.18766782246530056
245297,0.09494199138134718
245303,0.010212655965005979
245309,0.12004312872886658
245313,0.009326022875029594
245316,0.019753285450860858
245328,0.0151790248346515
245344,0.0708198519423604
245351,0.023383406805805862
245357,0.0792211894877255
245367,0.019279201282188296
245369,0.11413634195923805
245376,0.07207247754558921
245381,0.022231483832001686
245411,0.05948654795065522
245426,0.052746678702533245
245428,0.0026130047772312537
245430,0.13032402750104666
245437,0.21143415104597807
245443,0.006211725398316048
245450,0.0030861527047818527
245452,0.04854290164075792
245468,0.04128597257658839
245481,0.010544647520873696
245486,0.01414106518495828
245496,0.029026394709944725
245501,0.16159608773887157
245502,0.0426541103515774
245503,0.016979906300548464
245564,0.21751978062093258
245567,0.020980830653570592
245568,0.1709852209314704
245576,0.29606858268380165
245577,0.027511763270013034
245578,0.008327208372065797
245595,0.01935404585674405
245598,0.03718860284425318
245604,0.038854090962558985
245611,0.020057975314557552
245615,0.10564027912914753
245617,0.023866506526246667
245627,0.06097500631585717
245659,0.01510980655439198
245661,0.04087052261456847
245681,0.011472643353044987
245687,0.018833124719094485
245697,0.04761693882755935
245708,0.024002984631806612
245713,0.0189172012032941
245717,0.010494189744349569
245720,0.015736162662506104
245721,0.08971563400700688
245724,0.021525691030547023
245728,0.077164844609797
245738,0.03344652149826288
245746,0.0458866823464632
245747,0.045084461104124784
245748,0.08918911032378674
245766,0.020820325473323464
245767,0.18306677136570215
245784,0.016707140603102744
245792,0.05594154284335673
245802,0.27162374183535576
245804,0.011650658736471087
245815,0.016027240082621574
245820,0.07274330733343959
245830,0.03414157987572253
245834,0.023123901686631143
245836,0.031729445909149945
245844,0.0772814517840743
245853,0.016056664229836315
245862,0.02026719704736024
245863,0.046623578295111656
245882,0.10787059087306261
245892,0.028073061490431428
245906,0.05363217741250992
245913,0.029875420848838985
245926,0.022298268042504787
245932,0.025825555436313152
245933,0.009665410849265754
245934,0.039003787096589804
245939,0.20449290052056313
245948,0.07562936656177044
245955,0.03172581852413714
245957,0.007704859890509397
245967,0.0656047451775521
245979,0.013418581977020949
245980,0.039880174677819014
245989,0.04781700042076409
245992,0.016060771769843996
245994,0.09158929344266653
246006,0.052834128960967064
246010,0.02510220161639154
246017,0.09585146233439445
246041,0.03558173566125333
246045,0.0991215268149972
246053,0.10821293201297522
246057,0.06048529455438256
246059,0.031296914210543036
246061,0.020353923668153584
246079,0.007502087682951242
246082,0.03221548500005156
246089,0.014384866517502815
246091,0.012316742329858243
246102,0.007714518171269447
246127,0.22371454536914825
246134,0.010790883330628276
246135,0.03969843708910048
246138,0.6101922988891602
246143,0.02741274517029524
246146,0.03302901214919984
246148,0.030342775164172053
246152,0.13513327110558748
246155,0.0445264196023345
246164,0.016532371402718127
246171,0.12254331260919571
246185,0.007761763845337555
246192,0.1841573752462864
246200,0.1420737663283944
246208,0.0072249437507707626
246210,0.012828483246266842
246213,0.04410854587331414
246214,0.07452378841117024
246229,0.01720935956109315
246242,0.037917450070381165
246250,0.05428516468964517
246258,0.007460639491910115
246267,0.2295040600001812
246273,0.015065370709635317
246287,0.016069771838374436
246289,0.022628888254985213
246290,0.0805920553393662
246302,0.011747218726668507
246303,0.02381524327211082
246304,0.027870589983649552
246312,0.07648167293518782
246319,0.21472612768411636
246321,0.03914927411824465
246335,0.0399501429637894
246337,0.037824112456291914
246348,0.010483215213753283
246358,0.020078589557670057
246362,0.08365779602900147
246369,0.018043947173282504
246374,0.01862298062769696
246382,0.18027817271649837
246384,0.0668930048123002
246386,0.22400190122425556
246390,0.14010008238255978
246396,0.04031442175619304
246400,0.0466014149133116
246401,0.00764184542640578
246405,0.05577572202309966
246415,0.07359699439257383
246416,0.03039509174413979
246418,0.14405388478189707
246422,0.01446978939929977
246423,0.0168599653407
246426,0.07403605105355382
246429,0.11221307795494795
246432,0.04958213213831186
246444,0.04447970283217728
246448,0.02959958731662482
246455,0.1001826636493206
246469,0.13302402198314667
246482,0.008206794620491564
246488,0.024591366876848042
246489,0.06354703288525343
246491,0.04502728511579335
246502,0.014787022431846708
246516,0.018627965997438878
246524,0.10536776250228286
246525,0.06185402628034353
246543,0.15263710543513298
246550,0.21266736648976803
246554,0.028190416167490184
246558,0.004192495689494535
246559,0.09556950582191348
246560,0.048972077667713165
246561,0.011391261941753328
246562,0.019546220428310335
246564,0.025834644795395434
246585,0.24127633310854435
246615,0.09910962078720331
246618,0.030901505844667554
246619,0.007601027202326804
246621,0.1010693283751607
246624,0.02792183170095086
246625,0.010497578827198595
246627,0.1468441989272833
246628,0.04963825433515012
246631,0.07170241698622704
246633,0.08186526410281658
246654,0.022703773458488286
246660,0.04082035459578037
246665,0.18866950925439596
246669,0.03588085272349417
246681,0.012092351447790861
246700,0.30995694547891617
246705,0.028224145411513746
246708,0.03954614722169936
246711,0.11075598187744617
246724,0.04415885638445616
246740,0.02183397364569828
246744,0.06443508807569742
246745,0.22167441062629223
246746,0.04600318777374923
246748,0.006641844258410856
246752,0.2702288590371609
246758,0.1401858776807785
246762,0.018806208157911897
246765,0.045650554820895195
246786,0.044749705120921135
246798,0.03739182138815522
246807,0.006012017198372632
246816,0.1276074955239892
246820,0.01816195365972817
246833,0.02934296242892742
246835,0.40239659883081913
246836,0.07743183430284262
246845,0.023026903625577688
246849,0.053414220456033945
246857,0.09474933659657836
246861,0.021142036421224475
246871,0.011581521190237254
246872,0.16155100893229246
246877,0.02875586412847042
246879,0.005708423122996464
246894,0.18638706393539906
246896,0.029549298575147986
246905,0.03021493903361261
246907,0.05102230119518936
246928,0.009432537772227079
246935,0.0077840973099227995
246939,0.040663888677954674
246947,0.037378410110250115
246951,0.021959222271107137
246956,0.029033114667981863
246972,0.07831612788140774
246979,0.04801933071576059
247003,0.028856652788817883
247005,0.09009219100698829
247006,0.02829102543182671
247008,0.008013746613869444
247014,0.09179825149476528
247027,0.018285347730852664
247032,0.06624379684217274
247036,0.101342867128551
247080,0.08886252297088504
247083,0.011462372145615518
247086,0.03178864857181907
247092,0.03282950702123344
247098,0.02291287889238447
247103,0.10965245962142944
247105,0.013684413454029709
247108,0.0551941089797765
247118,0.10373326204717159
247123,0.03147105756215751
247129,0.05849236506037414
247139,0.04440435953438282
247147,0.02960061968769878
247153,0.07088293647393584
247157,0.023558539571240544
247179,0.02434155868832022
247190,0.04835444351192564
247213,0.05006365804001689
247220,0.025103760766796768
247234,0.005173715093405917
247260,0.018672778795007616
247265,0.06448141159489751
247269,0.08534877793863416
247272,0.03014757763594389
247277,0.03287368139717728
247278,0.14902322553098202
247280,0.023606987204402685
247290,0.027877163258381188
247296,0.025941674131900072
247314,0.0905734677799046
247316,0.04898112593218684
247328,0.06485222885385156
247332,0.037133495323359966
247336,0.2288312464952469
247340,0.14533831551671028
247342,0.0326248281635344
247347,0.05276734777726233
247350,0.08692825399339199
247351,0.01039114739978686
247353,0.07042320258915424
247354,0.03364211390726268
247360,0.02979426202364266
247371,0.06078511895611882
247378,0.01718423841521144
247394,0.05687648360617459
247402,0.02242186781950295
247406,0.02823701035231352
247409,0.021060275845229626
247446,0.07057607918977737
247453,0.013198205968365073
247455,0.08892645360901952
247463,0.01775234757224098
247484,0.00860766734695062
247485,0.04257707321085036
247492,0.07142926752567291
247497,0.16304487828165293
247510,0.03989533497951925
247521,0.05684406217187643
247527,0.045269552152603865
247534,0.10662540700286627
247537,0.046323366928845644
247558,0.04593664989806712
247559,0.028569442918524146
247560,0.09226415166631341
247567,0.09872352797538042
247572,0.14081144705414772
247582,0.02032936009345576
247583,0.18169400095939636
247594,0.05009655957110226
247595,0.024087595520541072
247597,0.038457127287983894
247598,0.036551819066517055
247607,0.08472058596089482
247619,0.18319559935480356
247632,0.10262017464265227
247638,0.11082350555807352
247639,0.07879197364673018
247646,0.0803762418217957
247655,0.014647706062532961
247660,0.008771230932325125
247672,0.07360380562022328
247677,0.01448974065715447
247682,0.010836424306035042
247685,0.1545140938833356
247690,0.020730573683977127
247701,0.019099483150057495
247708,0.1630310220643878
247715,0.025739400880411267
247734,0.04542585578747094
247758,0.03555013984441757
247761,0.007357054710155353
247763,0.01409084361512214
247766,0.03787986631505191
247774,0.01356552867218852
247775,0.04941711202263832
247779,0.043688633712008595
247781,0.037400919245556
247783,0.0652562347240746
247785,0.023680600221268833
247787,0.01800794992595911
247793,0.021251824568025768
247798,0.013021151651628315
247802,0.0506903703790158
247805,0.021131196175701916
247814,0.006717746407957748
247816,0.02648705104365945
247834,0.016355543397367
247836,0.03925048955716193
247844,0.11505515687167645
247849,0.107300098054111
247852,0.004113694580155425
247859,0.04099889216013253
247861,0.12976412754505873
247867,0.03459052322432399
247868,0.024481707718223333
247883,0.025773453526198864
247890,0.009584846295183524
247892,0.2910324800759554
247896,0.015456425258889794
247897,0.017011113464832306
247902,0.20072051230818033
247904,0.019334635115228593
247909,0.010985756642185152
247910,0.033817646792158484
247911,0.07421543123200536
247929,0.033688650000840425
247930,0.011464063631137833
247935,0.004612265474861488
247942,0.08389744535088539
247950,0.025200245901942253
247951,0.07811676850542426
247972,0.07242831960320473
247989,0.05407342268154025
247993,0.04873332381248474
247995,0.14135489147156477
248012,0.03731095767579973
248018,0.023573191021569073
248019,0.05314065748825669
248036,0.009092047810554504
248037,0.031405056826770306
248039,0.02538528008153662
248040,0.18587713781744242
248043,0.06541676353663206
248054,0.011798580642789602
248056,0.014934236300177872
248068,0.18083951529115438
248075,0.15996962878853083
248085,0.012463871331419796
248087,0.03813231596723199
248089,0.02592500112950802
248095,0.02356076950673014
248105,0.07308356137946248
248109,0.05233276495710015
248115,0.01426535693462938
248131,0.17203051783144474
248135,0.12748837936669588
248148,0.04147271625697613
248154,0.15959312953054905
248156,0.08623731415718794
248165,0.07330137211829424
248169,0.03327222471125424
248173,0.00566478144901339
248179,0.014340288063976914
248187,0.014493424503598362
248204,0.018181197345256805
248207,0.0682693193666637
248210,0.07570964796468616
248212,0.10923067526891828
248214,0.016633172694128007
248229,0.012462044309359044
248236,0.09566480154171586
248239,0.057922360487282276
248240,0.19583222921937704
248246,0.012373113830108196
248249,0.03766984702087939
248261,0.052865250734612346
248267,0.036132255801931024
248268,0.04997957497835159
248272,0.03357341012451798
248276,0.03430482721887529
248293,0.07082560658454895
248303,0.0679953321814537
248307,0.03146786929573864
248308,0.15414903033524752
248327,0.07693878980353475
248330,0.08603793103247881
248345,0.02430090866982937
248355,0.009718012530356646
248364,0.06477215234190226
248368,0.11231032479554415
248373,0.07920299703255296
248375,0.1910421084612608
248378,0.044222156051546335
248390,0.014369172509759665
248394,0.09633926255628467
248405,0.02191477396991104
248409,0.03220403450541198
248411,0.015205103205516934
248415,0.06660422310233116
248416,0.0185408650431782
248419,0.14914694614708424
248421,0.01623928250046447
248422,0.009763719281181693
248424,0.010420996695756912
248427,0.06111673451960087
248429,0.18472472671419382
248435,0.007023324898909777
248452,0.02504175901412964
248461,0.07398763112723827
248467,0.011843741522170603
248472,0.06129933660849929
248473,0.0460176388733089
248476,0.04154810099862516
248488,0.2506068404763937
248489,0.0631967990193516
248505,0.01842962799128145
248509,0.06570591544732451
248510,0.07213461538776755
248512,0.03126152837648988
248524,0.25813620910048485
248526,0.04404073255136609
248528,0.018061779905110598
248533,0.006561768939718604
248546,0.037663843715563416
248568,0.012810199172236025
248570,0.04483281588181853
248579,0.06314007518813014
248583,0.07380766281858087
248585,0.00949695284361951
248586,0.02673471998423338
248596,0.006633441109443083
248597,0.10871942527592182
248601,0.012010906240902841
248605,0.03436697251163423
248613,0.03304322995245457
248618,0.034413202898576856
248622,0.036017394391819835
248626,0.004104015068151057
248627,0.01869337318930775
248628,0.010382536333054304
248635,0.0239926838548854
248636,0.019613841781392694
248644,0.02221053943503648
248667,0.1310560666024685
248675,0.04612765135243535
248677,0.03691132995299995
248693,0.07422209531068802
248694,0.1056468547321856
248699,0.00456958994618617
248706,0.0769659320358187
248726,0.136808879673481
248728,0.025008883560076356
248731,0.07074191235005856
248736,0.2907468471676111
248738,0.16021955478936434
248739,0.030190555145964026
248744,0.12225707527250051
248745,0.092781285289675
248756,0.013657969830092043
248760,0.04021666618064046
248767,0.23982050642371178
248770,0.020858296542428434
248772,0.08478942979127169
248773,0.026425934163853526
248785,0.037867470644414425
248789,0.039448875933885574
248791,0.014636470878031105
248797,0.041345288744196296
248826,0.0043258060031803325
248853,0.04454889125190675
248854,0.023450154927559197
248856,0.06279313797131181
248861,0.035879512783139944
248869,0.09067836217582226
248871,0.032840707106515765
248877,0.036410917062312365
248883,0.043273357674479485
248891,0.017744833137840033
248892,0.5087408423423767
248905,0.05494711734354496
248910,0.011786239803768694
248914,0.02230665518436581
248921,0.08578204549849033
248931,0.13139238022267818
248934,0.08617023611441255
248951,0.040522413328289986
248954,0.0739345527254045
248961,0.015867926529608667
248966,0.023754848341923207
248968,0.17509972024708986
248977,0.020733146579004824
248978,0.043705061776563525
248986,0.16246477235108614
249000,0.04051028215326369
249005,0.16098518576472998
249025,0.0029067234427202493
249040,0.09157928777858615
249045,0.021539633395150304
249056,0.02888153668027371
249057,0.00476304316543974
249075,0.05344196851365268
249084,0.05795866250991821
249089,0.08084763586521149
249095,0.39603034779429436
249101,0.1775364726781845
249113,0.011106295743957162
249116,0.023398399353027344
249118,0.07204891787841916
249137,0.04598136804997921
249140,0.021768851554952562
249149,0.0703195771202445
249151,0.02302405866794288
249154,0.04171049501746893
249155,0.06127877067774534
249171,0.007639730349183083
249173,0.22057843580842018
249190,0.016283493430819362
249191,0.011444735690020025
249197,0.030302995815873146
249205,0.24260647036135197
249212,0.08633583504706621
249228,0.03731363685801625
249235,0.06582336686551571
249266,0.02674446243327111
249269,0.018422613153234124
249277,0.09685905557125807
249298,0.029933076817542315
249305,0.11618432821705937
249310,0.019216590910218656
249313,0.1017840183340013
249320,0.07707573706284165
249321,0.005711305799195543
249332,0.018909357429947704
249333,0.041595479240641
249339,0.06859777355566621
249343,0.11957411514595151
249345,0.058092687744647264
249347,0.03653778741136193
249348,0.05552590684965253
249358,0.01129713241243735
249370,0.17634266894310713
249382,0.08286541234701872
249397,0.012020437454339117
249398,0.09078730596229434
249400,0.04564334568567574
249403,0.15352002810686827
249412,0.12985875364392996
249421,0.06644914904609323
249422,0.05167613294906914
249426,0.024386472417972982
249445,0.02021903556305915
249460,0.04596289596520364
249465,0.005535251810215414
249467,0.011033543793018907
249481,0.06946353800594807
249495,0.03588171838782728
249496,0.15553235355764627
249505,0.03794449893757701
249507,0.011893284710822627
249523,0.06684957165271044
249528,0.02491241111420095
249532,0.05227850587107241
249534,0.053216740023344755
249540,0.012243829551152885
249542,0.1494281580671668
249557,0.050909257493913174
249559,0.2778903190046549
249578,0.008379791106563061
249581,0.005471481999848038
249588,0.11349312029778957
249595,0.0186101789586246
249603,0.14966474566608667
249615,0.015390569111332297
249630,0.02405532100237906
249636,0.04747436800971627
249640,0.029040051042102277
249648,0.020183974993415177
249657,0.02792182262055576
249661,0.01011422707233578
249664,0.013813264202326536
249668,0.06402101879939437
249677,0.1197449117898941
249681,0.10063100652769208
249687,0.09844598453491926
249688,0.06798809533938766
249695,0.21091586723923683
249703,0.029978776583448052
249705,0.05711937416344881
249718,0.11608847044408321
249719,0.06961219920776784
249720,0.051087644416838884
249726,0.012450919370166957
249728,0.030796853126958013
249742,0.028904807521030307
249764,0.06686369376257062
249768,0.04388646106235683
249770,0.030206262948922813
249774,0.028041601879522204
249779,0.04806143254972994
249783,0.017698474403005093
249801,0.3268180023878813
249808,0.04527562367729843
249818,0.008848951576510444
249820,0.17463645618408918
249832,0.3568739015609026
249839,0.02588685305090621
249843,0.08840494882315397
249845,0.04441905580461025
249847,0.09424202283844352
249878,0.18886111862957478
249883,0.02420744893606752
249895,0.053822214948013425
249898,0.03829916310496628
249906,0.1740713743492961
249909,0.008439713361440226
249913,0.02840550907421857
249920,0.23989474400877953
249921,0.005304362071910873
249928,0.07105584209784865
249941,0.03749202052131295
249951,0.009966607904061675
249955,0.04434926528483629
250020,0.05263876402750611
250022,0.020797711447812617
250026,0.02958928421139717
250038,0.0645222133025527
250045,0.08386808447539806
250048,0.0708845192566514
250049,0.018039222341030836
250051,0.03085778304375708
250056,0.0883148773573339
250073,0.025122268008999527
250085,0.014298284135293216
250088,0.14073668606579304
250091,0.041315854294225574
250092,0.08989495551213622
250093,0.013718708301894367
250095,0.084429238922894
250098,0.07191172987222672
250105,0.020359977148473263
250114,0.32387719862163067
250127,0.07311214273795485
250134,0.1323853200301528
250137,0.007766772760078311
250153,0.03603855171240866
250156,0.04393898509442806
250176,0.02650473767425865
250188,0.029643452260643244
250189,0.022113854880444705
250211,0.04395951563492417
250212,0.13618972338736057
250217,0.005747389062889852
250226,0.02838301006704569
250236,0.24824143946170807
250237,0.06298364233225584
250246,0.03722925763577223
250270,0.1342588197439909
250276,0.07166519574820995
250299,0.03868766385130584
250311,0.0038768017475376837
250312,0.05716679943725467
250319,0.026162488851696253
250324,0.014994465396739542
250331,0.013257359038107097
250340,0.04286350077018142
250347,0.008724523504497483
250354,0.04942066827788949
250358,0.13029188197106123
250359,0.01682480552699417
250361,0.1708283182233572
250363,0.03732657665386796
250371,0.10781986825168133
250377,0.047453763196244836
250381,0.037376128253526986
250391,0.021295840269885957
250415,0.007492471224395558
250416,0.0624490468762815
250430,0.11057054344564676
250431,0.022465114598162472
250438,0.07139620464295149
250444,0.1442770240828395
250453,0.07135290233418345
250458,0.0962364268489182
250462,0.3314969912171364
250469,0.009225654939655215
250473,0.0471508156042546
250481,0.05709187197498977
250498,0.2276465566828847
250502,0.07770367804914713
250508,0.13630926609039307
250514,0.009213548037223518
250521,0.04176069446839392
250522,0.2551583144813776
250530,0.013114077504724264
250531,0.006723340629832819
250533,0.013296707067638636
250539,0.06146422936581075
250541,0.029897097498178482
250545,0.09697922458872199
250557,0.19771243445575237
250576,0.04093045019544661
250579,0.014019903785083443
250585,0.25490558333694935
250586,0.011340698751155287
250591,0.10346097778528929
250592,0.052194501273334026
250596,0.018079538363963366
250616,0.014993876218795776
250617,0.01515134220244363
250632,0.1304415576159954
250636,0.029671467607840896
250640,0.07978795422241092
250657,0.060852088732644916
250658,0.152312733232975
250661,0.03479688637889922
250684,0.07289689918980002
250685,0.023787267971783876
250691,0.1202327823266387
250692,0.021454986883327365
250712,0.009544743923470378
250713,0.011732817045412958
250719,0.05152988457120955
250737,0.08536987425759435
250749,0.015298500598873943
250772,0.029844859149307013
250773,0.16856287512928247
250774,0.05493784323334694
250781,0.24642963893711567
250783,0.012610532168764621
250810,0.08436881564557552
250814,0.03013490221928805
250819,0.05589647963643074
250831,0.026638448587618768
250855,0.00859282785677351
250867,0.08195932488888502
250878,0.035321807488799095
250887,0.006639645551331341
250889,0.007109070284059271
250890,0.032573391450569034
250900,0.05796678946353495
250904,0.033677242463454604
250909,0.02388980390969664
250913,0.040187299717217684
250914,0.02088503446429968
250915,0.13170058745890856
250918,0.10391298215836287
250922,0.1628351090475917
250925,0.06521791825070977
250939,0.11546136252582073
250949,0.009752489277161658
250956,0.01952121825888753
250961,0.015163599280640483
250963,0.12849024776369333
250965,0.11590184271335602
250968,0.01910680514993146
250970,0.030633976217359304
250981,0.04948008432984352
250990,0.018119619344361126
251001,0.14013132499530911
251002,0.009293575712945312
251011,0.12579655461013317
251013,0.009249768685549498
251021,0.018759515369310975
251022,0.027355956844985485
251029,0.021790731698274612
251046,0.013631411420647055
251047,0.026597651187330484
251058,0.008481460041366518
251063,0.06221198523417115
251064,0.06103270687162876
251073,0.2042891662567854
251083,0.025262985727749765
251085,0.12219786643981934
251091,0.12798797339200974
251096,0.03945388435386121
251105,0.38876643404364586
251115,0.1393725536763668
251123,0.02200753812212497
251133,0.0627560371067375
251152,0.08509587915614247
251165,0.02563809254206717
251180,0.01957973896060139
251196,0.241908960044384
251197,0.14386216178536415
251214,0.013546428177505732
251215,0.30224769562482834
251217,0.08266869280487299
251219,0.014870342914946377
251233,0.01151549129281193
251234,0.15883195120841265
251245,0.04077031835913658
251248,0.13200132362544537
251255,0.005701853398932144
251267,0.009837957855779678
251272,0.024214680423028767
251276,0.016533758433070034
251288,0.05204365821555257
251297,0.019660271005705
251298,0.12548566330224276
251300,0.017980869277380407
251301,0.018830426270142198
251302,0.09690955886617303
251303,0.04591995547525585
251311,0.031104579218663275
251314,0.04404584318399429
251322,0.007019320211838931
251324,0.14438746310770512
251333,0.08198609109967947
251336,0.16404964309185743
251341,0.01053107576444745
251346,0.02266970695927739
251370,0.05544932256452739
251378,0.02827611321117729
251396,0.06885379087179899
251401,0.04822810459882021
251413,0.01882409688550979
251422,0.02122943161521107
251423,0.011354159039910883
251434,0.12934458442032337
251436,0.05401142034679651
251443,0.06798250367864966
251445,0.08393131801858544
251455,0.023204189958050847
251465,0.028745971154421568
251470,0.02911221026442945
251475,0.37917812541127205
251488,0.02101715700700879
251498,0.05520675261504948
251504,0.03628240176476538
251506,0.1886260537430644
251530,0.08022098988294601
251534,0.03668919624760747
251538,0.100947683211416
251543,0.03269505896605551
251557,0.09563998505473137
251558,0.06154537224210799
251567,0.025914006284438074
251575,0.013320005964487791
251579,0.042888747761026025
251598,0.12232093047350645
251599,0.06919257203117013
251606,0.013658695621415973
251608,0.04084546770900488
251620,0.08146598935127258
251624,0.03693945484701544
251629,0.025892207631841302
251631,0.05440522916615009
251654,0.15306631289422512
251671,0.01706033095251769
251677,0.01769819448236376
251682,0.0323859506752342
251684,0.05618316400796175
251689,0.060615521389991045
251700,0.027707881992682815
251716,0.03670719009824097
251719,0.1274325167760253
251727,0.025277735374402255
251731,0.13486274424940348
251732,0.027011374477297068
251737,0.03887762315571308
251744,0.03362805885262787
251750,0.08227629400789738
251754,0.20393853820860386
251759,0.014111708267591894
251761,0.1484947493299842
251762,0.15322324447333813
251765,0.036327286856248975
251768,0.07734084827825427
251770,0.027680849307216704
251777,0.008152929280186072
251786,0.01671001111390069
251795,0.10170160327106714
251805,0.03822124260477722
251833,0.10210172040387988
251839,0.02106484118849039
251848,0.2802776116877794
251851,0.04044151329435408
251893,0.01965084276162088
251909,0.04017662350088358
251918,0.043119137873873115
251920,0.07474957220256329
251922,0.1673541935160756
251923,0.24863764457404613
251926,0.10499335080385208
251933,0.009680652059614658
251938,0.08000404294580221
251948,0.11986611131578684
251955,0.03300715726800263
251956,0.0912112994119525
251957,0.01954537013079971
251964,0.03963285009376705
251965,0.03433447633869946
251966,0.011978814785834402
251972,0.019794494146481156
251980,0.016600970644503832
252003,0.01303584553534165
252016,0.07362459460273385
252028,0.06071230536326766
252032,0.011947910476010293
252046,0.010411494877189398
252054,0.004558216664008796
252060,0.07022541621699929
252073,0.01636402599979192
252088,0.008104950713459402
252092,0.004986339656170458
252096,0.14077386166900396
252113,0.015677918097935617
252115,0.00765855610370636
252121,0.0069222172314766794
252133,0.07004230888560414
252135,0.024056034861132503
252145,0.05468221358023584
252151,0.006415870564524084
252167,0.042939384235069156
252169,0.15340537764132023
252175,0.09375612856820226
252189,0.06897901324555278
252190,0.1771616069599986
252191,0.07823094632476568
252198,0.08530200878158212
252212,0.034521831665188074
252223,0.056396749801933765
252224,0.07244712673127651
252228,0.14853809960186481
252253,0.007506460358854383
252257,0.13382635451853275
252261,0.06401869328692555
252265,0.03361376724205911
252272,0.1813884899020195
252273,0.12422780320048332
252286,0.37337323650717735
252312,0.009782059933058918
252322,0.1049078251235187
252326,0.15247760713100433
252332,0.03538381087128073
252345,0.05602979985997081
252348,0.031291587627492845
252354,0.06003084545955062
252358,0.03751322254538536
252364,0.057505892822518945
252366,0.26232743822038174
252369,0.058762355241924524
252374,0.05649121571332216
252382,0.025923467823304236
252417,0.2513697985559702
252425,0.1835326049476862
252426,0.061336159938946366
252429,0.03246557433158159
252434,0.186626180075109
252447,0.03694882499985397
252450,0.009228077193256468
252452,0.15967240184545517
252460,0.014298869238700718
252463,0.06598556321114302
252465,0.042120156809687614
252492,0.09097238164395094
252493,0.21957432851195335
252518,0.031795997405424714
252522,0.17427929304540157
252524,0.02285349613521248
252531,0.02182078210171312
252533,0.1183353029191494
252540,0.09353493480011821
252543,0.018592759792227298
252544,0.008740844787098467
252555,0.040052939439192414
252558,0.04700833815149963
252562,0.012603042414411902
252565,0.20413436274975538
252568,0.005607740575214848
252569,0.0173331469995901
252573,0.03998169372789562
252582,0.017522544541861862
252596,0.03611246729269624
252599,0.020782712381333113
252603,0.023285287898033857
252606,0.027618992258794606
252630,0.016830984852276742
252636,0.028525128727778792
252651,0.05112695414572954
252653,0.003439556196099147
252679,0.22968972846865654
252682,0.16785724367946386
252687,0.14081338979303837
252713,0.008609712938778102
252715,0.006678510719211772
252721,0.24712196551263332
252726,0.036400090204551816
252746,0.05860127042979002
252754,0.012188345717731863
252760,0.01346070144791156
252762,0.5487569831311703
252763,0.030366640770807862
252764,0.1235687518492341
252768,0.023690739297308028
252773,0.03625753801316023
252774,0.05105822067707777
252782,0.0587061969563365
252784,0.016524925944395363
252797,0.03342352039180696
252798,0.019677487900480628
252809,0.09742453508079052
252819,0.015263376291841269
252840,0.033077608328312635
252862,0.003960064001148567
252863,0.11659450735896826
252865,0.02610064670443535
252870,0.03662937227636576
252880,0.08852525427937508
252881,0.016292258631438017
252888,0.0814055260270834
252889,0.07232716400176287
252894,0.03653090423904359
252899,0.014747047913260758
252911,0.009129068173933774
252918,0.003857782212435268
252926,0.01357727829599753
252929,0.0785223781131208
252932,0.049092200351879
252939,0.028819026658311486
252940,0.029185577295720577
252970,0.01525245641823858
252971,0.05348708410747349
252980,0.044428972294554114
252981,0.04061350994743407
252986,0.02352543454617262
252990,0.0067240920616313815
253004,0.08369801612570882
253011,0.01546542625874281
253015,0.011457106214947999
253022,0.024683985742740333
253032,0.016067980555817485
253044,0.26979064010083675
253056,0.009872030816040933
253065,0.06811783323064446
253066,0.026088970596902072
253067,0.01436262927018106
253079,0.024429907789453864
253088,0.030256220255978405
253098,0.0616994327865541
253099,0.09885030146688223
253112,0.010107752867043018
253113,0.09931941842660308
253133,0.05931820394471288
253149,0.028902739053592086
253151,0.015385378093924373
253153,0.06934290565550327
253160,0.012146706052590162
253164,0.027287680539302528
253169,0.08361169556155801
253177,0.00811448076274246
253183,0.10568503756076097
253198,0.06076578889042139
253206,0.043715610867366195
253214,0.0954040833748877
253218,0.032518198480829597
253224,0.03759865346364677
253227,0.009520787541987374
253231,0.024711751961149275
253247,0.027898100670427084
253251,0.06186252133920789
253262,0.09243135573342443
253264,0.06609104759991169
253265,0.09032827336341143
253273,0.061319257598370314
253275,0.01521716162096709
253278,0.008106246241368353
253284,0.07972007803618908
253298,0.062227421905845404
253313,0.1625138260424137
253317,0.01685980532784015
253322,0.053019432816654444
253326,0.031445289961993694
253332,0.28288776241242886
253338,0.02013410918880254
253339,0.004224818520015106
253346,0.009617256466299295
253348,0.104610126465559
253350,0.02174607221968472
253357,0.06141318171285093
253363,0.025480295065790415
253365,0.0075912266911473125
253369,0.0388933583162725
253373,0.1458134651184082
253378,0.025928466813638806
253383,0.11607121024280787
253392,0.032154731219634414
253395,0.03249249514192343
253398,0.029676555190235376
253410,0.1497411085292697
253419,0.011355896131135523
253420,0.09280776185914874
253421,0.10410104878246784
253441,0.04959773411974311
253442,0.012778945674654096
253446,0.02107783453539014
253447,0.13729726057499647
253465,0.024040614429395646
253488,0.08796855481341481
253492,0.01820957788731903
253499,0.6473315618932247
253500,0.18372218403965235
253501,0.04871201142668724
253509,0.028416208922863007
253521,0.030807916540652514
253534,0.008989759167889133
253544,0.024482141132466495
253555,0.06700184103101492
253557,0.05218886863440275
253559,0.008902606554329395
253583,0.09791901707649231
253587,0.03970770654268563
253589,0.04739923449233174
253591,0.03133347071707249
253596,0.014017670881003141
253600,0.009676556859631091
253605,0.011015072755981237
253620,0.05358018493279815
253628,0.01763690705411136
253631,0.0748362597078085
253634,0.011684702651109546
253639,0.03643404983449727
253641,0.0773452315479517
253661,0.014314542524516582
253672,0.05443962104618549
253679,0.020552316098473966
253683,0.05969278886914253
253696,0.022863188991323113
253706,0.02214308502152562
253708,0.07080984301865101
253712,0.03621887299232185
253717,0.02913235453888774
253720,0.02686735102906823
253731,0.1580122960731387
253734,0.19647581316530704
253743,0.06972242053598166
253744,0.10315285436809063
253748,0.020246090076398104
253754,0.04201545286923647
253761,0.03170255629811436
253787,0.09388302126899362
253788,0.03651631169486791
253796,0.2622851189225912
253826,0.07947456883266568
253829,0.14524492342025042
253837,0.03886614483781159
253841,0.14532534964382648
253843,0.04140934604220092
253844,0.05765279405750334
253845,0.044448780128732324
253849,0.11296733655035496
253854,0.007908659754320979
253861,0.02626842784229666
253863,0.01402750500710681
253875,0.06669029872864485
253891,0.04506428958848119
253894,0.05220980104058981
253895,0.526015616953373
253918,0.16436029970645905
253930,0.008861505193635821
253939,0.050736414501443505
253940,0.08749989094212651
253945,0.1926352195441723
253950,0.01947218645364046
253951,0.0043117438108311035
253964,0.1418102765455842
253967,0.047644461737945676
253975,0.3573259562253952
253986,0.022255585296079516
253998,0.4661189652979374
254017,0.057369282469153404
254025,0.1421781564131379
254026,0.012789554602932185
254031,0.1739118965342641
254035,0.025974455289542675
254040,0.11021528020501137
254042,0.044346441980451345
254047,0.05513821239583194
254051,0.2208543550223112
254056,0.030774896033108234
254060,0.05580462887883186
254068,0.025416143471375108
254073,0.10875511169433594
254088,0.03007130336482078
254100,0.016095142578706145
254110,0.0950385183095932
254115,0.011331456655170768
254116,0.18021272402256727
254125,0.03814562992192805
254130,0.021790363360196352
254135,0.10958497878164053
254149,0.03637264086864889
254161,0.03927912446670234
254167,0.05107270507141948
254176,0.055045987013727427
254205,0.010710946924518794
254226,0.012087626935681328
254228,0.061574812745675445
254238,0.008577740169130266
254242,0.20677358657121658
254257,0.2367111686617136
254261,0.032452331273816526
254280,0.05322595569305122
254295,0.01646119641372934
254316,0.1211929265409708
254325,0.287144560366869
254326,0.08666427806019783
254327,0.011468325479654595
254335,0.03077922109514475
254342,0.07781410263851285
254347,0.06309130787849426
254355,0.040534136816859245
254358,0.011048201471567154
254359,0.023459075368009508
254368,0.019886735826730728
254376,0.05197557318024337
254382,0.1535133058205247
254383,0.14841751009225845
254390,0.05414361506700516
254392,0.04990538372658193
254394,0.0039410201425198466
254400,0.007406616845401004
254406,0.023225808865390718
254411,0.022044941782951355
254421,0.020951946964487433
254435,0.07109723053872585
254437,0.01375063048908487
254440,0.006301920744590461
254460,0.10646474547684193
254470,0.019936132186558098
254471,0.06410912284627557
254472,0.009314888069638982
254483,0.18930399604141712
254493,0.008989510941319168
254513,0.011827187263406813
254518,0.14134882017970085
254520,0.06723444419912994
254534,0.041282490361481905
254537,0.09201507456600666
254562,0.044840634102001786
254567,0.028488508192822337
254577,0.05656373966485262
254578,0.13840009551495314
254580,0.12628617323935032
254586,0.016594417102169245
254591,0.0861365469172597
254593,0.020031199674122036
254597,0.3086225539445877
254599,0.017773266648873687
254613,0.014286922116298229
254629,0.06269974517636001
254631,0.041604997124522924
254633,0.046933136181905866
254639,0.0988840595819056
254642,0.03161951503716409
254650,0.05064428225159645
254659,0.027568888501264155
254662,0.08827346563339233
254671,0.08752238051965833
254672,0.017905772430822253
254674,0.12965593300759792
254676,0.20097874198108912
254679,0.013682459713891149
254701,0.03158624190837145
254722,0.010060190164949745
254728,0.030784907401539385
254742,0.023761702701449394
254748,0.03988672327250242
254750,0.008811259845970199
254751,0.04234051890671253
254753,0.16066689789295197
254773,0.11001751385629177
254783,0.018248470150865614
254805,0.07029222045093775
254806,0.14859409723430872
254810,0.01889043190749362
254817,0.037987843388691545
254820,0.016558521485421807
254829,0.12142613157629967
254835,0.01779810228617862
254837,0.040691837668418884
254843,0.05062086274847388
254850,0.03244368883315474
254858,0.033208607928827405
254861,0.009559648024151102
254884,0.016738526057451963
254885,0.14035937562584877
254890,0.010379437066148967
254910,0.15779357682913542
254916,0.06397722195833921
254917,0.006620229745749384
254920,0.011818722123280168
254926,0.028662913013249636
254928,0.04446639935486019
254930,0.049774145474657416
254937,0.21235237456858158
254940,0.024839834310114384
254953,0.10000296961516142
254956,0.007731005374807864
254969,0.047828956972807646
254982,0.04838759358972311
254988,0.035675266524776816
254998,0.03379521053284407
255013,0.08079437026754022
255017,0.02793554204981774
255018,0.015188852208666503
255029,0.03283051052130759
255033,0.30850281566381454
255035,0.08177663385868073
255061,0.30872485041618347
255067,0.007382020179647952
255068,0.01663417520467192
255070,0.07956880191341043
255084,0.010441784805152565
255096,0.15461197588592768
255106,0.004904906876618043
255114,0.09953766316175461
255117,0.014658993110060692
255135,0.12883213814347982
255142,0.03676114440895617
255143,0.024392182123847306
255146,0.06485130405053496
255155,0.01584500982426107
255156,0.15218814555555582
255158,0.024051028536632657
255167,0.0244662722107023
255172,0.015601957915350795
255199,0.013745891686994582
255204,0.056613247375935316
255206,0.0467815063893795
255210,0.040954289492219687
255226,0.045599091332405806
255230,0.03753990784753114
255253,0.03729730751365423
255259,0.038636935176327825
255260,0.03519787802360952
255278,0.04797719023190439
255288,0.022345654433593154
255312,0.06899441499263048
255317,0.0186903509311378
255319,0.0684292963705957
255320,0.07063941238448024
255322,0.02911785407923162
255332,0.1899622343480587
255337,0.024212725460529327
255344,0.007843558734748513
255347,0.06982797710224986
255348,0.01785785349784419
255351,0.042062099324539304
255366,0.09434636309742928
255371,0.017601130879484117
255372,0.007976183609571308
255373,0.17251928057521582
255377,0.019767617108300328
255378,0.07251341920346022
255405,0.08418509131297469
255408,0.08005711855366826
255425,0.13163991272449493
255434,0.10594766866415739
255441,0.023818229674361646
255442,0.27843612991273403
255451,0.16564802639186382
255486,0.017060285608749837
255490,0.24488706327974796
255493,0.011885959800565615
255501,0.05372949596494436
255503,0.03339419048279524
255515,0.036904929438605905
255522,0.04948480473831296
255526,0.01909186108969152
255538,0.11107913684099913
255541,0.018424748559482396
255546,0.06105646397918463
255549,0.00405231153126806
255557,0.014712942123878747
255564,0.1424944680184126
255568,0.03710044058971107
255572,0.023418005905114114
255581,0.026317820884287357
255585,0.010854659660253674
255586,0.08603521157056093
255596,0.17959256283938885
255598,0.03832532814703882
255600,0.049153456231579185
255619,0.02838298538699746
255620,0.006630963442148641
255623,0.05062014702707529
255631,0.05480138538405299
255632,0.05900988494977355
255633,0.06316298129968345
255646,0.02749627153389156
255647,0.05313129257410765
255649,0.022830401314422488
255659,0.06282377615571022
255666,0.010446521162521094
255669,0.02734725351911038
255674,0.015043482067994773
255675,0.019661814905703068
255678,0.15712230000644922
255682,0.20203384011983871
255690,0.23517395555973053
255691,0.012225887272506952
255694,0.33032567240297794
255706,0.013804153131786734
255717,0.024275238742120564
255720,0.011225633614230901
255723,0.05140613182447851
255724,0.03201280545908958
255729,0.008465947874356061
255731,0.04985854821279645
255733,0.0153604174265638
255734,0.05791335925459862
255738,0.11054976750165224
255760,0.014183207764290273
255766,0.02756170998327434
255770,0.035888946149498224
255772,0.004261183785274625
255775,0.04071927210316062
255776,0.02294255734886974
255786,0.016992194578051567
255795,0.012354460137430578
255797,0.25453211553394794
255810,0.03385143307968974
255813,0.023764948244206607
255829,0.07592070149257779
255830,0.015376205701613799
255832,0.015397692332044244
255847,0.024111376726068556
255853,0.05710380291566253
255876,0.03679049899801612
255881,0.005647681769914925
255883,0.03785807779058814
255891,0.035516739124432206
255899,0.018718446022830904
255900,0.08840065030381083
255906,0.0484732985496521
255907,0.0989842563867569
255911,0.13331013545393944
255921,0.046938282204791903
255925,0.13343613781034946
255930,0.1286798156797886
255941,0.004836827996768989
255948,0.00821449572686106
255969,0.23064112104475498
255973,0.12776330299675465
255974,0.04826315026730299
255976,0.1151864929124713
255977,0.037613468477502465
255978,0.012327711563557386
255981,0.0555496271699667
255988,0.08550847275182605
255990,0.026961654890328646
255992,0.12009117193520069
255998,0.005351719039026648
256015,0.11909452825784683
256016,0.06106298160739243
256036,0.07349091256037354
256045,0.049024456879124045
256050,0.07757003558799624
256066,0.24147108756005764
256076,0.0913430885411799
256080,0.01650107081513852
256083,0.18116445280611515
256086,0.010493926878552884
256103,0.03677393100224435
256108,0.00883255567168817
256114,0.018671556550543755
256115,0.08951163431629539
256139,0.041917933616787195
256141,0.026343038422055542
256146,0.024639707757160068
256150,0.01636583695653826
256177,0.061218833550810814
256179,0.025335524464026093
256194,0.03918550838716328
256195,0.10138478688895702
256200,0.0951062529347837
256204,0.06931561278179288
256205,0.07326042652130127
256213,0.0270105799427256
256222,0.05689860135316849
256224,0.04388387897051871
256235,0.09382843039929867
256264,0.011176909669302404
256268,0.04304190934635699
256276,0.12842856533825397
256277,0.01363158313324675
256282,0.009837547375354916
256285,0.016412920027505606
256293,0.005831288857734762
256294,0.053906679386273026
256296,0.09709561243653297
256297,0.010976750229019672
256315,0.022270720335654914
256317,0.017533602542243898
256334,0.14805684331804514
256339,0.018116982886567712
256342,0.3852444663643837
256345,0.039931627456098795
256348,0.05763471429236233
256350,0.08761109318584204
256351,0.023507369682192802
256357,0.044138327008113265
256375,0.054896842455491424
256377,0.061186980456113815
256379,0.014731119270436466
256392,0.008987355075078085
256398,0.02565445238724351
256419,0.06690944777801633
256422,0.007592463894980028
256424,0.013072812173049897
256431,0.02471501298714429
256432,0.05174518981948495
256438,0.11376400431618094
256459,0.014670986158307642
256460,0.12897265795618296
256506,0.1997449155896902
256507,0.027586813550442457
256511,0.03029177733696997
256513,0.13301948178559542
256519,0.019705599988810718
256533,0.02063109294977039
256539,0.1259040329605341
256590,0.02699005848262459
256606,0.23243191465735435
256614,0.08519648434594274
256642,0.05186412949115038
256644,0.011768988857511431
256653,0.08207416301593184
256663,0.04221142875030637
256666,0.05344242602586746
256669,0.034133102279156446
256678,0.023758789291605353
256685,0.05192912672646344
256705,0.03795353835448623
256708,0.03476166492328048
256713,0.05558570707216859
256715,0.1062320158816874
256718,0.03280275291763246
256745,0.0925604710355401
256752,0.035100312321446836
256753,0.08342771930620074
256754,0.026321519864723086
256763,0.015360816090833396
256772,0.039497396908700466
256773,0.06835045106709003
256774,0.42763205245137215
256776,0.29302224330604076
256783,0.0894654793664813
256790,0.03644008981063962
256801,0.23853483982384205
256802,0.25700643099844456
256803,0.058304576901718974
256808,0.012242571567185223
256809,0.025529250036925077
256810,0.13727277424186468
256818,0.04981967294588685
256824,0.00842822651611641
256825,0.02102250582538545
256826,0.011449489393271506
256829,0.015520714572630823
256834,0.02485031762626022
256843,0.2835543639957905
256866,0.15024493914097548
256875,0.020814512041397393
256876,0.025435469462536275
256887,0.043849348556250334
256888,0.04263835004530847
256894,0.043673146748915315
256909,0.053562942426651716
256918,0.17706096358597279
256927,0.06436230195686221
256931,0.02481521398294717
256933,0.05811232980340719
256937,0.1284330552443862
256950,0.07296036696061492
256955,0.023694911506026983
256962,0.05997488694265485
256972,0.009832760784775019
256985,0.09377778833732009
256987,0.12285180296748877
256993,0.005586420651525259
257000,0.19860628992319107
257017,0.004081440274603665
257019,0.14616047870367765
257020,0.16544099058955908
257022,0.018397800624370575
257023,0.05824883654713631
257025,0.03973206412047148
257050,0.032254313002340496
257056,0.013953492045402527
257060,0.06259405286982656
257064,0.024281691061332822
257066,0.018280269287060946
257071,0.03357437578961253
257073,0.017682942794635892
257076,0.0177846304140985
257084,0.061428213492035866
257088,0.08072836045175791
257102,0.040295655839145184
257118,0.0765053010545671
257119,0.07005519280210137
257120,0.04821449890732765
257131,0.04151926119811833
257145,0.1513339877128601
257150,0.027194739668630064
257154,0.08523988770321012
257169,0.11899679666385055
257192,0.16784967295825481
257200,0.02330016193445772
257204,0.020877422532066703
257205,0.23811305314302444
257213,0.017183040850795805
257216,0.02866141509730369
257219,0.01614346366841346
257232,0.026248599984683096
257234,0.016305672761518508
257244,0.08025679970160127
257251,0.011558867525309324
257255,0.04858787637203932
257260,0.019124413549434394
257263,0.11534165404736996
257267,0.09075038461014628
257277,0.043109002988785505
257293,0.014073224214371294
257294,0.05854260711930692
257304,0.0058388620091136545
257307,0.007595758565003052
257312,0.03069863677956164
257324,0.09531846595928073
257325,0.16857339534908533
257326,0.026221280568279326
257353,0.024636255111545324
257354,0.01908970740623772
257369,0.03526928508654237
257372,0.016673176316544414
257375,0.02283895097207278
257388,0.059693251736462116
257393,0.008974353317171335
257395,0.02218401076970622
257399,0.13491809368133545
257406,0.02081154240295291
257409,0.04986295895650983
257437,0.038067036075517535
257441,0.03419268969446421
257442,0.0784000139683485
257473,0.01655169832520187
257476,0.03157724696211517
257477,0.29575077444314957
257483,0.25601680763065815
257500,0.2207203097641468
257506,0.14275245554745197
257508,0.06027624290436506
257511,0.2040073685348034
257514,0.02983102248981595
257527,0.2866212446242571
257528,0.11351649323478341
257545,0.03432007669471204
257546,0.05918533354997635
257548,0.03397330944426358
257551,0.01542148069711402
257564,0.08517457684502006
257565,0.1108419168740511
257567,0.08803104655817151
257572,0.019570371718145907
257575,0.04802151583135128
257577,0.290711160749197
257578,0.016720343148335814
257585,0.019401153665967286
257589,0.1038627908565104
257590,0.05031999316997826
257594,0.044791208347305655
257596,0.02078909066040069
257614,0.11078155506402254
257618,0.1024125274270773
257624,0.1631030896678567
257632,0.019875365193001926
257638,0.031708383932709694
257644,0.1285408018156886
257650,0.07606045994907618
257653,0.05701827886514366
257660,0.26722907088696957
257663,0.051925455685704947
257665,0.09504900081083179
257677,0.1283380901440978
257678,0.025713725830428302
257690,0.13326295372098684
257700,0.029281471855938435
257711,0.20542444195598364
257712,0.05939876614138484
257715,0.01979137258604169
257718,0.006892460281960666
257720,0.0682455338537693
257740,0.15773935429751873
257748,0.1520602274686098
257765,0.10426540672779083
257768,0.0597018429543823
257777,0.014409620489459485
257778,0.07637280086055398
257785,0.04557552095502615
257789,0.11005912721157074
257794,0.04686968482565135
257796,0.013222972105722874
257821,0.017531037563458085
257823,0.20384046994149685
257832,0.025844796211458743
257844,0.22476448491215706
257848,0.08037930028513074
257854,0.06717882817611098
257861,0.2219194509088993
257872,0.03327766223810613
257875,0.02642510214354843
257876,0.0813452354632318
257883,0.013160357251763344
257888,0.010001537360949442
257895,0.0404162397608161
257900,0.0239668192807585
257906,0.01492359593976289
257907,0.11672842968255281
257920,0.14133554883301258
257921,0.15941108111292124
257926,0.020083575567696244
257932,0.02683846652507782
257940,0.007766802853439003
257947,0.08419894054532051
257953,0.19449507538229227
257958,0.009493118734098971
257967,0.11906878463923931
257977,0.03789442125707865
257986,0.018493483774363995
258012,0.14496916253119707
258013,0.0888725551776588
258031,0.012298330082558095
258034,0.017509152879938483
258037,0.17309171427041292
258051,0.07897369423881173
258056,0.017194647807627916
258058,0.09049461875110865
258066,0.051498865243047476
258074,0.022391818929463625
258077,0.013176528678741306
258090,0.07748022209852934
258109,0.03934546816162765
258114,0.023951047682203352
258124,0.02075589611195028
258127,0.16981618851423264
258141,0.01252071390626952
258148,0.012992922274861485
258151,0.0947171002626419
258163,0.02105521969497204
258166,0.03859479841776192
258169,0.011774357088143006
258179,0.11704677529633045
258190,0.05305892531760037
258193,0.012598413391970098
258207,0.23629039339721203
258220,0.02205112366937101
258222,0.032933277543634176
258223,0.04544870462268591
258225,0.006039776402758434
258227,0.007358441755059175
258231,0.148600859567523
258233,0.2105210069566965
258249,0.006963713909499347
258255,0.03487844578921795
258259,0.09767257608473301
258276,0.030607930617406964
258281,0.22287766449153423
258302,0.02120503003243357
258305,0.10944087989628315
258310,0.06531519768759608
258334,0.12431578431278467
258335,0.041947475168854
258338,0.012180299498140812
258345,0.021703663747757673
258360,0.00929860898759216
258363,0.026866723666898906
258381,0.13006614055484533
258384,0.07695824559777975
258387,0.04295211681164801
258400,0.09548236010596156
258402,0.017913636984303594
258406,0.14560160227119923
258408,0.2965049725025892
258432,0.013324247789569199
258443,0.007033705129288137
258461,0.013701684802072123
258488,0.06348547106608748
258489,0.044255384942516685
258508,0.12377359811216593
258524,0.006567453092429787
258527,0.007401590904919431
258545,0.011747911659767851
258549,0.06594883557409048
258560,0.16283022053539753
258565,0.09944416210055351
258567,0.030753106344491243
258575,0.08084289031103253
258590,0.01546527142636478
258591,0.024399992893449962
258592,0.04315194860100746
258603,0.11101034376770258
258606,0.0379500980488956
258610,0.04607389681041241
258627,0.020956737105734646
258631,0.005243639097898267
258637,0.08212861651554704
258638,0.10007771756500006
258640,0.12964904587715864
258645,0.011779222579207271
258651,0.046931039774790406
258652,0.08196734124794602
258653,0.059090315364301205
258662,0.08480592630803585
258663,0.0126687100273557
258671,0.014065416995435953
258679,0.016219446260947734
258685,0.03952554054558277
258686,0.1875868896022439
258697,0.007707309996476397
258705,0.35564107820391655
258723,0.14637691527605057
258724,0.0158006512792781
258734,0.00853138673119247
258763,0.11520331539213657
258764,0.019681672216393054
258771,0.02349408413283527
258773,0.021528068464249372
258782,0.08565528877079487
258784,0.008969231508672237
258790,0.04602352227084339
258811,0.023823814932256937
258817,0.060320827178657055
258818,0.033146176021546125
258832,0.07250765943899751
258837,0.15249216090887785
258841,0.1373372608795762
258842,0.03227275796234608
258843,0.07738044764846563
258860,0.0056937979243230075
258875,0.030993382446467876
258881,0.019433504668995738
258887,0.004952725110342726
258889,0.04503260157071054
258924,0.10175797715783119
258925,0.11446575680747628
258948,0.04794173361733556
258949,0.017977458832319826
258963,0.07906453218311071
258964,0.042189999017864466
258966,0.3174182251095772
258973,0.09282458573579788
258974,0.007528389833169058
258979,0.05365558993071318
258989,0.061084112618118525
258997,0.017319012607913464
259001,0.07558858394622803
259013,0.19536116067320108
259018,0.027102576452307403
259020,0.34119800850749016
259031,0.09892492881044745
259044,0.09889411460608244
259050,0.131432568654418
259064,0.028362403390929103
259078,0.08012521173804998
259088,0.18666753079742193
259124,0.00964001117972657
259125,0.058679735753685236
259135,0.02605475892778486
259137,0.14160654414445162
259146,0.02111960668116808
259148,0.19637938495725393
259168,0.04289767052978277
259178,0.022191577416379005
259194,0.01706927578197792
259198,0.032888822024688125
259204,0.02451663964893669
259209,0.01711898308712989
259223,0.010454229195602238
259228,0.047003830317407846
259234,0.22084863856434822
259237,0.02477347874082625
259246,0.029430659487843513
259247,0.019705597078427672
259249,0.09501777915284038
259264,0.02983427350409329
259274,0.05716065759770572
259281,0.08876056130975485
259283,0.08415057277306914
259284,0.04662698367610574
259285,0.02049370389431715
259286,0.017231169273145497
259291,0.06130665820091963
259304,0.013548540766350925
259309,0.030215564649552107
259322,0.03649387718178332
259323,0.24829977937042713
259331,0.05974446679465473
259339,0.021649146336130798
259344,0.020146111375652254
259350,0.06478957226499915
259353,0.03166054468601942
259356,0.025956708122976124
259365,0.1452586306259036
259377,0.10224626120179892
259397,0.020986198098398745
259403,0.10756132658571005
259411,0.008117059012874961
259415,0.04424299160018563
259420,0.0648446842096746
259423,0.13619197811931372
259424,0.03332610288634896
259431,0.03919354034587741
259434,0.03230365691706538
259438,0.04218530235812068
259439,0.055426964769139886
259441,0.010455348383402452
259452,0.017925388179719448
259460,0.05706166033633053
259471,0.030536361737176776
259483,0.035914607578888535
259494,0.016221592901274562
259496,0.03130968497134745
259500,0.12086740508675575
259512,0.036783451680094004
259526,0.03218869888223708
259528,0.057878801599144936
259548,0.018559843068942428
259568,0.07964026695117354
259593,0.12781008053570986
259603,0.05438951263204217
259611,0.019003111112397164
259620,0.11048425501212478
259621,0.19896460697054863
259623,0.03754497040063143
259633,0.01659508002921939
259648,0.04058060678653419
259678,0.01864730194211006
259691,0.007327337603783235
259693,0.012566693651024252
259708,0.0909024691209197
259720,0.026224808301776648
259734,0.015006568166427314
259741,0.07917488366365433
259749,0.024636587011627853
259750,0.005669738427968696
259752,0.004935868724714965
259755,0.03697568876668811
259759,0.07075473526492715
259776,0.03785002138465643
259779,0.041717583779245615
259790,0.1022951495833695
259797,0.037638756679371
259799,0.06798727810382843
259804,0.07039090199396014
259807,0.08526787720620632
259810,0.240720983594656
259811,0.329154409468174
259822,0.016372991143725812
259833,0.01280317542841658
259838,0.008118684723740444
259844,0.215086093172431
259846,0.09912177920341492
259848,0.02284157183021307
259861,0.09673437708988786
259867,0.030568414251320064
259876,0.1005763579159975
259880,0.02157415368128568
259897,0.04115039482712746
259908,0.07892326405271888
259912,0.013938845659140497
259920,0.048912260914221406
259922,0.02152856602333486
259928,0.0707825836725533
259932,0.00407269450079184
259946,0.01131289842305705
259962,0.1373255793005228
259982,0.020999071188271046
259985,0.00927169670467265
259994,0.167860577814281
259996,0.14219664502888918
260000,0.03723354614339769
260007,0.49279939010739326
260018,0.13534420263022184
260021,0.06164682423695922
260038,0.03961709910072386
260051,0.19771595485508442
260052,0.01937120215734467
260070,0.01993873657193035
260074,0.037992489989846945
260080,0.03951207548379898
260092,0.015389146865345538
260097,0.007597314950544387
260101,0.0031426292698597535
260108,0.007369022234342992
260117,0.026857459568418562
260129,0.02099601097870618
260142,0.011914079484995455
260145,0.024322811630554497
260146,0.0889829657971859
260147,0.0787798729725182
260148,0.284904507920146
260153,0.01577136863488704
260156,0.014248767693061382
260171,0.021686854073777795
260202,0.005520144914044067
260221,0.038693052949383855
260222,0.07754792738705873
260226,0.0971033489331603
260227,0.08272663690149784
260247,0.026086203288286924
260251,0.01905838621314615
260261,0.005940735820331611
260264,0.020412585814483464
260266,0.01742038771044463
260268,0.07354010548442602
260289,0.06615096796303988
260301,0.04048845334909856
260316,0.031390182906761765
260348,0.02169863402377814
260359,0.11524251429364085
260364,0.09454261790961027
260391,0.08792724879458547
260422,0.058062578085809946
260435,0.026986473822034895
260438,0.117441494949162
260446,0.004755347297759727
260447,0.2583910319954157
260458,0.04736896837130189
260461,0.11144221294671297
260469,0.0714147794060409
260471,0.04308223235420883
260482,0.30271713621914387
260484,0.02018910425249487
260487,0.07773478096351027
260489,0.08389248140156269
260500,0.12019879836589098
260508,0.035666231997311115
260509,0.12352914921939373
260512,0.07519270991906524
260525,0.037580507807433605
260530,0.18531001266092062
260533,0.030001780716702342
260538,0.18455772381275892
260541,0.22309927642345428
260546,0.07783915381878614
260551,0.006668607791652903
260556,0.17942716646939516
260561,0.00882674878812395
260566,0.007102349249180406
260572,0.032693532994017005
260579,0.1821328243240714
260582,0.21103795245289803
260583,0.02773365005850792
260584,0.07106582820415497
260586,0.0663223888259381
260589,0.08198677422478795
260608,0.16853742767125368
260632,0.01509761082706973
260634,0.032041119411587715
260635,0.12237461470067501
260645,0.03330146032385528
260659,0.026628939202055335
260665,0.02724874299019575
260673,0.09349112585186958
260675,0.2106576170772314
260676,0.0364498405251652
260700,0.27212904021143913
260721,0.3320046588778496
260723,0.15381754748523235
260732,0.01323146844515577
260738,0.009633605339331552
260748,0.05544967204332352
260782,0.07736186170950532
260806,0.03011585818603635
260820,0.08481912547722459
260825,0.11084120906889439
260830,0.035914243664592505
260844,0.07012871885672212
260858,0.06068991404026747
260860,0.05103016970679164
260863,0.0829864526167512
260867,0.0062697422108612955
260875,0.01929772912990302
260877,0.24908219277858734
260902,0.1421985263004899
260910,0.05057638278231025
260913,0.03771105199120939
260923,0.045962509931996465
260926,0.1954652313143015
260936,0.018381571862846613
260937,0.26738457567989826
260948,0.059341336134821177
260949,0.040069805923849344
260959,0.08587155444547534
260962,0.3127575572580099
260986,0.15170185174793005
260988,0.03799389931373298
260992,0.13755228742957115
260997,0.024853015784174204
261007,0.04675072152167559
261031,0.015616635035257787
261039,0.10547886695712805
261044,0.021705347462557256
261055,0.052657971158623695
261058,0.07901701191440225
261069,0.015443037555087358
261079,0.048071640310809016
261084,0.006960997678106651
261097,0.06144158774986863
261101,0.009200688975397497
261111,0.10080732824280858
261115,0.030153760220855474
261116,0.15704223234206438
261121,0.011641799937933683
261124,0.08641370385885239
261126,0.0427685605827719
261132,0.01476599310990423
261161,0.020136047969572246
261162,0.03445881023071706
261175,0.020738697610795498
261187,0.03024724405258894
261191,0.0418978868983686
261195,0.011037657561246306
261197,0.11068257410079241
261204,0.06965359998866916
261231,0.01344672276172787
261248,0.027982030529528856
261263,0.019858713319990784
261268,0.17573835421353579
261273,0.08471724996343255
261274,0.01430252764839679
261277,0.1780892014503479
261283,0.010760805278550833
261293,0.07330343755893409
261302,0.1995359342545271
261309,0.04572252323850989
261318,0.0449240158777684
261340,0.10547949280589819
261346,0.00881960679544136
261355,0.02528043813072145
261357,0.025662831496447325
261365,0.0634344988502562
261366,0.19457309320569038
261376,0.03258932998869568
261380,0.1472871694713831
261385,0.4246607534587383
261403,0.037323061376810074
261416,0.18653857242316008
261424,0.09605869324877858
261425,0.054161070846021175
261431,0.00611863360973075
261433,0.017338703386485577
261435,0.038366001565009356
261440,0.05143225844949484
261450,0.01165061944629997
261456,0.2404101025313139
261464,0.14867203496396542
261465,0.029095378005877137
261473,0.020931555307470262
261475,0.03174613323062658
261476,0.1147900503128767
261480,0.012348490883596241
261481,0.02805268974043429
261495,0.024382882984355092
261500,0.031784977996721864
261506,0.022188806731719524
261544,0.033877817215397954
261551,0.01563155767507851
261566,0.09189896797761321
261573,0.16268137097358704
261587,0.03476917580701411
261592,0.022462971275672317
261594,0.031733940821141005
261626,0.011391765961889178
261635,0.007755703874863684
261649,0.014656473067589104
261653,0.024143132381141186
261660,0.11742825340479612
261668,0.032955128815956414
261669,0.03360067121684551
261676,0.029103399720042944
261688,0.014370779099408537
261691,0.042342679342254996
261699,0.020043899537995458
261704,0.061176558025181293
261718,0.174390965141356
261719,0.07080290606245399
261735,0.023957966128364205
261742,0.008103931497316808
261746,0.33124259673058987
261749,0.02807160303927958
261759,0.08706537960097194
261763,0.07329990295693278
261772,0.027606049086898565
261795,0.029662147513590753
261798,0.03047293541021645
261804,0.014148708374705166
261806,0.03854146087542176
261813,0.15289991721510887
261814,0.04529131995514035
261827,0.007428396318573505
261835,0.010593946441076696
261839,0.15556142013520002
261840,0.031046902993693948
261845,0.012939987820573151
261846,0.012733145500533283
261850,0.01672776835039258
261853,0.010324698407202959
261870,0.18247306533157825
261871,0.04209125670604408
261883,0.19244613777846098
261885,0.02016516192816198
261888,0.0773009117692709
261892,0.034279059153050184
261895,0.028092641849070787
261906,0.0272437680978328
261912,0.19838498905301094
261918,0.03189271781593561
261926,0.017868275579530746
261930,0.004771847714437172
261947,0.027573692495934665
261956,0.03548669093288481
261958,0.056165002286434174
261960,0.059867009753361344
261961,0.39937906339764595
261965,0.04794525890611112
261967,0.5342983715236187
261968,0.010893403959926218
261974,0.042961745988577604
261980,0.036881751380860806
261981,0.13225596584379673
261983,0.04251750838011503
261992,0.10371946729719639
261998,0.06962423538789153
262002,0.020055215689353645
262006,0.050462785409763455
262014,0.004968827764969319
262017,0.013115804817061871
262021,0.33034815825521946
262038,0.10628771828487515
262040,0.0445972285233438
262043,0.04986169538460672
262052,0.017780559370294213
262054,0.02526715083513409
262056,0.01794350874843076
262058,0.014656629704404622
262062,0.17342244274914265
262065,0.08113335445523262
262067,0.01600999740185216
262070,0.04093593521974981
262078,0.01568597846198827
262084,0.07827664073556662
262091,0.4540734551846981
262092,0.12870019767433405
262112,0.09299504850059748
262114,0.0074294087826274335
262132,0.021627700072713196
262140,0.311808655038476
262152,0.08529479382559657
262159,0.06440060073509812
262172,0.08855686848983169
262180,0.03087952418718487
262181,0.03962559555657208
262188,0.29569186829030514
262202,0.02691667270846665
262206,0.013346205814741552
262213,0.10496760671958327
262227,0.08963594865053892
262239,0.06962392036803067
262243,0.01581921661272645
262246,0.027669138740748167
262251,0.03967659710906446
262269,0.0025914943835232407
262272,0.05122235952876508
262276,0.07972611440345645
262277,0.02694219455588609
262278,0.13748093880712986
262281,0.022792378440499306
262298,0.020235180272720754
262308,0.024400572408922017
262316,0.013422542600892484
262320,0.004679636709624901
262321,0.1134113809093833
262337,0.10444923397153616
262354,0.09910301957279444
262362,0.03174135624431074
262364,0.017622458282858133
262365,0.015407970058731735
262372,0.031768156215548515
262373,0.028718725545331836
262380,0.05063700396567583
262392,0.07466602697968483
262399,0.0884513477794826
262407,0.08952663280069828
262418,0.09520612750202417
262429,0.07945289881899953
262430,0.006445872539188713
262446,0.16776499897241592
262455,0.005523002822883427
262459,0.03194427117705345
262475,0.016617132525425404
262478,0.19748012628406286
262492,0.043993219966068864
262520,0.04079705849289894
262535,0.10272890189662576
262537,0.016216209158301353
262538,0.040161744225770235
262541,0.010686273977626115
262554,0.3193954471498728
262559,0.05193226016126573
262561,0.18390871305018663
262562,0.02507551619783044
262575,0.11065997648984194
262576,0.05758449761196971
262579,0.019610981573350728
262581,0.47218549624085426
262590,0.05249981954693794
262599,0.03363372478634119
262607,0.03484357544220984
262608,0.016598026093561202
262613,0.04283583862707019
262620,0.12632081843912601
262621,0.2475203350186348
262622,0.011149896774441004
262623,0.1771274982020259
262629,0.011536817590240389
262633,0.1038413979113102
262650,0.019313474651426077
262655,0.09113996243104339
262659,0.03843504935503006
262660,0.1285525495186448
262663,0.06425514724105597
262665,0.048550207167863846
262666,0.008144443796481937
262679,0.07393517741002142
262681,0.14775375090539455
262702,0.029218542156741023
262705,0.029494245070964098
262716,0.044469850370660424
262725,0.15779366064816713
262732,0.02722155104856938
262743,0.007837532670237124
262749,0.048342495458200574
262752,0.197844373062253
262756,0.061058362014591694
262758,0.09751542937010527
262772,0.18979561515152454
262784,0.10319533012807369
262791,0.03261049999855459
262793,0.12575671914964914
262802,0.21027288027107716
262814,0.27236905694007874
262817,0.021119735320098698
262820,0.008327146904775873
262827,0.04927104734815657
262832,0.021986354724504054
262845,0.013612931245006621
262847,0.03348851948976517
262859,0.10767143312841654
262862,0.11809395672753453
262864,0.07845374243333936
262865,0.07313582161441445
262887,0.00851027196040377
262914,0.02112190832849592
262939,0.03352568484842777
262943,0.1200013617053628
262958,0.0816070782020688
262963,0.08406202867627144
262970,0.01944826089311391
262979,0.15725148562341928
262986,0.03063163487240672
263004,0.02745654236059636
263015,0.015526152797974646
263016,0.06875091209076345
263028,0.04743823525495827
263029,0.14789788238704205
263031,0.02864302776288241
263044,0.035859168507158756
263046,0.03600596636533737
263056,0.04825157392770052
263059,0.03624797472730279
263061,0.2100059911608696
263077,0.032872791634872556
263087,0.01658933248836547
263105,0.09565724059939384
263116,0.13915876485407352
263120,0.03287088987417519
263127,0.3443753831088543
263137,0.10036457469686866
263166,0.026176340878009796
263175,0.1040637968108058
263184,0.0714328926987946
263185,0.03481272608041763
263205,0.030700829811394215
263208,0.019613783224485815
263210,0.20921785198152065
263220,0.049074162961915135
263224,0.0785744832828641
263228,0.03706975723616779
263240,0.027059110230766237
263243,0.09192742500454187
263288,0.024530522525310516
263290,0.0253793322481215
263306,0.008050878008361906
263312,0.01404868729878217
263319,0.007889714790508151
263326,0.008287227363325655
263331,0.014125935675110668
263339,0.04538277327083051
263347,0.019069646601565182
263353,0.020340139511972666
263355,0.05392262293025851
263368,0.11802132800221443
263408,0.027605778886936605
263414,0.04252813360653818
263421,0.012320798879954964
263440,0.017858866252936423
263458,0.06552957044914365
263460,0.016385564347729087
263475,0.03444019053131342
263477,0.02049137034919113
263479,0.07800175016745925
263489,0.11085298750549555
263492,0.06886677583679557
263493,0.09478686051443219
263498,0.03923252387903631
263510,0.06392042385414243
263513,0.09041198715567589
263514,0.009170676756184548
263517,0.10836445819586515
263518,0.011215424339752644
263548,0.01918151427526027
263561,0.0947970268316567
263564,0.10048723081126809
263565,0.10858975071460009
263576,0.008146922860760242
263580,0.1378616699948907
263582,0.005939412774750963
263584,0.01309207483427599
263593,0.24416896142065525
263594,0.16436047106981277
263598,0.030854743323288858
263602,0.09654681896790862
263611,0.015524365997407585
263640,0.13049849588423967
263642,0.06657568411901593
263643,0.04530301713384688
263646,0.041941927978768945
263658,0.025884387781843543
263664,0.008448631997453049
263683,0.011884999054018408
263703,0.05393268493935466
263705,0.047539832070469856
263709,0.008169934852048755
263715,0.006363573746057227
263728,0.035159478546120226
263732,0.07992722187191248
263735,0.02885732229333371
263748,0.12136901821941137
263750,0.0104632115107961
263751,0.05367769883014262
263759,0.06022030208259821
263763,0.010132518189493567
263765,0.006049811214325018
263780,0.0232157742138952
263783,0.028502875822596252
263786,0.1909723849967122
263794,0.08760273782536387
263799,0.006766085512936115
263802,0.04495110455900431
263803,0.04572929604910314
263820,0.09698379784822464
263846,0.07327133044600487
263857,0.014516185212414712
263858,0.03557902225293219
263860,0.09422810515388846
263864,0.07207360537722707
263870,0.007495170924812555
263879,0.023096382268704474
263881,0.037190509494394064
263882,0.01229786389740184
263895,0.038680950878188014
263909,0.3073657378554344
263918,0.1419176673516631
263940,0.04301129840314388
263945,0.010828672704519704
263946,0.13391412049531937
263947,0.017040533712133765
263948,0.018150101881474257
263962,0.1305946744978428
263972,0.1317920619621873
263974,0.006978224264457822
263981,0.021350824856199324
263984,0.07358563831076026
263992,0.15216935239732265
264001,0.010907416115514934
264007,0.11113290209323168
264010,0.016118398518301547
264011,0.20159631967544556
264015,0.011514375219121575
264023,0.09808208188042045
264030,0.07774322247132659
264033,0.026337164570577443
264037,0.022030645981431007
264043,0.026416739565320313
264044,0.02941414387896657
264045,0.2315619420260191
264050,0.009209214244037867
264055,0.02210394770372659
264059,0.022930092411115766
264060,0.14673456363379955
264062,0.06005127797834575
264069,0.06780182337388396
264077,0.0317747313529253
264078,0.0258662294363603
264087,0.020221522077918053
264094,0.10756730195134878
264095,0.16915826499462128
264112,0.05395351932384074
264113,0.10517538664862514
264131,0.02183662005700171
264145,0.023289909469895065
264148,0.018833949987310916
264157,0.15652840491384268
264161,0.021522055845707655
264173,0.11115465592592955
264188,0.041448553558439016
264195,0.08590566460043192
264198,0.07624631375074387
264199,0.019603915396146476
264207,0.04673231299966574
264209,0.020155395031906664
264226,0.004863741545705125
264227,0.08218011120334268
264243,0.28114952333271503
264246,0.39663898572325706
264252,0.011505529866553843
264254,0.060078372713178396
264259,0.03105843556113541
264274,0.028441378381103277
264280,0.30690648406744003
264285,0.017751568811945617
264299,0.044376846170052886
264331,0.02368198789190501
264334,0.0043045133497798815
264338,0.01852145278826356
264341,0.00948647884069942
264344,0.10490840207785368
264347,0.33746953308582306
264350,0.04684825032018125
264360,0.017526006849948317
264365,0.027885655988939106
264367,0.022967343218624592
264378,0.072589899180457
264381,0.13692144490778446
264397,0.02696487883804366
264401,0.09374133730307221
264405,0.041440669214352965
264417,0.13101470470428467
264422,0.024285724153742194
264423,0.06906709866598248
264424,0.025651521398685873
264436,0.25820028968155384
264441,0.033190455520525575
264451,0.029064534464851022
264453,0.04963825736194849
264457,0.035166182555258274
264460,0.051672968082129955
264464,0.051998196402564645
264469,0.11512366682291031
264485,0.014621428330428898
264491,0.03104532929137349
264505,0.017754146945662796
264535,0.06736075505614281
264538,0.1104170735925436
264541,0.013841424661222845
264544,0.021092483890242875
264545,0.11508258478716016
264549,0.05417904583737254
264557,0.12264120206236839
264563,0.09267674153670669
264569,0.015419572941027582
264574,0.11925312504172325
264587,0.04013059358112514
264608,0.021941885934211314
264610,0.16587028745561838
264621,0.016335806343704462
264627,0.10410971334204078
264642,0.0642381957732141
264644,0.01436206343350932
264655,0.035779381170868874
264660,0.07722105458378792
264667,0.061141200829297304
264691,0.05268701259046793
264694,0.18464975524693727
264695,0.009714018669910729
264700,0.02244496683124453
264709,0.017428486375138164
264712,0.0428404500707984
264714,0.04736086493358016
264722,0.03187563410028815
264728,0.023663479834794998
264742,0.023932121112011373
264744,0.03328559151850641
264748,0.022868742235004902
264760,0.01731580658815801
264763,0.1626541381701827
264771,0.06479996629059315
264773,0.024688183912076056
264782,0.26167239621281624
264786,0.061626582872122526
264787,0.05842813244089484
264809,0.0154039227636531
264811,0.04215932753868401
264822,0.04137312388047576
264823,0.06759580876678228
264831,0.024829048896208405
264834,0.048083989415317774
264841,0.04752879892475903
264848,0.1735784998163581
264849,0.20008932054042816
264863,0.2846464700996876
264867,0.013427477097138762
264874,0.13610126543790102
264875,0.009457812062464654
264877,0.0708411899395287
264897,0.16085280943661928
264900,0.11825641803443432
264906,0.011853133735712618
264909,0.056916473899036646
264913,0.009052522567799315
264922,0.03331277868710458
264924,0.037952198414132
264927,0.16215894743800163
264935,0.021780499548185617
264938,0.2604699358344078
264968,0.040623017121106386
264975,0.047566686291247606
264979,0.012008179677650332
264989,0.05663748877122998
265001,0.04514008085243404
265009,0.11901979427784681
265014,0.029527991078794003
265016,0.04486139304935932
265027,0.1962076909840107
265049,0.02213189867325127
265061,0.1776364278048277
265062,0.03506156138610095
265068,0.026127431076020002
265072,0.07321069203317165
265100,0.03248979477211833
265105,0.036434601061046124
265106,0.051326457876712084
265110,0.019371772883459926
265123,0.030439445516094565
265126,0.3642274960875511
265131,0.11768301762640476
265134,0.0622477934230119
265144,0.017993141314946115
265146,0.2017835322767496
265154,0.11631364189088345
265164,0.07528780633583665
265170,0.05660770880058408
265172,0.006259279994992539
265173,0.020345603057648987
265178,0.03371629083994776
265187,0.10373313538730145
265191,0.07982480805367231
265194,0.5500151477754116
265216,0.014779413933865726
265228,0.013266590016428381
265231,0.009686296572908759
265232,0.0351665960624814
265233,0.05241668736562133
265242,0.06496888026595116
265243,0.023368173046037555
265246,0.02230488753411919
265259,0.2686443943530321
265265,0.44728778675198555
265266,0.017147101229056716
265268,0.13797935098409653
265280,0.016443969565443695
265287,0.012690074741840363
265297,0.03559785382822156
265298,0.06740463944151998
265300,0.037163527915254235
265301,0.020892220549285412
265305,0.1670314073562622
265307,0.04141467600129545
265314,0.05033597815781832
265320,0.019556735176593065
265331,0.07037007273174822
265333,0.09383646119385958
265336,0.015070038789417595
265337,0.04513638908974826
265344,0.052476616809144616
265346,0.0117685726727359
265371,0.020113355538342148
265380,0.03157936129719019
265386,0.022682166076265275
265389,0.06310096988454461
265409,0.07688882481306791
265414,0.024324727011844516
265415,0.021315809804946184
265419,0.009401699062436819
265422,0.0366280791349709
265457,0.05599770904518664
265461,0.08106166357174516
265463,0.05924871331080794
265468,0.1427963087335229
265474,0.11156568164005876
265478,0.017560552805662155
265480,0.2909065615385771
265488,0.09644335741177201
265493,0.05479018064215779
265510,0.056193902157247066
265519,0.03956371801905334
265521,0.18882398400455713
265529,0.0743621508590877
265533,0.14775782730430365
265577,0.02733584842644632
265591,0.039410063764080405
265596,0.19712463580071926
265607,0.011604356346651912
265618,0.05063530965708196
265619,0.027801985503174365
265620,0.018582543591037393
265628,0.19809782691299915
265661,0.02993836486712098
265669,0.024534970754757524
265680,0.11427346151322126
265707,0.07730311527848244
265714,0.04180992883630097
265716,0.004752776105306111
265717,0.32142162695527077
265718,0.030365209793671966
265723,0.07098973076790571
265730,0.0725350147113204
265732,0.01789859472773969
265744,0.1469539226964116
265751,0.06767374975606799
265760,0.09922366635873914
265777,0.0876513384282589
265783,0.11503669898957014
265791,0.10110059008002281
265792,0.03173217247240245
265797,0.0758371357806027
265798,0.010879075794946402
265806,0.013495644205249846
265815,0.048574608750641346
265816,0.17439069412648678
265821,0.013310047565028071
265833,0.007166905445046723
265854,0.017516730295028538
265856,0.13261929247528315
265858,0.028077285503968596
265862,0.21838961355388165
265863,0.06455423403531313
265879,0.1636238070204854
265881,0.017041374463588
265894,0.03978588548488915
265895,0.5596455335617065
265896,0.05367544200271368
265898,0.07077479595318437
265900,0.07073503127321601
265907,0.010341965593397617
265910,0.13585519790649414
265917,0.029600872774608433
265941,0.10388139262795448
265955,0.056883019395172596
265957,0.07114462228491902
265961,0.03156581742223352
265966,0.01698210195172578
265969,0.1122827953658998
265974,0.17688731290400028
265976,0.025233877706341445
265979,0.18496674485504627
265985,0.04814873728901148
265988,0.024265672080218792
265990,0.0846203500404954
265991,0.035736323799937963
265993,0.029605736024677753
265995,0.21024892292916775
266009,0.13423870597034693
266010,0.04846335016191006
266014,0.17360828537493944
266020,0.19693396985530853
266022,0.12795079499483109
266029,0.14990532863885164
266045,0.025121140526607633
266057,0.1781685519963503
266060,0.16098078154027462
266065,0.027540963725186884
266071,0.02169336238875985
266072,0.012648151780012995
266074,0.02672043617349118
266076,0.024279604200273752
266089,0.027664556400850415
266091,0.022131613455712795
266097,0.03726466977968812
266099,0.06367623340338469
266106,0.07628660928457975
266117,0.028103625285439193
266120,0.10497193969786167
266129,0.024870598455891013
266132,0.06013779458589852
266139,0.23010492324829102
266140,0.13772017881274223
266141,0.08229678170755506
266146,0.24225159361958504
266149,0.010561259638052434
266159,0.021943324944004416
266165,0.007077470771037042
266171,0.09263947745785117
266173,0.045840502018108964
266177,0.11450369097292423
266179,0.052849723724648356
266186,0.006714436080073938
266210,0.19601493328809738
266227,0.022580345743335783
266266,0.014386484632268548
266291,0.014686657872516662
266319,0.09668561117723584
266321,0.01498112257104367
266323,0.01061555731575936
266329,0.01106098829768598
266331,0.033162851352244616
266333,0.17495220992714167
266334,0.08949694549664855
266338,0.033626924734562635
266340,0.06453297822736204
266344,0.2237573117017746
266354,0.016243108198978007
266359,0.03983405977487564
266362,0.07387572899460793
266364,0.024018811178393662
266365,0.17380254622548819
266379,0.01600273500662297
266380,0.11260509584099054
266387,0.024973684339784086
266393,0.020043172989971936
266396,0.018702935660257936
266406,0.03234127187170088
266418,0.12613102328032255
266424,0.0331709556048736
266440,0.07540497463196516
266442,0.025575469946488738
266444,0.05912300571799278
266453,0.1470584962517023
266455,0.08085162844508886
266461,0.03267799946479499
266462,0.015163229021709412
266465,0.04398941877298057
266466,0.14052740205079317
266468,0.66254872828722
266471,0.047879873076453805
266479,0.05358962621539831
266499,0.1288791075348854
266536,0.08725434262305498
266543,0.024232805939391255
266544,0.06390526611357927
266556,0.056908666621893644
266561,0.025736884330399334
266573,0.05087352660484612
266578,0.1068467446602881
266590,0.12518124748021364
266596,0.08622193336486816
266624,0.1343893874436617
266629,0.019308445043861866
266635,0.010330913471989334
266644,0.0049764735013013706
266650,0.038334064185619354
266659,0.07828545942902565
266666,0.04968789196573198
266668,0.030980593524873257
266674,0.17745904065668583
266680,0.06092276773415506
266686,0.15513730328530073
266714,0.027902642148546875
266730,0.0576514289714396
266734,0.07523452444002032
266740,0.2177799567580223
266745,0.024474990728776902
266749,0.09581624157726765
266750,0.00749709754018113
266751,0.02547347918152809
266752,0.10023890901356936
266753,0.0235132968518883
266759,0.08902258286252618
266763,0.031153121264651418
266766,0.02123716624919325
266783,0.0453286983538419
266805,0.006091367773478851
266812,0.017764666466973722
266813,0.1358643351122737
266816,0.0236813003430143
266819,0.03662772011011839
266820,0.24482711032032967
266833,0.06060244934633374
266842,0.1584033202379942
266847,0.03148881741799414
266848,0.01310603809542954
266865,0.16402319446206093
266867,0.19432327710092068
266874,0.0576386924367398
266885,0.0440770024433732
266888,0.013246070360764861
266890,0.23740015737712383
266932,0.02637603273615241
266941,0.087511848192662
266942,0.030532272765412927
266948,0.015218261163681746
266959,0.009734649443998933
266977,0.014481762947980314
266983,0.014675174374133348
266984,0.06563634099438787
266999,0.17615876998752356
267000,0.1875034784898162
267023,0.15059425868093967
267031,0.05650417506694794
267035,0.029541157535277307
267046,0.024408806581050158
267050,0.027107582660391927
267058,0.0437878433149308
267070,0.04334537754766643
267079,0.08846923988312483
267080,0.03467456274665892
267093,0.16950144618749619
267094,0.03295923525001854
267102,0.016488571651279926
267107,0.022540851263329387
267108,0.043659575982019305
267113,0.021876843878999352
267127,0.06522570503875613
267136,0.03371300199069083
267143,0.011735261650756001
267155,0.1913570761680603
267180,0.010364200861658901
267182,0.01602365158032626
267184,0.03516440629027784
267192,0.08669807389378548
267195,0.1000998867675662
267220,0.010486611165106297
267228,0.009959251328837126
267237,0.17020798195153475
267241,0.08582438947632909
267242,0.345541724935174
267247,0.09859978500753641
267259,0.062246243469417095
267260,0.20782417245209217
267265,0.055269469041377306
267269,0.24393491260707378
267272,0.03360272920690477
267275,0.020217195036821067
267282,0.19566128589212894
267284,0.3093582969158888
267294,0.041906183352693915
267298,0.009933855442795902
267304,0.09618441201746464
267316,0.1685036076232791
267324,0.03575661173090339
267327,0.020446908427402377
267333,0.012328494223766029
267338,0.01611358136869967
267341,0.06259849318303168
267342,0.034408040810376406
267344,0.04304364393465221
267345,0.19408944249153137
267347,0.012918698601424694
267361,0.19121238961815834
267374,0.042009789729490876
267379,0.023995478288270533
267380,0.0340090140234679
267382,0.02706714265514165
267394,0.04581690253689885
267403,0.15356279909610748
267405,0.09393889037892222
267412,0.012850298546254635
267421,0.19560539722442627
267437,0.05290058488026261
267438,0.012936725048348308
267443,0.012587480014190078
267446,0.01666717871557921
267460,0.08741033636033535
267466,0.13004863075912
267469,0.026804583496414125
267474,0.045781862223520875
267488,0.03231177106499672
267490,0.014856855617836118
267496,0.22263513877987862
267499,0.16150385607033968
267501,0.028327681589871645
267518,0.04616071842610836
267522,0.3769929800182581
267524,0.05774534260854125
267532,0.08746126713231206
267535,0.24726784974336624
267547,0.013977176218759269
267550,0.00775194400921464
267559,0.09973714407533407
267581,0.034499955363571644
267586,0.06542156985960901
267588,0.4134087674319744
267592,0.040061293402686715
267597,0.014694652461912483
267600,0.026338848867453635
267608,0.02400609222240746
267620,0.041357545647770166
267625,0.09600990870967507
267628,0.041886897291988134
267633,0.05680996901355684
267639,0.053941008634865284
267649,0.12921622022986412
267659,0.06941067008301616
267662,0.09612409211695194
267671,0.06881603971123695
267672,0.004507265024585649
267677,0.047971798572689295
267679,0.07588921254500747
267682,0.036014447920024395
267687,0.09045364195480943
267689,0.01696682267356664
267690,0.014716722071170807
267707,0.06392668886110187
267709,0.03239853400737047
267716,0.01310502935666591
267738,0.018630783772096038
267744,0.07470484264194965
267752,0.04474787996150553
267754,0.07564502861350775
267755,0.2872595302760601
267757,0.03289662743918598
267758,0.15780942235141993
267767,0.23631728440523148
267771,0.04477600799873471
267808,0.11838291771709919
267815,0.16347154136747122
267833,0.18543580267578363
267841,0.017830399563536048
267843,0.05238717305473983
267847,0.041985813761129975
267857,0.006383908097632229
267869,0.0735126524232328
267881,0.14852125942707062
267887,0.06246183114126325
267890,0.018185967637691647
267892,0.248597152531147
267895,0.07004612451419234
267899,0.030583161977119744
267906,0.025549866259098053
267912,0.1294596530497074
267917,0.14307931065559387
267927,0.010327589872758836
267930,0.012236088456120342
267934,0.03412538976408541
267950,0.016693379264324903
267965,0.030795779079198837
267966,0.031316849403083324
267976,0.011541542364284396
267998,0.025525890290737152
267999,0.01945071725640446
268012,0.034704908495768905
268013,0.07974658440798521
268014,0.017604432650841773
268020,0.024423730093985796
268028,0.242070522159338
268032,0.021093006478622556
268039,0.03149915696121752
268041,0.028623055550269783
268046,0.04608533182181418
268059,0.17434390541166067
268064,0.09869397198781371
268066,0.04289603000506759
268073,0.18684559501707554
268077,0.020468378672376275
268085,0.04571885825134814
268090,0.20505406893789768
268109,0.12403165549039841
268139,0.10030848952010274
268151,0.07062097499147058
268153,0.025381029932759702
268155,0.11689101625233889
268163,0.0216258600121364
268166,0.007454566250089556
268185,0.009873827686533332
268189,0.014801704965066165
268190,0.04016600688919425
268192,0.04174816748127341
268211,0.023221409297548234
268213,0.01786030927905813
268214,0.025300212088041008
268220,0.058683403534814715
268225,0.03384263091720641
268227,0.14858891535550356
268230,0.06602128641679883
268247,0.20382883306592703
268250,0.06128613743931055
268268,0.09960462711751461
268269,0.032009009970352054
268271,0.11344719119369984
268274,0.053157736314460635
268280,0.1716987108811736
268291,0.05309459753334522
268299,0.02077372558414936
268301,0.06803321046754718
268306,0.02946117939427495
268307,0.26042234897613525
268310,0.015881908766459674
268317,0.12629834935069084
268328,0.011218190804356709
268329,0.0038301250751828775
268337,0.07040717033669353
268338,0.011193594778887928
268357,0.013905716070439667
268363,0.05909020104445517
268373,0.006390154623659328
268380,0.10323817236348987
268386,0.06993940938264132
268394,0.01223248423775658
268407,0.015904151077847928
268411,0.075407974421978
268417,0.019665904226712883
268421,0.25526201725006104
268422,0.0716199092566967
268426,0.050873141968622804
268427,0.04200949566438794
268439,0.09904317324981093
268445,0.03776639397256076
268446,0.01821677153930068
268459,0.07337531726807356
268465,0.149784654378891
268466,0.060647294856607914
268495,0.0035058767316513695
268497,0.09625620674341917
268504,0.1342859212309122
268508,0.24963407032191753
268513,0.2021169438958168
268525,0.01656764472136274
268545,0.04702575248666108
268546,0.0341667493339628
268550,0.017604926833882928
268568,0.012098409235477448
268570,0.18785673938691616
268590,0.0168749219737947
268591,0.10679242573678493
268602,0.027190500986762345
268609,0.020227589993737638
268616,0.019539009255822748
268623,0.05209544883109629
268645,0.07700660172849894
268652,0.1419754233211279
268668,0.11853786651045084
268685,0.010288869845680892
268707,0.0122992709511891
268711,0.07821515994146466
268714,0.03841888695023954
268736,0.023307727533392608
268746,0.21129361912608147
268747,0.02843442850280553
268749,0.08962357696145773
268760,0.1698160544037819
268761,0.0044795823050662875
268764,0.24333052337169647
268781,0.008033165242522955
268790,0.07365343673154712
268799,0.00994757132139057
268809,0.03973073931410909
268814,0.033959117834456265
268817,0.013733766856603324
268822,0.0032380065240431577
268827,0.12900652177631855
268828,0.040953608229756355
268829,0.09764897171407938
268845,0.05209543090313673
268853,0.00559060531668365
268859,0.013969480118248612
268900,0.004267405020073056
268911,0.024125852156430483
268913,0.20563100837171078
268917,0.11022006068378687
268930,0.09882099693641067
268934,0.02252909552771598
268935,0.09474726859480143
268938,0.022063813754357398
268948,0.008357508748304099
268950,0.09719302179291844
268958,0.006267267162911594
268975,0.022888951702043414
268982,0.027775801485404372
268983,0.039122042478993535
268997,0.03195525333285332
269009,0.03781870333477855
269012,0.08374047186225653
269017,0.1555232759565115
269031,0.13742412347346544
269038,0.23634212650358677
269041,0.05266778846271336
269045,0.040187384001910686
269050,0.01761991821695119
269056,0.02246239990927279
269058,0.040654998854734004
269060,0.027306876610964537
269067,0.13013863610103726
269082,0.044005593517795205
269098,0.06746784644201398
269105,0.03204302326776087
269117,0.0858997730538249
269123,0.20878872647881508
269128,0.029079113621264696
269143,0.08108225278556347
269149,0.0924519868567586
269162,0.21620428934693336
269168,0.05626214109361172
269172,0.1792053310200572
269175,0.1987743154168129
269189,0.035876145120710135
269194,0.030325066996738315
269197,0.03515722183510661
269204,0.135303920134902
269211,0.0268018419155851
269217,0.12596541456878185
269222,0.06494188355281949
269227,0.016795237199403346
269228,0.09852828178554773
269232,0.05925005953758955
269250,0.12848882656544447
269251,0.01909373002126813
269257,0.20673900097608566
269262,0.013945286278612912
269263,0.02804062608629465
269267,0.036617291742004454
269275,0.027356540434993804
269276,0.010531733103562146
269279,0.006586280986084603
269293,0.27736280485987663
269300,0.13710256293416023
269305,0.039489854825660586
269309,0.023172305896878242
269317,0.15981884952634573
269352,0.21594391204416752
269377,0.06280839955434203
269378,0.02133294427767396
269389,0.018300728523172438
269392,0.02927276468835771
269394,0.031018796609714627
269402,0.21046314761042595
269408,0.009669753286289051
269410,0.014139488572254777
269417,0.04780004173517227
269421,0.12802750244736671
269462,0.03940840088762343
269481,0.020574243622832
269488,0.08057534974068403
269489,0.02244350779801607
269491,0.08802782697603106
269495,0.025866047479212284
269503,0.003334336717671249
269510,0.138130952604115
269515,0.20046033803373575
269522,0.03330781916156411
269523,0.03211837646085769
269536,0.026411835569888353
269537,0.04364344594068825
269549,0.012337026128079742
269571,0.17404161673039198
269576,0.013680899573955685
269587,0.12860026583075523
269595,0.028043120866641402
269601,0.06808770634233952
269610,0.4737258478999138
269618,0.016720650251954794
269620,0.06546168751083314
269623,0.011567850538995117
269637,0.10387059580534697
269642,0.014378149586264044
269652,0.03370230668224394
269655,0.011626859661191702
269661,0.17118133325129747
269663,0.05906268348917365
269665,0.011885868123499677
269666,0.02364920428954065
269667,0.013608739769551903
269673,0.060837488155812025
269693,0.04213316319510341
269701,0.06710573192685843
269702,0.030000315397046506
269704,0.08807795774191618
269718,0.19538810849189758
269727,0.017898032383527607
269732,0.06477055163122714
269736,0.08756997669115663
269738,0.04242505575530231
269741,0.02436575957108289
269744,0.01270690152887255
269749,0.28949048928916454
269750,0.03629077645018697
269758,0.05582112190313637
269775,0.07848401600494981
269776,0.03252155939117074
269777,0.07657170435413718
269789,0.004862430534558371
269794,0.03798346174880862
269797,0.06053962232545018
269807,0.2717405688017607
269813,0.03554585506208241
269844,0.042756082490086555
269848,0.1923450566828251
269871,0.02761320909485221
269877,0.02205680462066084
269878,0.045488811330869794
269887,0.031094027683138847
269904,0.014778618584387004
269913,0.2766612432897091
269938,0.13645295519381762
269941,0.24103810265660286
269953,0.10718416795134544
269954,0.029774898197501898
269955,0.029900952009484172
269958,0.16410569567233324
269960,0.037704870104789734
269966,0.029425621032714844
269975,0.020517667406238616
269978,0.03215065295808017
269989,0.09752374282106757
269993,0.01082095259334892
269998,0.0421284653712064
270001,0.15956704318523407
270020,0.03137769713066518
270023,0.08159628743305802
270028,0.038162060314789414
270048,0.08100134739652276
270061,0.10712442826479673
270062,0.23655106127262115
270096,0.24229337461292744
270108,0.018927420605905354
270118,0.018026157515123487
270120,0.06718470808118582
270122,0.03904972830787301
270127,0.09206497529521585
270131,0.06220884062349796
270142,0.011834094824735075
270146,0.01720379013568163
270148,0.024471389246173203
270152,0.00859694805694744
270165,0.011956009140703827
270170,0.016772758681327105
270188,0.01652339188149199
270204,0.10341654811054468
270235,0.03290792787447572
270243,0.18355238903313875
270254,0.046944645466282964
270265,0.011819775332696736
270270,0.15577525459229946
270287,0.03623023256659508
270295,0.029725362895987928
270296,0.0051538443949539214
270302,0.024048478808254004
270304,0.22219674102962017
270307,0.009144025476416573
270310,0.13881181366741657
270317,0.016482799663208425
270324,0.07158964080736041
270326,0.03299068589694798
270337,0.021487333928234875
270363,0.11597155127674341
270371,0.02447919442784041
270373,0.013783675676677376
270375,0.017086931969970465
270376,0.04300702246837318
270379,0.005784905835753307
270383,0.25662032701075077
270390,0.018848896666895598
270393,0.027278558583930135
270402,0.024904155055992305
270410,0.08879056805744767
270411,0.02781182457692921
270412,0.15763451997190714
270415,0.04076246824115515
270417,0.09412847878411412
270436,0.23787389881908894
270440,0.013346681487746537
270449,0.0159420202835463
270450,0.10020445473492146
270457,0.17137990705668926
270460,0.012491124507505447
270461,0.009131321683526039
270467,0.009684854972874746
270473,0.07940991036593914
270486,0.14520480204373598
270488,0.06236698944121599
270513,0.0374578342307359
270518,0.06663211900740862
270522,0.0626478511840105
270526,0.014508439518976957
270532,0.028833139454945922
270545,0.18073327094316483
270548,0.13204691465944052
270550,0.012336912099272013
270562,0.14832444582134485
270564,0.009827360394410789
270571,0.017855401267297566
270572,0.03213111497461796
270574,0.0749874678440392
270575,0.10563052212819457
270579,0.06878069043159485
270612,0.12758870143443346
270613,0.08485770877450705
270622,0.00560249321279116
270636,0.03454153798520565
270643,0.02623243909329176
270644,0.01319422124652192
270645,0.037804073886945844
270658,0.13317514024674892
270661,0.035052034771069884
270665,0.028568621957674623
270676,0.34022917225956917
270685,0.0517059164121747
270695,0.06772111775353551
270712,0.06498897774145007
270719,0.03387103066779673
270740,0.015400136937387288
270753,0.03588895802386105
270756,0.022396991262212396
270759,0.10790550196543336
270760,0.009726597054395825
270764,0.11807111091911793
270767,0.02864289074204862
270778,0.0029493168112821877
270782,0.10552096460014582
270794,0.2549746707081795
270795,0.23287214152514935
270799,0.03553317743353546
270807,0.2100907824933529
270821,0.035307515412569046
270826,0.0500144453253597
270829,0.0441287150606513
270831,0.022048852406442165
270843,0.052711664699018
270844,0.1329638957977295
270847,0.013500749773811549
270854,0.0060835679760202765
270856,0.14408501982688904
270861,0.014516486786305904
270862,0.03571538138203323
270864,0.16325603798031807
270881,0.023683052510023117
270883,0.1339489482343197
270885,0.22083306033164263
270888,0.03630519495345652
270894,0.008881286950781941
270906,0.08110871911048889
270914,0.01617677416652441
270919,0.02481612074188888
270935,0.049509985372424126
270945,0.06571399234235287
270957,0.06355595588684082
270966,0.02965075906831771
270970,0.20217964425683022
270971,0.06581658124923706
270976,0.05246625607833266
270977,0.41068538650870323
270978,0.02455357345752418
270979,0.04432894801720977
270982,0.04538654419593513
270987,0.08617274183779955
270989,0.1162105267867446
270991,0.0623174449428916
270992,0.0069335321604739875
270993,0.014978735067415982
270997,0.3795124925673008
271010,0.25734105333685875
271025,0.019245155388489366
271037,0.035921836737543344
271038,0.017584169225301594
271054,0.03707133582793176
271056,0.47073937207460403
271065,0.023738523363135755
271070,0.02843069506343454
271095,0.012667468399740756
271099,0.01021599827799946
271102,0.014278895687311888
271103,0.06713706627488136
271105,0.22037255950272083
271106,0.08606563648208976
271117,0.04560837661847472
271134,0.1657154569402337
271135,0.10922398511320353
271137,0.16860653646290302
271145,0.1267244489863515
271149,0.07886621309444308
271195,0.035347254713997245
271199,0.07155414670705795
271200,0.23859597742557526
271220,0.0373058901168406
271233,0.1263827970251441
271234,0.11822106409817934
271236,0.07703122450038791
271248,0.009771717071998864
271250,0.19480937998741865
271251,0.03712431341409683
271255,0.027285939431749284
271261,0.015718046692200005
271269,0.021373318159021437
271276,0.021697093616239727
271296,0.22630120441317558
271304,0.1851271688938141
271314,0.009097693604417145
271318,0.0067215386661700904
271322,0.006144181679701433
271325,0.040852634236216545
271354,0.04922976065427065
271355,0.05896782549098134
271359,0.027341413660906255
271361,0.03285046829842031
271363,0.3964720033109188
271367,0.11158060003072023
271368,0.03985212417319417
271369,0.035787733271718025
271393,0.23151120264083147
271409,0.08357637282460928
271415,0.05804240913130343
271418,0.15502979420125484
271429,0.15116348210722208
271431,0.025347380549646914
271432,0.2128413524478674
271442,0.06257670558989048
271446,0.1370598254725337
271448,0.08418030524626374
271450,0.43631265312433243
271452,0.03634141385555267
271460,0.12683278787881136
271461,0.1632980415597558
271472,0.016989479190669954
271496,0.04516884428448975
271515,0.026927921921014786
271527,0.07635408500209451
271537,0.10506687592715025
271544,0.04876846261322498
271562,0.030944921541959047
271565,0.026142404647544026
271566,0.0843846439383924
271567,0.030974694294855
271570,0.1045500822365284
271576,0.028279142454266548
271582,0.20984588004648685
271586,0.04628793499432504
271593,0.05479138903319836
271598,0.014277352427598089
271606,0.01955495891161263
271607,0.023221707437187433
271616,0.1904172981157899
271617,0.02125175390392542
271624,0.018285277066752315
271638,0.037503502797335386
271652,0.025702726445160806
271657,0.02011279168073088
271662,0.02149828406982124
271665,0.02637540374416858
271667,0.02310386684257537
271670,0.05776558956131339
271675,0.05829745577648282
271679,0.22340446524322033
271682,0.14512494765222073
271696,0.031936411978676915
271699,0.008626126596936956
271733,0.014966791146434844
271739,0.0321805642452091
271746,0.01462511287536472
271753,0.05990557838231325
271756,0.12668140651658177
271762,0.11479551065713167
271777,0.011554545199032873
271781,0.0067816293449141085
271785,0.019941375241614878
271786,0.03934237849898636
271790,0.020526010543107986
271801,0.06545699760317802
271806,0.03565343620721251
271807,0.04974285466596484
271810,0.05036562797613442
271811,0.029332080157473683
271815,0.09431464970111847
271847,0.006577869105967693
271875,0.0895552858710289
271878,0.039072222309187055
271880,0.04076429549604654
271883,0.04457126138731837
271911,0.15624377131462097
271912,0.055449712090194225
271914,0.07610026327893138
271922,0.09331145184114575
271933,0.017586300848051906
271945,0.04480038024485111
271952,0.010132107010576874
271954,0.03937345976009965
271961,0.07334035774692893
271967,0.025683838175609708
271969,0.017584200599230826
271980,0.08189589204266667
271989,0.024659703020006418
271991,0.12700133118778467
272000,0.03608952392823994
272004,0.09357429202646017
272010,0.05087605328299105
272013,0.14192285761237144
272029,0.07850316073745489
272030,0.032480121590197086
272031,0.01837610499933362
272035,0.007370471081230789
272040,0.3012150377035141
272043,0.027893906109966338
272055,0.07806508289650083
272068,0.04304642998613417
272075,0.09093439532443881
272081,0.011845159635413438
272090,0.04317858559079468
272104,0.013523292203899473
272116,0.039962196024134755
272121,0.008459343574941158
272129,0.043415289372205734
272143,0.07602472230792046
272146,0.037813956616446376
272148,0.41571686416864395
272152,0.1900477483868599
272167,0.02997962012887001
272180,0.049254458863288164
272192,0.009349482075776905
272201,0.03292246302589774
272205,0.041461615124717355
272209,0.17550940345972776
272211,0.038701515877619386
272228,0.018037433736026287
272233,0.18154625222086906
272235,0.1265191864222288
272249,0.20510579273104668
272267,0.10165195632725954
272270,0.01758591621182859
272276,0.02935707801952958
272302,0.03209162247367203
272303,0.0183971943333745
272308,0.0886977263726294
272309,0.10827246075496078
272311,0.03018487396184355
272313,0.009803011402254924
272353,0.03432939643971622
272366,0.03443841962143779
272367,0.08609350817278028
272371,0.0296971017960459
272381,0.007179197273217142
272404,0.15509473532438278
272405,0.03722033207304776
272418,0.17794334515929222
272419,0.028639746364206076
272425,0.020005891507025808
272438,0.035834264708682895
272444,0.05643076542764902
272445,0.07434917706996202
272462,0.018015444977208972
272474,0.01186224987031892
272478,0.07659193500876427
272479,0.13467314839363098
272480,0.03126383956987411
272482,0.018916588625870645
272511,0.3339437395334244
272512,0.01004384140833281
272516,0.019693619455210865
272517,0.03063330613076687
272522,0.049443380208685994
272537,0.11103193275630474
272555,0.021085276501253247
272564,0.18367793504148722
272566,0.04870660160668194
272573,0.011279834259767085
272575,0.00759980667498894
272583,0.07576907845214009
272593,0.05452736280858517
272627,0.058586915489286184
272628,0.09475111542269588
272630,0.024213762022554874
272632,0.009391306957695633
272635,0.3601193241775036
272636,0.014924912014976144
272661,0.023479183670133352
272669,0.043039025040343404
272672,0.013532070210203528
272681,0.18594195879995823
272682,0.06306307576596737
272691,0.018592384760268033
272697,0.013604909530840814
272706,0.04780708672478795
272708,0.031065386487171054
272717,0.05634954618290067
272722,0.006657090911176056
272723,0.006811028404626995
272737,0.0059347139176679775
272744,0.004378223515232094
272752,0.25084402970969677
272757,0.01077972975326702
272760,0.00869760153000243
272763,0.05315446783788502
272768,0.02916459320113063
272779,0.020531118381768465
272781,0.18388066068291664
272787,0.05748020322062075
272795,0.11144265718758106
272799,0.12767766509205103
272820,0.14927473664283752
272821,0.03555045695975423
272829,0.13262108340859413
272852,0.04871095484122634
272863,0.0552297318354249
272878,0.08403597213327885
272886,0.027529244893230498
272891,0.11401673499494791
272903,0.09921425767242908
272914,0.005590184387983754
272928,0.07121630338951945
272937,0.10336673445999622
272938,0.0740244216285646
272944,0.030129210092127323
272965,0.26936846412718296
272967,0.030202453024685383
272969,0.14289957005530596
272983,0.08954101242125034
272998,0.12292403168976307
273002,0.07934437599033117
273005,0.018047421821393073
273010,0.06390117388218641
273011,0.015317470824811608
273017,0.014627499505877495
273021,0.16893991734832525
273023,0.0677417735569179
273027,0.05097456369549036
273035,0.016343125491403043
273047,0.1646417435258627
273053,0.006426291685784236
273060,0.3758350480347872
273062,0.034339532256126404
273074,0.10888068191707134
273078,0.02489918377250433
273079,0.03793889586813748
273087,0.054629635997116566
273107,0.01592375326436013
273109,0.01300035382155329
273112,0.008250931918155402
273113,0.041997266467660666
273117,0.04602377093397081
273121,0.13571705669164658
273137,0.02607522252947092
273156,0.031606706441380084
273157,0.06565565289929509
273177,0.11088437680155039
273192,0.03314463864080608
273193,0.011272847710642964
273194,0.03659377177245915
273198,0.14355343021452427
273199,0.019658712553791702
273206,0.04660721821710467
273213,0.0146966225001961
273235,0.02874931786209345
273244,0.05083485902287066
273247,0.09237281698733568
273248,0.18971373327076435
273254,0.022371589206159115
273259,0.020178510923869908
273270,0.029846436926163733
273272,0.06059194402769208
273287,0.03218052675947547
273289,0.09969828650355339
273294,0.008438677556114271
273301,0.08044964075088501
273304,0.06465226947329938
273313,0.12000326160341501
273314,0.041858501732349396
273333,0.08286256529390812
273336,0.42210303246974945
273343,0.026032951776869595
273353,0.01833047065883875
273359,0.021400546422228217
273371,0.0144927246728912
273402,0.07548858830705285
273415,0.015227886207867414
273420,0.2732265219092369
273424,0.0338337910361588
273428,0.03262392047327012
273429,0.036049617221578956
273443,0.10507039865478873
273457,0.014848349965177476
273458,0.01467673562001437
273467,0.23620522767305374
273477,0.010258914437144995
273482,0.05064572812989354
273495,0.03319973964244127
273496,0.010812827735207975
273503,0.03754377970471978
273507,0.12628620117902756
273508,0.06818731175735593
273510,0.01236880716169253
273524,0.12208069581538439
273552,0.012726773391477764
273556,0.08646421181038022
273566,0.05743734259158373
273579,0.04307359294034541
273584,0.045598821714520454
273595,0.07129972288385034
273606,0.023736273869872093
273623,0.0686992323026061
273625,0.04778562183491886
273638,0.13600527122616768
273660,0.01510767126455903
273664,0.029147770605050027
273683,0.07117218058556318
273686,0.026885499013587832
273687,0.02515226765535772
273699,0.2448966670781374
273700,0.4843248091638088
273719,0.015445496654137969
273721,0.16097519639879465
273728,0.06476423237472773
273764,0.022009949665516615
273770,0.014773572038393468
273774,0.14148865453898907
273792,0.11528885178267956
273806,0.011870463786181062
273807,0.06236680829897523
273818,0.010853136947844177
273823,0.10096272174268961
273835,0.36259716749191284
273856,0.02779740048572421
273861,0.009141950169578195
273863,0.024493702803738415
273864,0.11088600941002369
273874,0.118234533816576
273879,0.2051218431442976
273892,0.1540942033752799
273895,0.18017116002738476
273899,0.01672910270281136
273900,0.10051533067598939
273912,0.07430666917935014
273921,0.007997357897693291
273941,0.02089310751762241
273946,0.025730195688083768
273954,0.0715484763495624
273956,0.021295216283760965
273962,0.06227455800399184
273968,0.0463398564606905
273985,0.13937621377408504
274000,0.2629167512059212
274003,0.017431380576454103
274004,0.023197328206151724
274006,0.027767023304477334
274019,0.22062157653272152
274022,0.12689401023089886
274023,0.08147277776151896
274034,0.09593121148645878
274043,0.0344809100497514
274052,0.05247848341241479
274054,0.3302759528160095
274058,0.19537861738353968
274063,0.07540152547881007
274070,0.043025551130995154
274072,0.027846628800034523
274081,0.05492721754126251
274108,0.11050149612128735
274118,0.2541518658399582
274125,0.04203144111670554
274129,0.021368291112594306
274140,0.0447037594858557
274142,0.07073710765689611
274146,0.035322398878633976
274147,0.20809715799987316
274155,0.011033713934011757
274163,0.06075669173151255
274165,0.011585497530177236
274174,0.015418678929563612
274182,0.10202124435454607
274186,0.016506437910720706
274188,0.014929205208318308
274193,0.15457802638411522
274198,0.039050859631970525
274216,0.01873157569207251
274219,0.01322985254228115
274225,0.20887511782348156
274229,0.05514140659943223
274248,0.03454401600174606
274268,0.03157776885200292
274274,0.007682383991777897
274286,0.014041584799997509
274289,0.09896325785666704
274297,0.02916147222276777
274302,0.01919018873013556
274326,0.04182776855304837
274346,0.02618566167075187
274348,0.05291873239912093
274349,0.06806734949350357
274350,0.03158985055051744
274353,0.027095494559034705
274359,0.19699569791555405
274364,0.006721787038259208
274368,0.0190614607417956
274373,0.04332871944643557
274378,0.16586200706660748
274389,0.015954883012454957
274390,0.06559155927971005
274391,0.0059273640072206035
274392,0.029384400695562363
274396,0.14703535567969084
274408,0.17156369425356388
274409,0.02792702231090516
274424,0.16900921147316694
274453,0.03880969015881419
274460,0.014934398408513516
274465,0.032452764455229044
274468,0.011203640926396474
274481,0.26272760331630707
274482,0.006986273685470223
274484,0.040049134055152535
274490,0.0908003244549036
274509,0.010256687237415463
274511,0.029927250230684876
274515,0.11485695233568549
274521,0.04805183713324368
274523,0.06281766574829817
274525,0.11061513517051935
274539,0.017531184246763587
274541,0.037879676558077335
274574,0.07007346674799919
274585,0.03659079223871231
274587,0.15437386836856604
274594,0.1407666839659214
274600,0.12004063278436661
274605,0.03617237298749387
274611,0.026038759388029575
274619,0.22314755711704493
274641,0.04511697147972882
274666,0.12331564771011472
274688,0.03994500800035894
274690,0.09431099519133568
274699,0.09472565306350589
274703,0.06733919214457273
274715,0.016826493956614286
274717,0.026831723167560995
274760,0.1775141078978777
274774,0.2219777386635542
274791,0.2086830111220479
274801,0.034013228607364
274804,0.22194071393460035
274808,0.3275539018213749
274813,0.021740346448495984
274815,0.03300013206899166
274818,0.017501906491816044
274820,0.029433357063680887
274829,0.03547743009403348
274847,0.18738473672419786
274865,0.05204891716130078
274870,0.050335684791207314
274881,0.18805983755737543
274890,0.12177038099616766
274894,0.034062091493979096
274902,0.032409479143098
274905,0.10022025881335139
274911,0.020430903765372932
274912,0.04702404607087374
274914,0.005237157180090435
274927,0.017674142960458994
274931,0.020841307588852942
274944,0.22924999706447124
274951,0.1623937850818038
274953,0.0926946415565908
274954,0.026661869254894555
274961,0.02247941493988037
274965,0.153452237136662
274972,0.07391121471300721
274978,0.030349942622706294
274984,0.02477063110563904
274993,0.0338421540800482
274996,0.011184863717062399
275043,0.00453507830388844
275048,0.08191986614838243
275052,0.0719686602242291
275059,0.01770938967820257
275060,0.028963096672669053
275071,0.02730970038101077
275077,0.049576447112485766
275078,0.057576756458729506
275091,0.01149016193812713
275098,0.08311951858922839
275111,0.03129692759830505
275120,0.10144960368052125
275121,0.24831427074968815
275125,0.049064418068155646
275129,0.044201972894370556
275139,0.027948059141635895
275150,0.07843667827546597
275153,0.07375809224322438
275166,0.12276666052639484
275185,0.12580444291234016
275199,0.27991971373558044
275201,0.024803235079161823
275203,0.02186023653484881
275216,0.07937925402075052
275225,0.22176729515194893
275226,0.02867612347472459
275232,0.013006089197006077
275254,0.0410752238240093
275256,0.3917109780013561
275272,0.1546297837048769
275278,0.011518926417920738
275280,0.060433405451476574
275286,0.12078682612627745
275288,0.01196112937759608
275299,0.012990328366868198
275306,0.13730337005108595
275313,0.01287824334576726
275314,0.08028255216777325
275319,0.30556539073586464
275324,0.09041653014719486
275330,0.030396600253880024
275334,0.04946449026465416
275335,0.14720416627824306
275337,0.1601393474265933
275339,0.10440031252801418
275351,0.03342968272045255
275352,0.04537521582096815
275367,0.02632024174090475
275384,0.045798849081620574
275392,0.0058875684917438775
275393,0.13169148471206427
275408,0.036946974927559495
275411,0.1418670555576682
275413,0.22062917426228523
275415,0.014560726995114237
275416,0.026618641801178455
275422,0.025177949690259993
275424,0.030875227879732847
275438,0.06876536784693599
275440,0.03786078072153032
275468,0.012115629855543375
275469,0.05091996141709387
275473,0.17577881645411253
275482,0.053146611200645566
275488,0.02474192646332085
275502,0.04750908096320927
275503,0.035902841249480844
275511,0.04870968870818615
275518,0.07095425250008702
275520,0.029026782838627696
275524,0.06317485868930817
275531,0.07161129172891378
275537,0.03715967363677919
275558,0.035002686781808734
275574,0.09992760280147195
275576,0.07080323714762926
275583,0.007935988396639004
275588,0.1251492565497756
275605,0.20503393188118935
275612,0.09307930013164878
275627,0.08146262681111693
275633,0.044104288099333644
275646,0.17863071523606777
275647,0.14195045456290245
275653,0.21440455317497253
275661,0.08010730519890785
275683,0.0387716731056571
275688,0.027216000366024673
275691,0.048984894063323736
275713,0.12984706833958626
275731,0.006757823080988601
275735,0.23199021071195602
275739,0.010881796886678785
275761,0.08088760729879141
275762,0.028966428944841027
275767,0.03439950756728649
275768,0.10464015230536461
275769,0.1860631052404642
275774,0.020537719829007983
275776,0.01028861926170066
275783,0.017402813769876957
275800,0.025923186913132668
275805,0.3449656181037426
275836,0.01156233559595421
275842,0.04140078229829669
275855,0.24907676875591278
275860,0.012998913356568664
275870,0.07338925916701555
275884,0.18681582808494568
275897,0.03636692394502461
275899,0.009615627757739276
275900,0.05351093574427068
275906,0.08764928672462702
275912,0.027271043159998953
275922,0.11690072622150183
275929,0.18883157707750797
275931,0.06765698036178946
275932,0.03157440898939967
275936,0.1230572797358036
275937,0.04144717031158507
275947,0.086857829708606
275949,0.13768405839800835
275954,0.08899109996855259
275958,0.00802294461755082
275966,0.13022985961288214
275967,0.04060449171811342
275970,0.20403996855020523
275989,0.09465792682021856
275993,0.0790680916979909
275995,0.037244777427986264
275998,0.0652345260605216
276007,0.08659597532823682
276011,0.03613724571187049
276029,0.12678685877472162
276047,0.0061856849933974445
276048,0.06383518129587173
276050,0.09662199253216386
276054,0.05107677238993347
276056,0.035866532009094954
276057,0.17365855816751719
276060,0.018964272923767567
276084,0.011792099045123905
276089,0.014100815751589835
276118,0.012932045676279813
276121,0.24310531839728355
276122,0.09106350224465132
276130,0.01789390097837895
276134,0.11516645178198814
276135,0.011388851038645953
276142,0.15844379365444183
276164,0.012085669150110334
276195,0.10559143126010895
276210,0.10534662753343582
276235,0.025404208339750767
276238,0.019986601604614407
276242,0.01971883827354759
276244,0.10728498734533787
276247,0.014234374626539648
276263,0.17459993995726109
276306,0.20161201432347298
276309,0.024529997259378433
276319,0.02646206086501479
276334,0.01942786853760481
276338,0.008039861102588475
276343,0.03264667384792119
276344,0.08469399064779282
276345,0.026624382939189672
276348,0.022105690208263695
276359,0.0416869658511132
276363,0.10389464488252997
276365,0.07912568841129541
276366,0.07333345664665103
276373,0.029622021364048123
276378,0.06252025696448982
276386,0.03926800051704049
276405,0.017269922303967178
276419,0.01053251203848049
276422,0.031794490525498986
276430,0.043711630860343575
276437,0.055862070294097066
276442,0.06837124610319734
276444,0.021487736841663718
276446,0.0166864360217005
276455,0.04245488136075437
276470,0.019524182309396565
276472,0.022924075718037784
276475,0.19795043766498566
276479,0.027479005977511406
276484,0.015986168349627405
276487,0.21186950616538525
276488,0.3514754418283701
276495,0.061346051283180714
276497,0.23484710976481438
276508,0.4697583168745041
276509,0.056953523540869355
276516,0.021663474035449326
276521,0.013754668761976063
276525,0.061032659374177456
276550,0.03331455891020596
276560,0.02554219646845013
276569,0.023702232516370714
276584,0.017358014825731516
276603,0.012693427153863013
276615,0.008595143910497427
276617,0.022068369260523468
276622,0.01756346703041345
276625,0.03851854568347335
276629,0.025053554330952466
276642,0.04008886846713722
276664,0.008233734348323196
276674,0.024179108906537294
276675,0.21630869433283806
276678,0.10037399362772703
276692,0.08293634746223688
276693,0.01941904751583934
276697,0.016981263062916696
276703,0.06177681963890791
276705,0.06055728765204549
276717,0.12072139140218496
276728,0.024562941631302238
276744,0.03921976429410279
276762,0.10324774030596018
276764,0.023081281571649015
276781,0.02996848663315177
276793,0.04087416804395616
276798,0.018535919138230383
276800,0.03373332344926894
276805,0.005863387923454866
276824,0.023652620031498373
276826,0.0776345026679337
276848,0.13812479842454195
276854,0.09520448558032513
276862,0.25998198986053467
276865,0.11402605101466179
276869,0.01915511069819331
276880,0.0035714579789782874
276882,0.0537534449249506
276886,0.03627195628359914
276889,0.08874085964635015
276892,0.13049242133274674
276903,0.008652791439089924
276906,0.025760455639101565
276936,0.013655455724801868
276945,0.012596327171195298
276956,0.039433062775060534
276958,0.031299464986659586
276963,0.008081092615611851
276966,0.012080819986294955
276987,0.0150211111176759
276993,0.05726422881707549
276994,0.013867666944861412
277004,0.12891734950244427
277015,0.005539134261198342
277021,0.14504808094352484
277024,0.009828966052737087
277032,0.03683324996381998
277054,0.09140654047951102
277055,0.04066048189997673
277061,0.02794601581990719
277065,0.11369909904897213
277070,0.04649760923348367
277079,0.184665834531188
277088,0.019807183416560292
277108,0.02821567002683878
277114,0.02492724754847586
277121,0.04368246323429048
277137,0.11710891872644424
277148,0.1000826838426292
277158,0.19258010014891624
277162,0.05386891704984009
277165,0.1484152264893055
277167,0.02513568988069892
277170,0.02775134053081274
277172,0.019778788788244128
277177,0.027494042995385826
277179,0.2143083494156599
277182,0.015124172321520746
277185,0.017016727186273783
277191,0.020470578456297517
277200,0.19665844552218914
277211,0.010322185407858342
277217,0.024520552018657327
277221,0.061335375532507896
277226,0.018241702462546527
277227,0.04807671392336488
277228,0.2074795365333557
277229,0.02193865180015564
277244,0.22408249601721764
277271,0.028881629928946495
277274,0.1866017272695899
277282,0.02064166631316766
277286,0.0161802233196795
277288,0.04731558379717171
277290,0.006429751898394898
277291,0.011508128605782986
277296,0.006527672114316374
277297,0.018068193225190043
277320,0.10449351649731398
277327,0.20660381577908993
277335,0.19912965968251228
277336,0.050872493302449584
277338,0.03495061141438782
277342,0.18124517239630222
277344,0.04262421978637576
277345,0.03228845598641783
277349,0.04399097501300275
277356,0.050666325027123094
277370,0.03591026063077152
277371,0.08146095648407936
277379,0.0723980269394815
277386,0.18004951998591423
277390,0.09850920783355832
277400,0.02623743051663041
277401,0.12592610390856862
277412,0.020514544448815286
277413,0.10650888830423355
277415,0.05220560519956052
277417,0.13417450338602066
277419,0.04858292383141816
277422,0.0689843944273889
277423,0.014823892794083804
277425,0.009980104689020663
277432,0.019236843567341566
277438,0.011714759923052043
277445,0.0372096230275929
277447,0.025247794575989246
277456,0.04075288330204785
277457,0.022855610004626215
277474,0.040826204465702176
277488,0.043582845479249954
277494,0.08370680222287774
277501,0.03716057678684592
277503,0.1650916486978531
277510,0.04713285714387894
277516,0.06498061073943973
277521,0.21266338601708412
277522,0.03104164032265544
277530,0.03532489808276296
277531,0.1398013411089778
277536,0.0688024084083736
277548,0.026679317350499332
277550,0.03519063477870077
277554,0.025036192615516484
277555,0.05218235310167074
277562,0.1243700785562396
277565,0.050580743700265884
277566,0.012367207906208932
277572,0.06498903874307871
277592,0.19686826597899199
277593,0.01612687751185149
277610,0.07126548932865262
277621,0.040509527549147606
277654,0.15850478410720825
277668,0.011889969930052757
277673,0.0041362202318850905
277675,0.02252475148998201
277694,0.012776651128660887
277697,0.17877322994172573
277699,0.03009847109206021
277700,0.014182174461893737
277701,0.031553577398881316
277708,0.13636283902451396
277710,0.027384992223232985
277717,0.1760546825826168
277725,0.046430158196017146
277731,0.07390806870535016
277746,0.06755715701729059
277753,0.01940560690127313
277757,0.2295102272182703
277764,0.032632889691740274
277772,0.06103084422647953
277775,0.17002018261700869
277777,0.03656589821912348
277787,0.029521838994696736
277797,0.025120591861195862
277798,0.03877773694694042
277802,0.10891535878181458
277812,0.028230938594788313
277816,0.09885258506983519
277820,0.012955137703102082
277821,0.014147823734674603
277822,0.10333551093935966
277838,0.049477424239739776
277845,0.012971110350918025
277846,0.02816223807167262
277854,0.08710885513573885
277856,0.07684220187366009
277866,0.16180637944489717
277874,0.041208999464288354
277893,0.2589588314294815
277900,0.01565251569263637
277964,0.021640448132529855
277970,0.013895845331717283
277976,0.04377647070214152
277983,0.0818512998521328
277994,0.013755940541159362
278011,0.048570044338703156
278025,0.16552338656038046
278045,0.18481026589870453
278048,0.11504412535578012
278066,0.02086842048447579
278088,0.03616084833629429
278098,0.010584863892290741
278101,0.09801045525819063
278113,0.02525790687650442
278114,0.054989810567349195
278128,0.07745726453140378
278152,0.04179680603556335
278157,0.0807689274661243
278168,0.0698305619880557
278169,0.027324514230713248
278174,0.02691056823823601
278176,0.0139810232212767
278181,0.15369072929024696
278185,0.10002376977354288
278225,0.04463256918825209
278236,0.2228477019816637
278242,0.01689742528833449
278244,0.008823842508718371
278251,0.049790990306064487
278252,0.027509245555847883
278272,0.11215840745717287
278279,0.00410760247905273
278287,0.1759673710912466
278288,0.04603268881328404
278309,0.08576498040929437
278310,0.0345587091287598
278316,0.05402447376400232
278318,0.3651063274592161
278320,0.05391523730941117
278344,0.2713372576981783
278356,0.12406966742128134
278359,0.014095093472860754
278361,0.052212232956662774
278368,0.02147913444787264
278372,0.022909837658517063
278384,0.22981432266533375
278388,0.02071585855446756
278409,0.10018171044066548
278414,0.07022246066480875
278415,0.11595434043556452
278416,0.019815557985566556
278422,0.02370649459771812
278423,0.19200714863836765
278432,0.08063839422538877
278436,0.06170662981458008
278455,0.06967222737148404
278461,0.2506101727485657
278469,0.16675952728837729
278482,0.07559149758890271
278487,0.11027754191309214
278493,0.09755496773868799
278501,0.08383502392098308
278508,0.16820711083710194
278511,0.02371435530949384
278519,0.026275101583451033
278526,0.056287321262061596
278530,0.08106325613334775
278533,0.010321842739358544
278539,0.20396475680172443
278545,0.010944964946247637
278556,0.018555293325334787
278559,0.08110678615048528
278587,0.028008226421661675
278601,0.05148485745303333
278603,0.15018068812787533
278604,0.24014286138117313
278605,0.027446668478660285
278606,0.00915657274890691
278613,0.06905041728168726
278616,0.16879132110625505
278618,0.024842320824973285
278632,0.05413662362843752
278633,0.11068286094814539
278637,0.009170877223368734
278645,0.19614325277507305
278649,0.08785351179540157
278653,0.22580600157380104
278662,0.007714482577284798
278673,0.08043411606922746
278700,0.044443194288760424
278703,0.028497069142758846
278704,0.04105109511874616
278723,0.03965318342670798
278725,0.07850295724347234
278730,0.10922618582844734
278750,0.013778309745248407
278765,0.071594029199332
278770,0.018887667101807892
278779,0.028850160888396204
278787,0.017473358428105712
278791,0.014292848471086472
278804,0.013956235954537988
278807,0.02114434470422566
278810,0.02984089427627623
278812,0.029853339889086783
278815,0.1755814589560032
278821,0.09701567236334085
278825,0.004424103564815596
278832,0.03984191198833287
278836,0.021372733812313527
278838,0.11840798426419497
278840,0.07308811135590076
278844,0.1058685202151537
278862,0.008808238781057298
278863,0.0260640240740031
278871,0.06172759272158146
278875,0.013222040666732937
278892,0.43335551023483276
278899,0.024358497466892004
278903,0.054346862714737654
278909,0.023402352700941265
278913,0.20501627586781979
278931,0.022685260279104114
278932,0.06324062333442271
278933,0.11144132912158966
278937,0.01577226957306266
278952,0.027381291962228715
278954,0.013798736967146397
278960,0.15378794260323048
278967,0.07803772576153278
278968,0.022210590657778084
278972,0.21141858398914337
278976,0.13707907684147358
278982,0.06784529890865088
278983,0.07775926636531949
279001,0.15630910731852055
279015,0.04159687692299485
279018,0.09082271810621023
279035,0.1066782008856535
279040,0.10332441236823797
279043,0.16015500389039516
279046,0.023079944192431867
279061,0.060359951574355364
279063,0.014051446982193738
279065,0.005511176335858181
279068,0.012980657338630408
279070,0.0384681960567832
279074,0.17739799804985523
279076,0.055646655382588506
279086,0.013544336252380162
279095,0.016852142638526857
279107,0.10920255817472935
279108,0.14780648052692413
279109,0.004880749271251261
279110,0.03739808453246951
279111,0.055532345082610846
279129,0.03324858576525003
279134,0.018857962684705853
279137,0.07249236246570945
279142,0.13226300291717052
279146,0.0036541138106258586
279153,0.004390176938613877
279157,0.03383361571468413
279165,0.010096985497511923
279166,0.007171469071181491
279172,0.08576556341722608
279173,0.07728593051433563
279174,0.16093594394624233
279179,0.13417562749236822
279182,0.010370121686719358
279186,0.032004821696318686
279187,0.021440235781483352
279189,0.01708399609196931
279201,0.02055825258139521
279202,0.0358720391523093
279213,0.015185240365099162
279214,0.013371101580560207
279217,0.011995780863799155
279230,0.06095282221212983
279232,0.018355021660681814
279233,0.019770675688050687
279235,0.018432925920933485
279250,0.03331258497200906
279252,0.02685380936600268
279257,0.024052791530266404
279265,0.06720454012975097
279266,0.02542106091277674
279279,0.029969001072458923
279281,0.011661729775369167
279282,0.007879925979068503
279285,0.07624921062961221
279286,0.08257928863167763
279297,0.02067879936657846
279300,0.02803976903669536
279318,0.027023324626497924
279324,0.07928512152284384
279334,0.03675248078070581
279335,0.017080871388316154
279336,0.06993775046430528
279341,0.0411723714787513
279342,0.19939432479441166
279353,0.032247070455923676
279357,0.040470934472978115
279371,0.15277784503996372
279376,0.028350122971460223
279391,0.021047834132332355
279392,0.021830257726833224
279402,0.07430920004844666
279406,0.24259630218148232
279408,0.05603766534477472
279434,0.026277583558112383
279439,0.007561869861092418
279448,0.015466862474568188
279450,0.03898696624673903
279456,0.02423411753261462
279461,0.11636263877153397
279466,0.0040001240849960595
279470,0.08243808383122087
279471,0.008240605384344235
279493,0.035017952555790544
279500,0.061678325990214944
279506,0.014283347118180245
279512,0.0824109218083322
279519,0.07872765278443694
279533,0.010446273314300925
279549,0.03328337520360947
279551,0.32480014488101006
279556,0.020010068197734654
279557,0.10734259616583586
279558,0.04613236105069518
279566,0.04602140700444579
279592,0.04144139401614666
279595,0.11525653023272753
279604,0.06677974062040448
279608,0.011799058265751228
279614,0.039958767825737596
279618,0.04416305595077574
279622,0.1079584015533328
279648,0.11601680889725685
279652,0.021965584717690945
279653,0.06923182588070631
279679,0.009126172924879938
279690,0.0650130189023912
279691,0.12146403267979622
279694,0.21004632115364075
279698,0.03870753664523363
279702,0.007619513315148652
279712,0.013447325036395341
279713,0.1211237907409668
279715,0.01476477348478511
279725,0.019987314590252936
279727,0.10445520281791687
279733,0.03633432323113084
279742,0.15303593035787344
279748,0.03619653079658747
279754,0.03077201545238495
279756,0.12238247273489833
279776,0.0359208935406059
279778,0.059815754648298025
279779,0.008103081898298115
279782,0.13093125447630882
279793,0.014575136010535061
279794,0.014617960492614657
279804,0.13102568686008453
279810,0.00812268938170746
279817,0.1792749548330903
279828,0.09497600002214313
279830,0.033767221379093826
279831,0.07855870574712753
279834,0.07093657879158854
279835,0.046678293496370316
279840,0.013815986865665764
279847,0.04445542744360864
279852,0.05108895874582231
279854,0.10466974042356014
279856,0.02750717243179679
279859,0.03178532759193331
279862,0.00957116053905338
279876,0.06748325424268842
279878,0.04404362803325057
279889,0.0062698656402062625
279894,0.029689276358112693
279897,0.019650969188660383
279903,0.025892909965477884
279904,0.03667990420944989
279906,0.08143558632582426
279909,0.14993210695683956
279922,0.31292335502803326
279925,0.02508290554396808
279939,0.230434687808156
279940,0.06334987794980407
279942,0.03754354338161647
279948,0.02119640400633216
279952,0.007045481383102015
279960,0.012686093454249203
279968,0.06399275828152895
279969,0.035332038067281246
279977,0.2581966295838356
279980,0.06953910505399108
279994,0.025263427989557385
279997,0.1440190989524126
279998,0.1438844483345747
280007,0.220130804926157
280009,0.1592953847721219
280010,0.4316142350435257
280020,0.01741648343158886
280021,0.030614115647040308
280022,0.1304019521921873
280052,0.033555676927790046
280058,0.020809636800549924
280074,0.039273370523005724
280076,0.029517396818846464
280085,0.275718629360199
280091,0.018952233192976564
280095,0.01112309331074357
280107,0.16720216069370508
280116,0.20441806688904762
280140,0.04262625821866095
280144,0.2027507033199072
280156,0.04463301715441048
280177,0.0032483952309121378
280191,0.014137211896013469
280205,0.02933089737780392
280226,0.08985018730163574
280230,0.17020737007260323
280234,0.012222608784213662
280264,0.0697825625538826
280274,0.02494459180161357
280298,0.014801427780184895
280299,0.059458538657054305
280300,0.09250603849068284
280301,0.07485460070893168
280308,0.006362067360896617
280317,0.010709720489103347
280319,0.027396717574447393
280322,0.01621004508342594
280342,0.016821769648231566
280348,0.1848887912929058
280350,0.03650660580024123
280353,0.13017887063324451
280366,0.027942328597418964
280372,0.06642233207821846
280374,0.006023696012562141
280376,0.24597603641450405
280381,0.029630882781930268
280384,0.02626156446058303
280388,0.017662869533523917
280397,0.12652110308408737
280401,0.01764536730479449
280409,0.10796363418921828
280413,0.01727204624330625
280422,0.25164579786360264
280424,0.07520044269040227
280426,0.0800158460624516
280429,0.08336139610037208
280430,0.13427278213202953
280435,0.04295612592250109
280444,0.04095086292363703
280450,0.029169165762141347
280455,0.19877110328525305
280459,0.017965956882108003
280462,0.03401674912311137
280466,0.20270497538149357
280470,0.034204574301838875
280473,0.04306997521780431
280517,0.06855305144563317
280524,0.18851719051599503
280527,0.008204682264477015
280531,0.012136336357798427
280548,0.0472946148365736
280558,0.42748843133449554
280563,0.02712164493277669
280598,0.062147307209670544
280599,0.30463390424847603
280603,0.007671706582186744
280607,0.03910312685184181
280610,0.18436543177813292
280612,0.10050655482336879
280625,0.013334226561710238
280631,0.02659517095889896
280650,0.08169762510806322
280653,0.6100018918514252
280657,0.04166030324995518
280669,0.012899787805508822
280675,0.027120297541841865
280679,0.13879131013527513
280685,0.005911140382522717
280691,0.032702297205105424
280693,0.011280998412985355
280706,0.08985122293233871
280714,0.023590824101120234
280719,0.3611548040062189
280724,0.05023232684470713
280725,0.027751345187425613
280737,0.02651174261700362
280738,0.032769391778856516
280744,0.0048615122504998
280746,0.2789324652403593
280760,0.06332282442599535
280772,0.20534013025462627
280777,0.07490226393565536
280784,0.024281901656650007
280785,0.0244706436060369
280791,0.052064256742596626
280793,0.012283973046578467
280794,0.014162783627398312
280800,0.07431013463065028
280805,0.019551779027096927
280806,0.019204598502255976
280815,0.22322482243180275
280823,0.012371188029646873
280831,0.017539815045893192
280832,0.037726555252447724
280841,0.031242582015693188
280845,0.04164484445936978
280846,0.016815733979456127
280854,0.006987406639382243
280857,0.002640808539581485
280861,0.054165327455848455
280862,0.08651686832308769
280867,0.08129458967596292
280877,0.0351389420684427
280879,0.037716774037107825
280890,0.01841383264400065
280891,0.19311419129371643
280903,0.29021518491208553
280916,0.020686255069449544
280929,0.04238843987695873
280934,0.10137289762496948
280941,0.14237287733703852
280947,0.03254489926621318
280962,0.04145205835811794
280963,0.20554056577384472
280966,0.03978186403401196
280967,0.00998726295074448
280971,0.23463203385472298
281005,0.02798734320094809
281007,0.11894706171005964
281008,0.016038274625316262
281009,0.03981241281144321
281016,0.02730116725433618
281024,0.0648047102149576
281039,0.08255454944446683
281045,0.0026090568280778825
281054,0.18951059598475695
281055,0.08093147072941065
281056,0.03580854134634137
281068,0.06688718404620886
281092,0.048461340833455324
281094,0.015342033002525568
281118,0.3097534906119108
281133,0.013774225837551057
281137,0.016839138232171535
281164,0.15098445396870375
281176,0.009366115787997842
281177,0.014296530454885215
281184,0.03520837286487222
281187,0.12093914393335581
281192,0.024255548021756113
281195,0.0723366504535079
281220,0.03496416169218719
281222,0.052149027585983276
281227,0.03049811045639217
281234,0.01612636970821768
281251,0.014405792811885476
281278,0.005196439189603552
281298,0.1713092988356948
281303,0.1855356004089117
281306,0.11640898138284683
281314,0.034666929859668016
281320,0.019571298616938293
281322,0.11430227477103472
281337,0.09451573668047786
281347,0.139909191057086
281357,0.02053456730209291
281362,0.07629561936482787
281365,0.044758433708921075
281366,0.045432629296556115
281367,0.02851486310828477
281373,0.020905046141706407
281376,0.04399682302027941
281400,0.2843541447073221
281417,0.004657068697270006
281420,0.006968818561290391
281422,0.08178807189688087
281435,0.08173438906669617
281439,0.015180058544501662
281448,0.09904563706368208
281451,0.061697399243712425
281453,0.016723550099413842
281482,0.03904339065775275
281494,0.07856336003169417
281514,0.03319519408978522
281515,0.03909289208240807
281542,0.0894207525998354
281556,0.030074905138462782
281568,0.05616106023080647
281592,0.04204905265942216
281593,0.005700646375771612
281607,0.12805331405252218
281613,0.05343760852701962
281618,0.18000717367976904
281620,0.08402260113507509
281628,0.2225340697914362
281629,0.02281468838918954
281633,0.04412801330909133
281634,0.016463915642816573
281642,0.031777358148247004
281643,0.03544391063041985
281653,0.09017923334613442
281661,0.008311893761856481
281671,0.025319493259303272
281675,0.021416099276393652
281684,0.011769354459829628
281692,0.13013917673379183
281697,0.030262590618804097
281730,0.0756605570204556
281731,0.12304778397083282
281734,0.029582559829577804
281737,0.011765555944293737
281750,0.2692052945494652
281752,0.0561021554749459
281764,0.05768057540990412
281782,0.03795081749558449
281791,0.03558632917702198
281793,0.061076095793396235
281795,0.017509942525066435
281824,0.05068951868452132
281831,0.09443111950531602
281845,0.025651291012763977
281848,0.01047109893988818
281854,0.026086375350132585
281855,0.05193400522693992
281867,0.07760506076738238
281873,0.012595500564202666
281875,0.026905226637609303
281876,0.17564384266734123
281881,0.007349169987719506
281905,0.012540420051664114
281906,0.1614763904362917
281907,0.040815931279212236
281914,0.08308060094714165
281929,0.023067121976055205
281936,0.13064302131533623
281938,0.0023550203623017296
281940,0.019077343633398414
281941,0.033026430290192366
281950,0.011842879350297153
281954,0.016992900578770787
281955,0.15562206972390413
281956,0.03860357031226158
281957,0.040278765140101314
281968,0.14089731825515628
281972,0.11364447511732578
281974,0.05218626488931477
281987,0.011540706269443035
281996,0.16589329857379198
281998,0.008441634592600167
282002,0.01169445738196373
282004,0.06450529489666224
282005,0.017777972505427897
282020,0.06995292194187641
282021,0.08277999516576529
282041,0.035973569843918085
282045,0.049476029351353645
282046,0.014959839638322592
282048,0.06945824204012752
282056,0.09706400893628597
282063,0.0336254748981446
282068,0.11814160738140345
282072,0.028294645249843597
282100,0.055819184985011816
282104,0.08308127941563725
282105,0.0262824414530769
282106,0.03976769372820854
282108,0.031236831564456224
282114,0.16505329683423042
282132,0.04650230729021132
282133,0.027264829142950475
282136,0.04700321354903281
282145,0.2765777204185724
282146,0.07261242065578699
282150,0.06904201442375779
282151,0.06194844073615968
282152,0.05075682234019041
282157,0.2539993952959776
282165,0.015297251811716706
282167,0.023192060994915664
282178,0.012168539164122194
282179,0.030966732767410576
282204,0.003933699961635284
282208,0.039484864100813866
282218,0.015149515471421182
282221,0.26892543211579323
282223,0.020277341245673597
282226,0.011546938389074057
282230,0.02032717561814934
282232,0.06289362511597574
282235,0.016578970826230943
282236,0.04261529026553035
282239,0.08880583243444562
282246,0.015228685515467077
282250,0.23325014673173428
282259,0.014810826047323644
282270,0.020666413533035666
282272,0.00455045560374856
282282,0.16703735385090113
282292,0.030724533135071397
282306,0.04275502124801278
282311,0.02780664910096675
282317,0.19178822077810764
282318,0.01869118638569489
282331,0.01750500313937664
282338,0.17095780838280916
282349,0.058279323391616344
282350,0.13745993841439486
282355,0.010023308102972806
282359,0.4104466438293457
282382,0.01852224871981889
282396,0.0913928309455514
282399,0.03628221550025046
282408,0.022885485785081983
282421,0.06754696508869529
282427,0.03795437514781952
282437,0.02485166781116277
282446,0.04058573371730745
282448,0.00833669988787733
282453,0.01655883208150044
282456,0.0826439717784524
282457,0.17083287332206964
282465,0.08665221789851785
282476,0.04952366603538394
282478,0.06232972117140889
282482,0.009274024108890444
282485,0.1737822638824582
282492,0.04677476058714092
282498,0.13611464761197567
282503,0.011619147495366633
282512,0.17883649095892906
282521,0.12207855843007565
282531,0.19450807385146618
282548,0.01479097461560741
282582,0.028608575696125627
282585,0.03528331243433058
282605,0.04386667814105749
282618,0.007795715500833467
282633,0.008704918785952032
282642,0.15371948946267366
282645,0.0856170472688973
282647,0.030927191954106092
282649,0.029678625287488103
282654,0.10137161426246166
282661,0.05614498257637024
282667,0.013282171043101698
282668,0.07478669425472617
282678,0.047353748232126236
282679,0.20977927185595036
282687,0.018181488092523068
282688,0.02805277903098613
282691,0.03740343917161226
282702,0.010310283687431365
282709,0.06389104574918747
282712,0.04243644792586565
282715,0.21978573873639107
282726,0.006158648393466137
282735,0.02579293807502836
282737,0.009195743827149272
282746,0.15288869198411703
282751,0.002455647168972064
282754,0.23567206971347332
282758,0.0715571423061192
282773,0.3800716735422611
282787,0.02161790430545807
282794,0.012994430959224701
282812,0.013210312346927822
282822,0.16155096609145403
282827,0.042320235865190625
282836,0.007387143210507929
282841,0.021528409561142325
282854,0.15810236427932978
282862,0.04252267978154123
282873,0.06545282993465662
282890,0.07623477093875408
282900,0.23554780147969723
282906,0.04582411400042474
282910,0.16191543266177177
282915,0.008807027275906876
282929,0.00687807984650135
282933,0.02483107498846948
282944,0.14437903743237257
282945,0.093169582542032
282950,0.005329723586328328
282954,0.026840346516110003
282960,0.011393992870580405
282961,0.0635010814294219
282962,0.0315839140675962
282965,0.1560862921178341
282971,0.10200304538011551
282974,0.025831245817244053
282975,0.013368060230277479
282979,0.029964643996208906
282984,0.04673199192620814
282990,0.25732659734785557
282998,0.035026678116992116
283005,0.08912861114367843
283013,0.30935865081846714
283018,0.13326098956167698
283029,0.4365730471909046
283032,0.00954177969833836
283036,0.10522242169827223
283041,0.23998022824525833
283046,0.16023639496415854
283050,0.007617143332026899
283057,0.141970950178802
283065,0.06285471515730023
283069,0.17306958977133036
283074,0.01832880318397656
283076,0.12579903192818165
283077,0.06320849061012268
283089,0.06622433988377452
283090,0.009544137661578134
283094,0.06461134599521756
283110,0.15247869864106178
283118,0.0918882661499083
283127,0.013180844951421022
283130,0.05434929276816547
283139,0.1422978788614273
283143,0.07349334238097072
283144,0.16029645781964064
283146,0.04325047670863569
283150,0.02812077198177576
283161,0.4087926857173443
283177,0.1063629649579525
283180,0.03345447755418718
283184,0.02129669184796512
283191,0.03827729308977723
283193,0.020316621754318476
283196,0.11361686373129487
283199,0.11211611144244671
283202,0.10356959421187639
283205,0.021588140400126576
283213,0.05956535926088691
283216,0.012360579858068377
283218,0.06632601609453559
283220,0.02238646021578461
283227,0.1724187768995762
283233,0.0672562955878675
283248,0.07173986500129104
283250,0.07610967243090272
283261,0.03842255054041743
283264,0.051638630917295814
283267,0.0381717246491462
283269,0.011675620975438505
283271,0.023739424417726696
283282,0.06887160195037723
283283,0.022325693105813116
283290,0.022560622659511864
283295,0.019226575852371752
283298,0.015191966842394322
283303,0.262290820479393
283309,0.011613003676757216
283310,0.015827281749807298
283314,0.06757042743265629
283317,0.021802634582854807
283318,0.01941166236065328
283323,0.15449108555912971
283327,0.1047142967581749
283328,0.053704056423157454
283336,0.23708580248057842
283340,0.03421594598330557
283344,0.04712959285825491
283345,0.23961687088012695
283360,0.024163805646821856
283361,0.004843521135626361
283383,0.13664233405143023
283387,0.04655680758878589
283390,0.03385003353469074
283412,0.024576952680945396
283426,0.030871593160554767
283429,0.21691146306693554
283433,0.03297252568881959
283437,0.05341997439973056
283438,0.01236166781745851
283461,0.021188903599977493
283466,0.01697199698537588
283477,0.012297430541366339
283479,0.10481344908475876
283483,0.05730685591697693
283484,0.015043400868307799
283486,0.0539984880015254
283500,0.022174249636009336
283512,0.11966069228947163
283515,0.03751324350014329
283517,0.33711109310388565
283519,0.013308353431057185
283523,0.021490041399374604
283528,0.05965939583256841
283555,0.05617718864232302
283565,0.019933800911530852
283572,0.040024063317105174
283576,0.030577415134757757
283586,0.34060641936957836
283590,0.025420555262826383
283606,0.0331127168610692
283615,0.010202931007370353
283619,0.05108809866942465
283632,0.14030943159013987
283635,0.06447678012773395
283636,0.02274429111275822
283641,0.06547340238466859
283642,0.0220030463533476
283647,0.02860427217092365
283667,0.01142889994662255
283683,0.10554108722135425
283684,0.06413635518401861
283687,0.06696214713156223
283691,0.04970695055089891
283693,0.12178593035787344
283701,0.038909262511879206
283702,0.02603843028191477
283711,0.13690141960978508
283713,0.35801578126847744
283726,0.026219398248940706
283730,0.054568127263337374
283736,0.02672514517325908
283737,0.11217023245990276
283740,0.0267481398768723
283748,0.03897508792579174
283750,0.1157115250825882
283756,0.007118844805518165
283757,0.011083974153734744
283774,0.2812886666506529
283776,0.06762434914708138
283784,0.07149181282147765
283790,0.18689382262527943
283796,0.018429724732413888
283806,0.02866296225693077
283816,0.0017205280673806556
283825,0.217454943805933
283827,0.02884189924225211
283835,0.009653984394390136
283839,0.08192192483693361
283843,0.20387605391442776
283874,0.18721344880759716
283880,0.020687257347162813
283881,0.17334816604852676
283882,0.3819568585604429
283887,0.016330286453012377
283891,0.13982629589736462
283893,0.031300202710554004
283895,0.007030981723801233
283900,0.20546176843345165
283906,0.03144600510131568
283938,0.007602404511999339
283943,0.014500794175546616
283953,0.18894211295992136
283958,0.09536898788064718
283961,0.004215515233227052
283972,0.0178866921341978
283973,0.014762985752895474
283986,0.06817059265449643
283990,0.004324597568484023
283994,0.19069964438676834
284000,0.008361410145880654
284002,0.11061857221648097
284003,0.07053297618404031
284035,0.24639904871582985
284049,0.0053946230036672205
284055,0.012388067319989204
284060,0.030331654357723892
284061,0.15546147525310516
284069,0.09986383421346545
284072,0.04982994846068323
284075,0.07724437490105629
284087,0.03519704379141331
284093,0.02560877613723278
284095,0.024418773013167083
284096,0.047089167637750506
284106,0.02790953917428851
284109,0.08186243753880262
284112,0.03008740209043026
284126,0.07728386670351028
284152,0.018119658809155226
284155,0.028874962124973536
284157,0.0458849563729018
284159,0.04259283421561122
284194,0.06844225246459246
284207,0.09228236321359873
284211,0.023510445025749505
284220,0.0866653979755938
284232,0.05704943183809519
284239,0.15747947059571743
284246,0.015236791223287582
284257,0.04337275051511824
284259,0.02989284065552056
284272,0.054172601317986846
284277,0.0318542254390195
284279,0.22131183184683323
284283,0.052373468643054366
284294,0.020033774431794882
284298,0.021677449229173362
284305,0.10431693494319916
284309,0.05318959872238338
284311,0.03423952416051179
284315,0.005205398119869642
284338,0.26832443848252296
284340,0.08931679930537939
284342,0.08417083555832505
284344,0.02790354611352086
284348,0.02913875482045114
284361,0.05913927708752453
284373,0.012627893651369959
284380,0.1838067388162017
284408,0.012338929693214595
284422,0.007172824174631387
284423,0.06888057384639978
284427,0.10104868840426207
284433,0.09767275908961892
284442,0.01801906351465732
284462,0.084457753226161
284481,0.13005944062024355
284487,0.02836108033079654
284492,0.008680027269292623
284495,0.027761598932556808
284499,0.21916680224239826
284503,0.05554285924881697
284506,0.07562488177791238
284507,0.009330163680715486
284511,0.31236178055405617
284512,0.03237093216739595
284513,0.0168521148734726
284520,0.09745754487812519
284537,0.013046790205407888
284557,0.09423380345106125
284560,0.023453719215467572
284571,0.0909877005033195
284573,0.1444237157702446
284574,0.005880684941075742
284575,0.019108459702692926
284576,0.10021615866571665
284578,0.022648677229881287
284592,0.030091202119365335
284606,0.3873188830912113
284609,0.060899108182638884
284614,0.029280305956490338
284627,0.02013607427943498
284630,0.0614850246347487
284633,0.009529140254016966
284647,0.08703835494816303
284650,0.042621806962415576
284655,0.033683517249301076
284661,0.010749887151177973
284664,0.00964207440847531
284668,0.010957171791233122
284682,0.0468049852643162
284683,0.22044672816991806
284691,0.07233553705736995
284692,0.15895174164325
284695,0.03676188236568123
284751,0.192005792632699
284785,0.05439305608160794
284796,0.00432220044604037
284797,0.026110487175174057
284799,0.033361705020070076
284805,0.014737597666680813
284811,0.01939073938410729
284844,0.017569155083037913
284856,0.18828664161264896
284861,0.05975071480497718
284864,0.04317911877296865
284866,0.05883414391428232
284867,0.010194641014095396
284871,0.03292845422402024
284873,0.008267109224107116
284888,0.1497540818527341
284895,0.001989150812732987
284906,0.055147961247712374
284907,0.10075906850397587
284908,0.014712866162881255
284914,0.03129057283513248
284916,0.024267188855446875
284920,0.11927805654704571
284926,0.022788800997659564
284934,0.024531984236091375
284937,0.025159669923596084
284949,0.027603016700595617
284986,0.017542873974889517
285002,0.0753218182362616
285006,0.07628253614529967
285007,0.0785757745616138
285008,0.038546932861208916
285016,0.013383713900111616
285040,0.008372669923119247
285041,0.0047234818048309535
285050,0.038331781746819615
285051,0.020056370995007455
285059,0.07515094801783562
285077,0.06211636494845152
285078,0.19809076003730297
285097,0.009165908966679126
285102,0.06584705831483006
285104,0.020678788190707564
285117,0.07667088601738214
285119,0.0445412949193269
285120,0.02004264749120921
285122,0.06257745763286948
285131,0.11666158493608236
285137,0.020557632786221802
285139,0.039592563873156905
285147,0.02682520798407495
285176,0.01717802934581414
285177,0.07151587912812829
285183,0.033951951656490564
285184,0.021783525473438203
285200,0.011749597790185362
285213,0.15791810117661953
285224,0.05670124129392207
285232,0.047149053076282144
285245,0.1560949282720685
285249,0.019182923366315663
285253,0.042131094029173255
285268,0.02861069841310382
285276,0.017148354090750217
285282,0.1464749537408352
285284,0.23742835596203804
285297,0.16899007558822632
285304,0.02768415375612676
285305,0.024983976734802127
285337,0.012249755556695163
285346,0.014801240293309093
285349,0.021216803579591215
285354,0.231656888499856
285359,0.05870922328904271
285366,0.1902961190789938
285367,0.12484475411474705
285368,0.180848422460258
285376,0.17981410771608353
285382,0.008739174634683877
285385,0.1991712423041463
285389,0.06846378091722727
285396,0.02588946488685906
285398,0.057588011026382446
285399,0.061597421765327454
285403,0.07011764356866479
285405,0.08168283384293318
285407,0.09278846299275756
285417,0.030011331662535667
285419,0.06555760093033314
285431,0.04901152849197388
285457,0.0533762916456908
285462,0.06872223829850554
285463,0.006405009480658919
285472,0.09887937782332301
285476,0.01004900352563709
285479,0.06462258938699961
285482,0.059908716939389706
285486,0.12372273951768875
285487,0.05167714809067547
285497,0.005378463101806119
285498,0.06075039994902909
285507,0.23474017903208733
285509,0.014182125392835587
285514,0.02041060966439545
285516,0.011930829496122897
285521,0.007366645324509591
285525,0.0028110802522860467
285528,0.01760653470410034
285555,0.03364400565624237
285559,0.02666585927363485
285561,0.02742632746230811
285562,0.029525471152737737
285565,0.087686313316226
285571,0.025399688514880836
285583,0.03714407444931567
285588,0.19740304350852966
285603,0.044931654119864106
285612,0.0776704316958785
285628,0.30929174087941647
285635,0.03450895589776337
285649,0.04103656718507409
285651,0.017828518757596612
285653,0.03292882419191301
285662,0.1302918721921742
285665,0.01957731187576428
285678,0.031096000224351883
285681,0.035769019508734345
285694,0.09867201978340745
285695,0.023175643174909055
285701,0.01636260817758739
285721,0.06391154462471604
285730,0.06557325460016727
285733,0.005378644331358373
285743,0.04347090073861182
285744,0.07595700677484274
285746,0.018135404447093606
285778,0.025925443624146283
285784,0.03443976631388068
285808,0.02064038743264973
285810,0.06318413489498198
285831,0.11274211667478085
285833,0.031310657039284706
285841,0.021383677434641868
285842,0.01346742661553435
285844,0.1020832140929997
285847,0.0715027553960681
285853,0.013756116386502981
285861,0.07577025704085827
285863,0.027469502994790673
285867,0.08070039236918092
285870,0.3218021132051945
285879,0.06040822574868798
285880,0.01442037126980722
285882,0.03841100633144379
285893,0.005710788958822377
285897,0.21225982904434204
285912,0.07700728718191385
285914,0.02840151940472424
285918,0.09516267571598291
285927,0.20714867673814297
285931,0.039698935113847256
285932,0.06898793205618858
285962,0.02230804250575602
285975,0.07070018583908677
285978,0.14466911740601063
285996,0.010985291039105505
286000,0.09497736999765038
286010,0.025688302470371127
286011,0.2074607964605093
286018,0.02621131343767047
286033,0.04624987835995853
286038,0.25102047249674797
286042,0.042311047203838825
286044,0.0355448629707098
286047,0.007461729546776041
286050,0.11509323213249445
286052,0.024960095062851906
286056,0.09544848464429379
286058,0.025813866639509797
286083,0.037070582853630185
286088,0.07471928419545293
286094,0.05789174186065793
286107,0.24372407421469688
286112,0.3774542734026909
286124,0.031059585162438452
286128,0.0640126671642065
286141,0.08049935661256313
286146,0.11346732452511787
286147,0.0436940046492964
286153,0.005429030075902119
286163,0.023174424306489527
286169,0.0473490497097373
286175,0.053713178960606456
286185,0.00671455217525363
286194,0.05261562718078494
286198,0.07287875190377235
286201,0.023192542954348028
286202,0.16292342357337475
286213,0.036390106193721294
286218,0.0574755035340786
286250,0.010618312429869547
286257,0.1185223301872611
286264,0.1096393009647727
286265,0.07764131389558315
286266,0.01794775715097785
286287,0.05114971147850156
286292,0.005101420683786273
286294,0.06336753163486719
286295,0.05124769825488329
286299,0.08947739470750093
286300,0.1689122561365366
286302,0.05525601212866604
286310,0.08478415617719293
286316,0.034530557226389647
286332,0.08907327894121408
286353,0.037234488409012556
286354,0.0453264769166708
286357,0.01707146386615932
286375,0.007629122235812247
286382,0.051047476939857006
286389,0.04389516217634082
286404,0.027962985215708613
286405,0.08362613152712584
286411,0.20397422276437283
286412,0.030296450247988105
286421,0.06096061132848263
286423,0.018973963044118136
286426,0.11080195801332593
286433,0.07085137348622084
286438,0.07492051180452108
286441,0.04081989615224302
286444,0.020339408074505627
286447,0.013379111303947866
286459,0.12960383761674166
286473,0.013464905321598053
286484,0.010707731591537595
286485,0.3468553274869919
286501,0.08561601908877492
286502,0.06430179253220558
286509,0.03487075702287257
286511,0.464436300098896
286516,0.27302636206150055
286547,0.20998732559382915
286549,0.0805634306743741
286553,0.04000958148390055
286558,0.03485911968164146
286566,0.016564609424676746
286572,0.056988619500771165
286582,0.01666448963806033
286587,0.04304723860695958
286590,0.07295750640332699
286594,0.10757612064480782
286598,0.015606636763550341
286602,0.04941814742051065
286608,0.23099082335829735
286610,0.05819789553061128
286627,0.028704123571515083
286661,0.009081698721274734
286664,0.06258960207924247
286668,0.009253351716324687
286683,0.017722258635330945
286684,0.022557057323865592
286689,0.015679525735322386
286696,0.07764433557167649
286697,0.03741134563460946
286703,0.10992948245257139
286705,0.03694913117215037
286707,0.04548220196738839
286708,0.03979210346005857
286711,0.023647358058951795
286714,0.027984766638837755
286734,0.03840400790795684
286747,0.042806579265743494
286760,0.05200937297195196
286763,0.05189726431854069
286772,0.01678614050615579
286773,0.01281331351492554
286791,0.026415322441607714
286813,0.11605233699083328
286814,0.053415558533743024
286817,0.014331176353152841
286836,0.015271235490217805
286838,0.05339786782860756
286844,0.07209927914664149
286854,0.05463251797482371
286856,0.03825783426873386
286859,0.033944778610020876
286864,0.016995862126350403
286865,0.2598205395042896
286868,0.1457440573722124
286881,0.09543911181390285
286882,0.14104639552533627
286888,0.020106012700125575
286890,0.33707286790013313
286892,0.043737679021432996
286895,0.018529821594711393
286906,0.050216961186379194
286924,0.013697026239242405
286930,0.02416881639510393
286931,0.05621972493827343
286942,0.060495981480926275
286955,0.026278920471668243
286960,0.07421990856528282
286962,0.06562555441632867
286966,0.012781353667378426
286967,0.009324380662292242
286971,0.04747461248189211
286983,0.021402951271738857
286985,0.017782649490982294
286986,0.07755651418119669
286987,0.17783719953149557
286992,0.12116144364699721
287003,0.012309742800425738
287004,0.008018231659661978
287006,0.029459889396093786
287029,0.03736353479325771
287036,0.01837369636632502
287038,0.1255330890417099
287049,0.03321456792764366
287050,0.011938725539948791
287057,0.02731128758750856
287065,0.00968864478636533
287066,0.12435048725456
287089,0.13896261807531118
287093,0.27539803460240364
287096,0.14745282754302025
287103,0.11998462490737438
287104,0.05364077026024461
287109,0.02950485609471798
287133,0.28861502185463905
287137,0.02132295712362975
287141,0.16321183741092682
287146,0.03317640954628587
287148,0.007502128457417712
287177,0.011583518295083195
287184,0.013697980379220098
287197,0.09886975027620792
287204,0.09398523531854153
287206,0.11178346071392298
287208,0.03706055087968707
287225,0.06556534115225077
287228,0.01984079892281443
287252,0.15033470280468464
287260,0.026612500427290797
287264,0.1498116720467806
287270,0.04715399583801627
287271,0.0661771479062736
287272,0.007645252684596926
287274,0.04068025597371161
287280,0.013576954137533903
287281,0.04995718155987561
287290,0.04375401115976274
287298,0.03192889713682234
287299,0.04712982103228569
287301,0.014823363744653761
287314,0.04655892006121576
287321,0.12336480058729649
287322,0.00864290219033137
287329,0.1753732180222869
287331,0.125122862868011
287337,0.028025389765389264
287349,0.03182192146778107
287358,0.07922037737444043
287370,0.20397727191448212
287371,0.019862784422002733
287376,0.005614345893263817
287378,0.022844777908176184
287386,0.08937038667500019
287394,0.0567657935898751
287397,0.03073092340491712
287419,0.021268230979330838
287428,0.01920229895040393
287438,0.04524931823834777
287439,0.02088196703698486
287449,0.09237283514812589
287450,0.01623319904319942
287460,0.05510354833677411
287472,0.11675297562032938
287474,0.17660162691026926
287483,0.029946190072223544
287495,0.037535321433097124
287510,0.05340471537783742
287512,0.007309303211513907
287530,0.01354231801815331
287531,0.008896986022591591
287543,0.02729050547350198
287549,0.0761437569744885
287564,0.14045826345682144
287574,0.017643629456870258
287580,0.013238643412478268
287587,0.050359194399788976
287594,0.03329511673655361
287605,0.17824059817939997
287617,0.10621263412758708
287621,0.0235534212552011
287626,0.02334175701253116
287629,0.10117599088698626
287632,0.08855715999379754
287636,0.1356245269998908
287644,0.06042720773257315
287648,0.05825286521576345
287666,0.066626928281039
287672,0.06617359910160303
287701,0.09168700408190489
287708,0.035666539100930095
287718,0.029853159561753273
287724,0.09769834764301777
287726,0.018941013957373798
287729,0.08561752596870065
287732,0.10494731552898884
287733,0.020926441764459014
287734,0.2544849831610918
287750,0.09462105389684439
287755,0.0785991488955915
287762,0.04118906147778034
287764,0.022899673087522388
287766,0.015378333977423608
287775,0.02184463944286108
287781,0.02544735698029399
287785,0.032088352367281914
287789,0.030506463954225183
287792,0.17055374570190907
287796,0.007484136469429359
287804,0.08519537700340152
287822,0.020485232234932482
287835,0.00828905706293881
287840,0.021457665599882603
287850,0.07107700686901808
287851,0.02927245618775487
287852,0.10075728502124548
287858,0.0654954188503325
287859,0.017155724810436368
287860,0.08232187572866678
287861,0.0673537696711719
287866,0.012127507419791073
287868,0.07304519275203347
287873,0.056648135650902987
287876,0.04312955355271697
287877,0.024834285024553537
287878,0.01572645374108106
287879,0.093132508918643
287883,0.006284619914367795
287888,0.007012650050455704
287894,0.37954796850681305
287895,0.03904542722739279
287912,0.14406842552125454
287915,0.07006133114919066
287920,0.009361631353385746
287922,0.03215943765826523
287926,0.0550584071315825
287929,0.06468508904799819
287931,0.1834702529013157
287936,0.051201842026785016
287942,0.039994030725210905
287946,0.08809275319799781
287948,0.10394655773416162
287963,0.21178318560123444
288003,0.010666300659067929
288005,0.027081877808086574
288012,0.09495283383876085
288013,0.14044304937124252
288026,0.02511574642267078
288027,0.024863143102265894
288031,0.14868644066154957
288039,0.012289926933590323
288041,0.2179631758481264
288045,0.11865262500941753
288065,0.12401321530342102
288068,0.05210039555095136
288079,0.07916913786903024
288084,0.40900611877441406
288111,0.16634583938866854
288129,0.09988272050395608
288138,0.5932060889899731
288154,0.06870517507195473
288167,0.00783657279680483
288178,0.05985764740034938
288184,0.011576262535527349
288193,0.007544461026554927
288203,0.1884462321177125
288207,0.1328173540532589
288223,0.07845167769119143
288226,0.1695053419098258
288237,0.025103996274992824
288257,0.1878945343196392
288259,0.04963822336867452
288269,0.05922102415934205
288273,0.01921650255098939
288276,0.0419926350004971
288280,0.04040864668786526
288283,0.01727281289640814
288291,0.05049138376489282
288299,0.027084743371233344
288305,0.052021152805536985
288316,0.005203898064792156
288322,0.027289709192700684
288333,0.016183629166334867
288337,0.07853777287527919
288341,0.012654338381253183
288345,0.04719316679984331
288348,0.03074719337746501
288350,0.07961880974471569
288353,0.09106477815657854
288372,0.04258391633629799
288375,0.17985683865845203
288395,0.015004110347945243
288408,0.07502554822713137
288425,0.03510048578027636
288430,0.10429638437926769
288433,0.0265344874933362
288459,0.04077143268659711
288462,0.05185939511284232
288463,0.16887240298092365
288470,0.0472467802464962
288472,0.07782060094177723
288475,0.055524983908981085
288495,0.16255047172307968
288517,0.09513045847415924
288530,0.16145492531359196
288535,0.06295315898023546
288539,0.013115872512571514
288540,0.030423181364312768
288547,0.2786459308117628
288553,0.12345306761562824
288555,0.2124810293316841
288556,0.021716832648962736
288562,0.018229444860480726
288564,0.02206575742457062
288567,0.11624739691615105
288576,0.02323812071699649
288579,0.018727004528045654
288580,0.08189898869022727
288589,0.021827976335771382
288596,0.13511185348033905
288597,0.05252734199166298
288599,0.006747933541191742
288601,0.032374673057347536
288617,0.011492859106510878
288621,0.06964298989623785
288635,0.04179660230875015
288656,0.006135976655059494
288666,0.026270729256793857
288670,0.140880367718637
288671,0.0231103670084849
288673,0.016682656481862068
288678,0.1559082819148898
288693,0.14440058078616858
288699,0.024159945198334754
288706,0.19156775064766407
288728,0.019189082086086273
288739,0.06721939146518707
288741,0.034067506436258554
288755,0.020682921982370317
288763,0.006934921519132331
288766,0.02300671103876084
288775,0.19153742399066687
288780,0.016711497970391065
288793,0.08284187782555819
288811,0.02888199151493609
288821,0.05844232486560941
288829,0.15440968330949545
288835,0.005961831004242413
288836,0.03568008518777788
288838,0.13163451571017504
288851,0.019409866421483457
288853,0.029264212120324373
288854,0.01999044558033347
288855,0.01507261855294928
288876,0.019354929449036717
288879,0.17980188969522715
288884,0.48186418786644936
288886,0.01767017785459757
288891,0.0478021833114326
288898,0.05108898947946727
288911,0.1843952275812626
288913,0.01627971779089421
288927,0.02252006472554058
288928,0.019929034169763327
288931,0.12747028656303883
288955,0.011931369605008513
288961,0.044231690699234605
288969,0.21221587993204594
288971,0.04231619299389422
288973,0.06020204001106322
288982,0.01931811450049281
288983,0.00879024647292681
288986,0.055022995453327894
288992,0.0793141950853169
288993,0.029989175498485565
288996,0.07963326387107372
289007,0.15186659712344408
289008,0.018750233168248087
289014,0.06704468466341496
289015,0.023791808634996414
289016,0.021076207980513573
289017,0.025066567701287568
289028,0.02181262639351189
289030,0.1174837201833725
289040,0.05327572347596288
289048,0.021415018243715167
289051,0.06251252489164472
289055,0.006272589525906369
289057,0.010346288850996643
289062,0.09164166636765003
289063,0.07586203143000603
289069,0.029586227843537927
289073,0.03725164057686925
289074,0.028045256156474352
289085,0.0464488691650331
289092,0.03973762225359678
289097,0.010323062888346612
289111,0.043628263054415584
289112,0.057714329566806555
289116,0.037680304842069745
289123,0.031226778868585825
289145,0.5384696573019028
289146,0.06366098998114467
289158,0.06571376137435436
289165,0.08905173558741808
289166,0.051939858589321375
289167,0.11310115177184343
289170,0.1068441765382886
289193,0.025651785545051098
289198,0.03000301355496049
289209,0.10473666619509459
289211,0.08201227779500186
289215,0.05764009663835168
289220,0.05703203449957073
289232,0.03485352103598416
289244,0.058280253084376454
289258,0.035955889616161585
289271,0.0158996453974396
289274,0.13693324010819197
289312,0.06165353674441576
289321,0.09556836541742086
289325,0.06480157608166337
289333,0.03930268716067076
289340,0.057406467851251364
289368,0.010265547258313745
289375,0.04234087117947638
289380,0.0765903010033071
289381,0.020405181916430593
289384,0.036265282426029444
289403,0.01210732979234308
289408,0.09579705586656928
289416,0.017478677269537002
289463,0.0542623046785593
289488,0.090955660212785
289495,0.16381241660565138
289498,0.022585187340155244
289499,0.02481654519215226
289515,0.010418247868074104
289531,0.00832323043141514
289541,0.07780698360875249
289554,0.026708724326454103
289565,0.04314400628209114
289590,0.010578972811345011
289596,0.08931084489449859
289601,0.04016107157804072
289602,0.02579302212689072
289603,0.0627523260191083
289608,0.03983025625348091
289622,0.09274501167237759
289623,0.011656901275273412
289625,0.013617170741781592
289634,0.03366740420460701
289648,0.06282280525192618
289650,0.012536115013062954
289662,0.10148564586415887
289667,0.28054197132587433
289674,0.004674559488194063
289682,0.014390372263733298
289702,0.018447863403707743
289706,0.02845314342994243
289709,0.0692998357117176
289716,0.11355633102357388
289725,0.00807563736452721
289732,0.021571763674728572
289743,0.062445434741675854
289762,0.005022595025366172
289766,0.05356625746935606
289770,0.07319479342550039
289775,0.0984445926733315
289777,0.03013543679844588
289783,0.044753134017810225
289797,0.08370601013302803
289798,0.00819907762343064
289802,0.06447663297876716
289812,0.039872534573078156
289814,0.00793297088239342
289819,0.04004663648083806
289828,0.09934964682906866
289831,0.09588737692683935
289835,0.017640590318478644
289844,0.026970462640747428
289850,0.03515077685005963
289851,0.08984086895361543
289865,0.020728877978399396
289869,0.11083172354847193
289891,0.20368356443941593
289907,0.01878689439035952
289919,0.02452066622208804
289923,0.08780053118243814
289924,0.05961987003684044
289927,0.020587632432579994
289929,0.13345171697437763
289951,0.014372239296790212
289959,0.02278752881102264
289964,0.08376905089244246
289965,0.05050932499580085
289966,0.027095087221823633
289971,0.05558276502415538
289988,0.0403826511465013
289989,0.05639031738974154
289995,0.26303108781576157
290005,0.05294846626929939
290013,0.10388363339006901
290031,0.07167563354596496
290036,0.07871932117268443
290038,0.18932387605309486
290041,0.09451541397720575
290056,0.10358250327408314
290058,0.02290144481230527
290065,0.17314002942293882
290069,0.09055278403684497
290070,0.04860807489603758
290074,0.1344045978039503
290076,0.04361693491227925
290082,0.06219117669388652
290105,0.02399230725131929
290111,0.007190829113824293
290114,0.03455614554695785
290116,0.09414416365325451
290117,0.062154419254511595
290128,0.0752997281961143
290130,0.06545066926628351
290139,0.04913029517047107
290151,0.01448764931410551
290154,0.012900497938971967
290158,0.04653196223080158
290180,0.10706630256026983
290183,0.011371879430953413
290190,0.122468042653054
290191,0.06628056475892663
290199,0.0589521205984056
290200,0.06651752348989248
290202,0.020991910947486758
290205,0.2621908411383629
290206,0.015150654187891632
290219,0.08720471430569887
290227,0.012598556000739336
290232,0.026453987113200128
290233,0.16771111264824867
290242,0.10043797362595797
290246,0.031171080539934337
290247,0.0757300490513444
290257,0.08275870513170958
290259,0.02536392759066075
290260,0.04046080447733402
290270,0.02738612040411681
290273,0.042853084625676274
290276,0.12497291527688503
290281,0.21233133412897587
290296,0.025325859896838665
290303,0.03145985538139939
290306,0.034347105072811246
290331,0.04097839677706361
290340,0.020015613816212863
290349,0.10804398451000452
290355,0.046601785346865654
290365,0.12940063420683146
290379,0.21273847483098507
290389,0.013399003888480365
290408,0.027454406372271478
290409,0.072095044888556
290433,0.04944763542152941
290437,0.03275392996147275
290440,0.06066660303622484
290448,0.027426518965512514
290466,0.011965067824348807
290467,0.03683696431107819
290479,0.015967553888913244
290490,0.08198299119248986
290492,0.017238756292499602
290503,0.04412919213064015
290508,0.026223065797239542
290524,0.0856740646995604
290526,0.05577792739495635
290527,0.07652920996770263
290541,0.12475091405212879
290557,0.056264195358380675
290564,0.051330974558368325
290572,0.01953902468085289
290576,0.1958925984799862
290588,0.02288231742568314
290589,0.03434899332933128
290595,0.036857556784525514
290598,0.022006678744219244
290605,0.08022149978205562
290609,0.016076091793365777
290610,0.022874688496813178
290612,0.046301418682560325
290634,0.04028980596922338
290635,0.11393000185489655
290644,0.24449762888252735
290672,0.08754608640447259
290681,0.023253951338119805
290693,0.05178798479028046
290695,0.03118430613540113
290702,0.020442619221284986
290703,0.0097051594639197
290711,0.18095131684094667
290713,0.26027332805097103
290727,0.12489759270101786
290730,0.04035556176677346
290734,0.06275500869378448
290745,0.09508081944659352
290746,0.10634121438488364
290751,0.13005306664854288
290758,0.010445841966429725
290766,0.04421983752399683
290784,0.04800788965076208
290786,0.007012355490587652
290813,0.2723564598709345
290849,0.13162311352789402
290852,0.01809440355282277
290881,0.22553426958620548
290884,0.027600921574048698
290885,0.025390255847014487
290889,0.036433302564546466
290911,0.04242461617104709
290913,0.18329763412475586
290923,0.01467586972285062
290926,0.006670010188827291
290936,0.07100625894963741
290941,0.1372337071225047
290945,0.08093907544389367
290955,0.03903554717544466
290961,0.038395052310079336
290964,0.01405944157158956
290967,0.03103150997776538
290970,0.007778499712003395
290974,0.03269135137088597
290976,0.03435841295868158
290978,0.016402631299570203
290981,0.012654932448640466
290991,0.04675815999507904
291005,0.012798835523426533
291009,0.013807452924083918
291011,0.1012717792764306
291012,0.12121938541531563
291018,0.3377367537468672
291023,0.02983839064836502
291028,0.04389090184122324
291034,0.050288671627640724
291038,0.028009122353978455
291039,0.2320814784616232
291041,0.248336436226964
291045,0.06682866998016834
291048,0.07466750266030431
291052,0.0668322395067662
291055,0.020232207025401294
291082,0.021756927715614438
291085,0.07955144299194217
291086,0.011112723441328853
291094,0.03567532356828451
291103,0.11429348727688193
291108,0.0495038409717381
291110,0.0977448602207005
291113,0.01874473108910024
291117,0.014771229529287666
291124,0.04653063486330211
291129,0.021074866643175483
291142,0.07097443100064993
291155,0.1798545178025961
291157,0.05846527242101729
291177,0.015422550612129271
291178,0.03447862435132265
291180,0.010590751306153834
291188,0.26977347768843174
291198,0.06639004731550813
291200,0.03922099503688514
291202,0.03335172473452985
291207,0.01905479666311294
291218,0.015395949070807546
291231,0.04478874010965228
291232,0.07591082947328687
291240,0.018861831864342093
291241,0.15719528310000896
291245,0.046509478241205215
291256,0.010796472779475152
291273,0.1258030477911234
291274,0.046079590218141675
291277,0.10178628750145435
291290,0.15135436411947012
291303,0.018406436895020306
291310,0.01367737731197849
291311,0.052877346985042095
291319,0.28239747509360313
291324,0.037148116854950786
291331,0.05155420186929405
291334,0.04177789483219385
291348,0.09955089399591088
291349,0.13944248016923666
291359,0.015150333871133626
291365,0.005829935282235965
291379,0.07920373836532235
291396,0.006602370965993032
291411,0.07702394435182214
291424,0.022800408420152962
291425,0.012534745736047626
291428,0.16040833573788404
291446,0.1342897405847907
291449,0.008014147519133985
291461,0.04516129335388541
291465,0.018409883370622993
291480,0.026701061986386776
291486,0.03900517476722598
291487,0.01854482456110418
291491,0.012416983139701188
291499,0.00971413537627086
291505,0.10017748735845089
291512,0.09015082707628608
291513,0.07435790216550231
291521,0.027423649094998837
291523,0.005054651061072946
291543,0.05067254742607474
291545,0.0352987942751497
291546,0.1394929625093937
291550,0.01768144522793591
291552,0.019355985103175044
291561,0.07736062677577138
291579,0.034082045778632164
291584,0.26651090756058693
291586,0.03603773703798652
291590,0.06871134787797928
291592,0.49403536319732666
291593,0.0060302338970359415
291599,0.04321112507022917
291615,0.014548701699823141
291617,0.008029516611713916
291628,0.07174945110455155
291654,0.06222546147182584
291658,0.09970518713817
291659,0.01665383845102042
291661,0.12932929396629333
291671,0.06656070938333869
291677,0.00347264146694215
291689,0.10447996528819203
291693,0.030775046441704035
291695,0.020467478083446622
291696,0.14969128277152777
291697,0.016181332641281188
291702,0.07314892997965217
291711,0.01521365559892729
291713,0.08792986674234271
291715,0.054179488215595484
291718,0.040701745776459575
291733,0.027002808055840433
291742,0.038420399418100715
291748,0.015837939106859267
291765,0.011085378413554281
291771,0.03837679233402014
291773,0.06093847844749689
291788,0.033776104683056474
291789,0.03381877951323986
291796,0.09332232316955924
291800,0.10221164021641016
291817,0.0161643325118348
291822,0.15275469608604908
291840,0.2542876396328211
291843,0.02164911839645356
291855,0.16597849689424038
291858,0.012241828662808985
291870,0.0546378530561924
291872,0.010283278825227171
291874,0.023903223569504917
291883,0.032737041590735316
291888,0.008845218224450946
291894,0.07719673868268728
291901,0.010977389407344162
291928,0.11729065980762243
291930,0.006128254870418459
291949,0.014205225161276758
291951,0.06752396561205387
291953,0.013005916203837842
291955,0.034571458818390965
291963,0.28806472197175026
291969,0.06519428128376603
291980,0.17852021101862192
292010,0.017246190924197435
292022,0.050854622619226575
292023,0.06628972059115767
292031,0.030581982573494315
292034,0.05941652716137469
292043,0.021951732807792723
292049,0.07388147944584489
292055,0.043621446238830686
292062,0.04740114137530327
292070,0.028500070329755545
292072,0.12942502368241549
292073,0.007483322115149349
292082,0.2214209008961916
292096,0.05672912858426571
292098,0.0475910312961787
292116,0.032788258977234364
292118,0.059834843035787344
292126,0.07695697527378798
292128,0.03710575890727341
292137,0.02981138532049954
292138,0.016851761378347874
292142,0.06546598020941019
292149,0.24291319213807583
292181,0.22884874045848846
292189,0.009527175163384527
292191,0.04008539509959519
292205,0.01716279296670109
292219,0.08803453203290701
292227,0.011332374124322087
292231,0.17602515872567892
292238,0.034576114267110825
292246,0.05430254293605685
292248,0.027829926693812013
292259,0.04487073142081499
292261,0.08378973370417953
292266,0.08857148606330156
292267,0.017357470525894314
292272,0.11004978464916348
292278,0.20530833303928375
292281,0.04850704991258681
292286,0.03762147179804742
292288,0.24334009923040867
292289,0.016118528903461993
292304,0.04084406886249781
292307,0.018372918071690947
292319,0.057341471780091524
292320,0.06964070815593004
292325,0.07474649092182517
292326,0.16634886525571346
292331,0.01305677357595414
292332,0.010426140361232683
292333,0.00926335362601094
292334,0.06006716191768646
292337,0.01871569803915918
292338,0.15594269335269928
292342,0.03836253681220114
292347,0.009825390123296529
292350,0.05607820954173803
292355,0.027395622804760933
292360,0.014170153357554227
292362,0.012592076731380075
292363,0.0915856072679162
292364,0.012925597722642124
292383,0.12972248997539282
292397,0.06667993497103453
292409,0.15754037722945213
292417,0.13050311617553234
292426,0.013076820119749755
292428,0.02227868209592998
292439,0.19755952805280685
292443,0.12781759724020958
292448,0.05389715451747179
292451,0.01936309097800404
292452,0.0282656941562891
292456,0.012139927304815501
292460,0.03255609981715679
292463,0.0685984524898231
292464,0.18782793171703815
292476,0.03251400333829224
292480,0.04393083415925503
292483,0.008562302682548761
292493,0.03600304410792887
292501,0.22510523721575737
292506,0.012732618895824999
292508,0.025759037933312356
292513,0.044418542413040996
292525,0.040010699653066695
292533,0.02165290666744113
292540,0.143373753875494
292541,0.009507882816251367
292544,0.012248529237695038
292549,0.024067670106887817
292550,0.022711353609338403
292557,0.07571566104888916
292558,0.021845001028850675
292562,0.02824415685608983
292564,0.006360662431688979
292583,0.17183546628803015
292612,0.015624115825630724
292618,0.02565471630077809
292623,0.2186411302536726
292631,0.0054776082979515195
292633,0.21909961104393005
292641,0.018650562968105078
292643,0.028524513822048903
292649,0.00851998501457274
292650,0.06324488250538707
292651,0.1250703278928995
292655,0.021326696267351508
292659,0.08084542257711291
292677,0.011516104568727314
292693,0.017893200099933892
292697,0.036689976695925
292700,0.029894639737904072
292702,0.03020174684934318
292710,0.0163043977227062
292727,0.19592474214732647
292731,0.08415197255089879
292732,0.09759748727083206
292734,0.0172181460657157
292735,0.013320636178832501
292737,0.047495651757344604
292739,0.04911267780698836
292741,0.01715706556569785
292767,0.01004161685705185
292778,0.024707794073037803
292807,0.1107921414077282
292813,0.1762767033651471
292834,0.10384827386587858
292837,0.028065856313332915
292839,0.007423633505823091
292844,0.049641727935522795
292869,0.024631283013150096
292874,0.016691363183781505
292892,0.036685377126559615
292894,0.021973477909341455
292916,0.3539351224899292
292921,0.08739853883162141
292925,0.05636032111942768
292929,0.2077499609440565
292933,0.01707745308522135
292935,0.08668165653944016
292938,0.029290785547345877
292945,0.06148648168891668
292946,0.04886288265697658
292953,0.037289747735485435
292966,0.1869129054248333
292968,0.017431887215934694
292983,0.021345178596675396
292988,0.089087575674057
292992,0.0295954467728734
292997,0.07690532878041267
293002,0.057228732854127884
293013,0.0337838726118207
293030,0.14996646996587515
293043,0.2787797134369612
293070,0.2943018116056919
293093,0.01440668961731717
293103,0.09237417113035917
293104,0.008936366357374936
293117,0.32580106891691685
293123,0.06311859283596277
293126,0.16895281057804823
293128,0.006770179810700938
293136,0.008610104734543711
293142,0.02441890467889607
293146,0.37985237315297127
293149,0.3834863230586052
293159,0.012401369982399046
293169,0.01764562795870006
293172,0.025908379582688212
293175,0.029385938891209662
293176,0.04324837611056864
293192,0.010917414678260684
293213,0.023450329201295972
293218,0.06417971570044756
293219,0.07872982509434223
293224,0.040800604270771146
293225,0.03175373049452901
293234,0.05312119657173753
293243,0.057631447445601225
293249,0.009291534253861755
293256,0.023068706272169948
293276,0.13284106831997633
293283,0.2583304513245821
293295,0.02952853520400822
293308,0.021494644694030285
293309,0.040808389661833644
293316,0.022563350736163557
293326,0.02349855483043939
293330,0.009507730836048722
293351,0.1043576574884355
293361,0.011458191031124443
293366,0.12712766788899899
293376,0.14917788095772266
293377,0.019636146957054734
293382,0.03739991644397378
293383,0.07021672325208783
293385,0.04226560262031853
293402,0.11537754721939564
293403,0.05658965930342674
293405,0.025563103146851063
293412,0.028754039900377393
293430,0.03383766720071435
293435,0.01929016353096813
293438,0.01960268395487219
293445,0.04589583119377494
293447,0.11913149524480104
293451,0.08713619597256184
293463,0.013736860768403858
293471,0.01991419866681099
293482,0.07026332058012486
293485,0.0194839620962739
293493,0.14311135467141867
293496,0.013568773574661463
293505,0.18370921909809113
293507,0.05558482790365815
293508,0.09114562347531319
293518,0.041068219812586904
293524,0.023048355244100094
293527,0.02660196740180254
293537,0.024626580998301506
293542,0.05134120723232627
293556,0.0040625246037961915
293560,0.17713859863579273
293563,0.2290332093834877
293565,0.008187859377358109
293597,0.033807590370997787
293603,0.027461040415801108
293607,0.046136490534991026
293621,0.025459931697696447
293622,0.0293268752284348
293623,0.04913679929450154
293636,0.16298132482916117
293643,0.05856796307489276
293659,0.05632402468472719
293678,0.028296402422711253
293679,0.038782743737101555
293681,0.05306945601478219
293684,0.10858968924731016
293692,0.06217820616438985
293696,0.023308243369683623
293733,0.02360319986473769
293734,0.013033130555413663
293745,0.06621934985741973
293751,0.04237633408047259
293770,0.13589515071362257
293778,0.048860237933695316
293789,0.007472851197235286
293809,0.015830665011890233
293815,0.014447697438299656
293816,0.09759007627144456
293819,0.07488723006099463
293822,0.1022384725511074
293846,0.2319670096039772
293849,0.0052755460783373564
293850,0.01885233004577458
293851,0.12012546136975288
293860,0.020367913763038814
293863,0.09394573047757149
293881,0.0788065567612648
293900,0.0523300813511014
293907,0.053076505195349455
293915,0.007701352064032108
293931,0.005831643851706758
293935,0.029320744099095464
293942,0.07165417727082968
293944,0.2158443033695221
293967,0.05046564573422074
293968,0.124213638715446
293971,0.0077775074751116335
293972,0.023678016499616206
293974,0.05820762040093541
293976,0.08617134345695376
293985,0.011905995779670775
293996,0.34875600785017014
294004,0.030196755891665816
294007,0.16500422544777393
294010,0.010985613625962287
294013,0.09686065465211868
294016,0.07624460011720657
294018,0.07032405398786068
294028,0.11333778686821461
294041,0.023429593071341515
294047,0.020317500573582947
294055,0.028071610955521464
294062,0.06255729403346777
294069,0.05767670972272754
294075,0.12215417250990868
294091,0.014420265681110322
294108,0.023790121311321855
294116,0.07152263959869742
294125,0.08907231036573648
294129,0.033207800588570535
294130,0.0030751498852623627
294134,0.013059110555332154
294135,0.10379742458462715
294136,0.05534437811002135
294141,0.07978221355006099
294160,0.010089742456329986
294164,0.0936534027568996
294184,0.03607421391643584
294191,0.07489751698449254
294195,0.05533355171792209
294199,0.007848887878935784
294208,0.3585712667554617
294221,0.005504959073732607
294225,0.05889039905741811
294230,0.055260676657781005
294236,0.06505104340612888
294256,0.024749121628701687
294257,0.0022147784402477555
294258,0.11185180209577084
294282,0.06671578669920564
294287,0.08678103517740965
294290,0.016747231711633503
294300,0.06357540190219879
294302,0.009231961448676884
294313,0.00834897207096219
294314,0.11098307650536299
294322,0.014450247981585562
294336,0.13339547906070948
294339,0.07645229995250702
294348,0.03772977786138654
294365,0.1531418403610587
294373,0.13100918661803007
294383,0.044318208703771234
294403,0.029392068041488528
294406,0.04352719662711024
294417,0.5315243639051914
294452,0.2620347924530506
294463,0.1259391000494361
294471,0.023819966008886695
294486,0.014170913374982774
294501,0.07465442130342126
294504,0.1435627369210124
294509,0.0230555726448074
294511,0.03229234484024346
294519,0.017149275867268443
294530,0.032057024538517
294532,0.16743575781583786
294547,0.11791710555553436
294548,0.024214179953560233
294554,0.013528000155929476
294577,0.05814134143292904
294578,0.015026498935185373
294580,0.06665772385895252
294583,0.0522484527900815
294592,0.033880029106512666
294595,0.013823315501213074
294602,0.013461309252306819
294613,0.11768034473061562
294617,0.035470697563141584
294631,0.2804650757461786
294641,0.0445976781193167
294653,0.12272914499044418
294657,0.019486325443722308
294661,0.08656524727120996
294665,0.0072685545310378075
294668,0.018035157991107553
294671,0.0367181939072907
294682,0.017760122078470886
294685,0.012499475909862667
294688,0.03738103900104761
294690,0.2869999650865793
294698,0.06284093018621206
294717,0.11237308010458946
294724,0.009407680016011
294726,0.014081998670008034
294738,0.03354266798123717
294744,0.0738964460324496
294758,0.08800909481942654
294762,0.019081156118772924
294776,0.07673597196117043
294777,0.016658657928928733
294807,0.1015510717406869
294816,0.1119689978659153
294821,0.00900001241825521
294825,0.1012141453102231
294834,0.03726046369411051
294835,0.04278924269601703
294836,0.06476027145981789
294840,0.07432242576032877
294842,0.19741309992969036
294864,0.020199925638735294
294874,0.1057755583897233
294880,0.09841524949297309
294881,0.016796793439425528
294897,0.01822140335571021
294898,0.06932472484186292
294920,0.09935056138783693
294923,0.1259351959452033
294926,0.033054816303774714
294937,0.04948772629722953
294941,0.029250047635287046
294951,0.1699632341042161
294952,0.010710975853726268
294953,0.028788613388314843
294982,0.035861905198544264
294989,0.06898503145202994
294995,0.2121263723820448
295009,0.12304425239562988
295010,0.12178296595811844
295013,0.047436643624678254
295016,0.028573462273925543
295022,0.15105339232832193
295024,0.06967706652358174
295040,0.22915511671453714
295045,0.029020737623795867
295047,0.03809941164217889
295056,0.09936429094523191
295073,0.1931351888924837
295080,0.01803913083858788
295093,0.02775895595550537
295094,0.2563322726637125
295095,0.0797859369777143
295107,0.0089375288807787
295116,0.04728095349855721
295140,0.04558635433204472
295150,0.1992500927299261
295154,0.2799955699592829
295155,0.07536356057971716
295162,0.043933735229074955
295163,0.03353874199092388
295168,0.21107962541282177
295176,0.0072620023565832525
295182,0.021301290951669216
295183,0.1262384755536914
295216,0.058347075479105115
295219,0.017987970961257815
295239,0.05181457311846316
295246,0.010700004815589637
295255,0.028918531257659197
295257,0.1794332256540656
295261,0.005609789863228798
295263,0.028314761351794004
295265,0.045755396131426096
295274,0.111320611089468
295281,0.06906059104949236
295286,0.08717741398140788
295299,0.04256279533728957
295304,0.009203899942804128
295306,0.009408889629412442
295321,0.0347471977584064
295339,0.015870682196691632
295342,0.01842636102810502
295346,0.14231226034462452
295348,0.05182328005321324
295354,0.012871021463070065
295367,0.06835518265143037
295372,0.03506668680347502
295373,0.01558924955315888
295374,0.06858497811481357
295387,0.007197507482487708
295389,0.0542123441118747
295396,0.06393367238342762
295415,0.0792341772466898
295418,0.0296305394731462
295421,0.015372596913948655
295425,0.01870523951947689
295431,0.01715989294461906
295434,0.020599632523953915
295443,0.07075399626046419
295453,0.012994896504096687
295473,0.011973209271673113
295476,0.11802370194345713
295477,0.16727931797504425
295488,0.17228748183697462
295499,0.053167973179370165
295504,0.006738047261023894
295505,0.15870477352291346
295524,0.006701893813442439
295529,0.042799590388312936
295533,0.0809892532415688
295534,0.010232020344119519
295549,0.009893913083942607
295565,0.013944526261184365
295584,0.027905530529096723
295585,0.03452910669147968
295597,0.09476764965802431
295599,0.07060002954676747
295604,0.015914776944555342
295616,0.07752592209726572
295635,0.02937680878676474
295637,0.008699597034137696
295670,0.01630303292768076
295678,0.019173476612195373
295701,0.0207979001570493
295711,0.12129979021847248
295713,0.09852374019101262
295734,0.11370454076677561
295739,0.036201045382767916
295750,0.031267596408724785
295773,0.5154458023607731
295783,0.1268316302448511
295787,0.02008910709992051
295790,0.07402174221351743
295795,0.022213516174815595
295820,0.0297465588664636
295821,0.10513784689828753
295826,0.02737526991404593
295836,0.027851085644215345
295837,0.13029318023473024
295842,0.03697559214197099
295848,0.01967246679123491
295850,0.09461846901103854
295869,0.015460319176781923
295871,0.05470319325104356
295873,0.05217109760269523
295879,0.057688666973263025
295880,0.14213718008249998
295892,0.025596238556317985
295904,0.2444930076599121
295907,0.009523595217615366
295908,0.04631717037409544
295913,0.031903298920951784
295918,0.04448436014354229
295921,0.16352374851703644
295924,0.2444861400872469
295949,0.026979359332472086
295953,0.022985532879829407
295961,0.024032939691096544
295968,0.06694397190585732
295971,0.0411316379904747
295985,0.03957408224232495
295986,0.06218534894287586
295987,0.02614449942484498
295993,0.039604667108505964
295997,0.1575790997594595
296005,0.039926543133333325
296007,0.02955170546192676
296012,0.09395836526528001
296022,0.05517291207797825
296024,0.010901748901233077
296032,0.01715017925016582
296034,0.010706546425353736
296062,0.019855884602293372
296070,0.01475070626474917
296074,0.0354700448224321
296084,0.03356390097178519
296087,0.008628252136986703
296088,0.037310012616217136
296089,0.12874124851077795
296143,0.012788882537279278
296172,0.014826280297711492
296183,0.022613024804741144
296185,0.01415247010299936
296194,0.023449726402759552
296199,0.3284058105200529
296204,0.158471898175776
296206,0.172417176887393
296209,0.09768991637974977
296229,0.08448306936770678
296239,0.004686969245085493
296253,0.04268999653868377
296259,0.2996219154447317
296264,0.006584407237824053
296270,0.2728084195405245
296273,0.20108533464372158
296284,0.09651309344917536
296285,0.10692699160426855
296287,0.013963659992441535
296288,0.0528761469759047
296292,0.12621100526303053
296300,0.05198105028830469
296301,0.03939409554004669
296321,0.25816455483436584
296324,0.048908197786659
296335,0.17052358575165272
296348,0.013189658930059522
296354,0.035038518253713846
296369,0.17005814891308546
296376,0.032472746446728706
296391,0.034880884224548936
296393,0.07815711060538888
296398,0.02636294299736619
296428,0.09376725181937218
296432,0.08625371754169464
296433,0.05058538727462292
296449,0.035095526138320565
296450,0.08610150078311563
296490,0.10277746943756938
296498,0.05893414840102196
296499,0.045806023525074124
296500,0.11698442604392767
296509,0.12552522402256727
296514,0.03906316473148763
296518,0.01811068586539477
296527,0.009404582844581455
296532,0.027451557223685086
296541,0.024540749960578978
296544,0.053214523708447814
296546,0.004234614651068114
296573,0.38386237993836403
296578,0.02899468841496855
296589,0.03755630343221128
296594,0.08737726183608174
296616,0.08760644402354956
296623,0.012572428211569786
296624,0.04212287184782326
296632,0.006298263615462929
296633,0.12446190882474184
296639,0.11470485292375088
296647,0.05583983985707164
296656,0.22348183672875166
296678,0.015447129146195948
296679,0.09121835697442293
296695,0.014203019149135798
296696,0.24291427060961723
296714,0.06668810779228806
296721,0.035177181009203196
296739,0.00802933145314455
296744,0.5950747840106487
296747,0.09614340541884303
296758,0.04435517638921738
296760,0.05045212781988084
296766,0.03425757586956024
296769,0.0166855591814965
296776,0.016010176856070757
296780,0.0378567292355001
296782,0.10526751354336739
296790,0.08865521941334009
296795,0.036804126342758536
296801,0.007198468374554068
296803,0.11424573604017496
296806,0.048540872521698475
296811,0.046213647816330194
296813,0.0063420351361855865
296818,0.1938910409808159
296822,0.0858601238578558
296839,0.04533551726490259
296848,0.011260240920819342
296863,0.1334707923233509
296871,0.025542211486026645
296872,0.4216508977115154
296877,0.03120555612258613
296882,0.12386290822178125
296885,0.03140723332762718
296903,0.09744301438331604
296906,0.06152681214734912
296912,0.014652690093498677
296916,0.07272750977426767
296922,0.03449916560202837
296926,0.2026132307946682
296927,0.024923174642026424
296935,0.0415648459456861
296939,0.032984351739287376
296942,0.045555043034255505
296954,0.12595516815781593
296968,0.02315756306052208
296971,0.018549265805631876
296984,0.06261088699102402
297004,0.009983449708670378
297011,0.14562317449599504
297017,0.046565878205001354
297019,0.18899521231651306
297021,0.042652994859963655
297025,0.010390851355623454
297033,0.14295814838260412
297038,0.24658644758164883
297042,0.40163201093673706
297065,0.018343956384342164
297089,0.010093183198478073
297093,0.17809403501451015
297098,0.08351801708340645
297100,0.0068075915914960206
297111,0.03233167575672269
297115,0.14459662698209286
297121,0.06609964347444475
297123,0.21225218754261732
297129,0.02403739874716848
297132,0.018143336637876928
297139,0.08894464559853077
297147,0.21864603832364082
297148,0.26116725988686085
297161,0.11809670366346836
297167,0.031205340288579464
297171,0.032685960410162807
297173,0.019591319258324802
297179,0.030105476966127753
297189,0.18608147837221622
297200,0.006507440150016919
297201,0.04624784481711686
297220,0.07655412424355745
297229,0.10595268569886684
297234,0.028683017706498504
297252,0.1142614921554923
297266,0.14754477236419916
297269,0.007700373273110017
297276,0.1823274241760373
297292,0.01185772189637646
297300,0.0963116679340601
297303,0.008123980602249503
297305,0.06953330524265766
297307,0.03352224896661937
297313,0.03229735349304974
297336,0.042926674243062735
297340,0.34998926147818565
297344,0.012420564075000584
297349,0.007285346160642803
297358,0.02320206956937909
297363,0.11385310534387827
297369,0.023668867885135114
297372,0.00991248234640807
297380,0.12867689598351717
297384,0.05312582920305431
297385,0.2649260275065899
297389,0.015032376861199737
297390,0.14111625961959362
297415,0.024951912346296012
297419,0.29391637817025185
297421,0.20972620323300362
297424,0.015491481346543878
297431,0.01914501702412963
297447,0.0407014349475503
297456,0.04343715962022543
297457,0.028808293398469687
297463,0.02665318117942661
297464,0.06659010099247098
297474,0.011411276645958424
297479,0.015290613751858473
297480,0.19597611110657454
297494,0.012836573761887848
297495,0.012121689855121076
297507,0.009578982775565237
297514,0.10316523164510727
297515,0.013017097022384405
297516,0.07735547423362732
297521,0.03186431108042598
297534,0.028809009352698922
297553,0.006023441033903509
297575,0.07365303672850132
297584,0.2016011606901884
297586,0.020883759716525674
297606,0.01744371687527746
297630,0.021616019657813013
297636,0.058841539081186056
297646,0.011166786891408265
297650,0.010355943464674056
297651,0.09030157374218106
297656,0.01229226466966793
297675,0.07829832658171654
297681,0.09434273419901729
297699,0.009485616406891495
297702,0.10256325220689178
297712,0.04250168753787875
297718,0.1347557045519352
297730,0.08447401132434607
297731,0.021607776056043804
297745,0.019987100502476096
297768,0.1766388639807701
297771,0.04937438806518912
297774,0.02842819783836603
297781,0.01706271548755467
297786,0.24018024653196335
297798,0.06338161183521152
297809,0.03657772089354694
297822,0.017721734242513776
297828,0.010745517094619572
297840,0.05840073246508837
297852,0.017525887116789818
297859,0.014127170958090574
297868,0.020697311614640057
297883,0.13229193910956383
297887,0.007642880780622363
297896,0.04193914937786758
297898,0.027936580241657794
297917,0.11507367808371782
297943,0.006362501357216388
297954,0.02605529874563217
297965,0.013700578128919005
297992,0.004333113523898646
297993,0.027490075561217964
298001,0.06118021812289953
298005,0.09148006327450275
298010,0.005868038191692904
298013,0.012358588573988527
298014,0.15622592065483332
298015,0.03262791666202247
298025,0.15435963030904531
298026,0.04357320140115917
298032,0.26086471043527126
298039,0.16706237569451332
298049,0.05609031394124031
298051,0.014750657137483358
298058,0.10122803132981062
298062,0.021600371808744967
298070,0.1480926452204585
298078,0.06003897916525602
298084,0.10252643842250109
298108,0.13327689561992884
298113,0.08307427447289228
298115,0.07635992858558893
298126,0.020156118785962462
298131,0.015068183362018317
298134,0.03278954653069377
298135,0.089581030420959
298139,0.015188310004305094
298142,0.021356613957323134
298152,0.025626399321481586
298154,0.04419139353558421
298155,0.020083249546587467
298161,0.10658994689583778
298165,0.08654598891735077
298166,0.2906306106597185
298171,0.018966903677210212
298179,0.03364398190751672
298182,0.014708032365888357
298187,0.024448282667435706
298192,0.031305137323215604
298194,0.04229134158231318
298213,0.1648049410432577
298215,0.09134437330067158
298216,0.025909264339134097
298217,0.011048247222788632
298223,0.10069354483857751
298256,0.048210034845396876
298275,0.004383867373690009
298277,0.07082715211436152
298279,0.02831964858341962
298285,0.05911385267972946
298286,0.19264505431056023
298296,0.012833631539251655
298309,0.060326027451083064
298312,0.035600178176537156
298323,0.0315850623883307
298330,0.008275998348835856
298340,0.035070431884378195
298341,0.009568298410158604
298349,0.03354837535880506
298353,0.012580775888636708
298363,0.035727401496842504
298367,0.01603694970253855
298378,0.08423808310180902
298380,0.04923805547878146
298392,0.06699573947116733
298395,0.09052607230842113
298405,0.06479829316958785
298426,0.2780309356749058
298427,0.021901456988416612
298444,0.030259629478678107
298450,0.017724323086440563
298458,0.007441079040290788
298462,0.011208489129785448
298463,0.007233968412037939
298479,0.01751718670129776
298480,0.03713182220235467
298487,0.03623070404864848
298499,0.016425393579993397
298500,0.04493542434647679
298506,0.026426406926475465
298507,0.01445045240689069
298512,0.055817571468651295
298515,0.08059218432754278
298517,0.04708792665041983
298532,0.3716191537678242
298533,0.03671703371219337
298560,0.037885227939113975
298564,0.016981072374619544
298567,0.2106041368097067
298568,0.024167695315554738
298569,0.13060544524341822
298570,0.20072494447231293
298579,0.015282252454198897
298583,0.00824360002297908
298591,0.066002860898152
298593,0.2001514472067356
298600,0.021834846353158355
298609,0.011765787610784173
298620,0.0361478494014591
298622,0.030534973135218024
298628,0.010465916682733223
298633,0.03929052548483014
298657,0.13170642964541912
298669,0.07130695041269064
298671,0.22217735648155212
298677,0.0419843690469861
298692,0.02166949980892241
298703,0.028831087169237435
298705,0.007131484104320407
298711,0.017077043768949807
298713,0.034291379153728485
298757,0.11129483301192522
298766,0.006383430678397417
298768,0.07942379568703473
298770,0.05479199672117829
298776,0.27981242537498474
298785,0.02049105439800769
298787,0.00947338534751907
298792,0.12103427201509476
298795,0.019336390076205134
298799,0.021685690036974847
298806,0.0964861549437046
298810,0.10946675390005112
298818,0.2133472077548504
298822,0.17418938875198364
298823,0.02235647605266422
298834,0.005452394078020006
298837,0.05224175355397165
298841,0.029108354821801186
298845,0.08808992942795157
298852,0.09445355646312237
298855,0.03159701777622104
298858,0.16191085800528526
298860,0.021683222032152116
298861,0.044570309575647116
298863,0.00830750830937177
298866,0.047531668562442064
298873,0.276442252099514
298880,0.13383035082370043
298889,0.016805488616228104
298896,0.25548508763313293
298917,0.1568514732643962
298929,0.02809181623160839
298940,0.03414698224514723
298946,0.14823576901108027
298949,0.00626100433873944
298966,0.08308775583282113
298984,0.13112437166273594
298994,0.020866005681455135
299004,0.2982626333832741
299012,0.02242120250593871
299022,0.13618421740829945
299024,0.03115033940412104
299026,0.0208050828659907
299035,0.027003304567188025
299036,0.02259245130699128
299039,0.03274571732617915
299061,0.15539734717458487
299064,0.05572264036163688
299067,0.05276553425937891
299074,0.1121122408658266
299075,0.010180363897234201
299078,0.023932049749419093
299109,0.05446275835856795
299117,0.1284796018153429
299121,0.02994782815221697
299127,0.09485940169543028
299134,0.21434016525745392
299136,0.022209619404748082
299137,0.14887189865112305
299139,0.23363984003663063
299168,0.0080676001671236
299176,0.00828460164484568
299184,0.02485835540574044
299188,0.07457967102527618
299191,0.11472054477781057
299208,0.082935712300241
299229,0.013474182807840407
299238,0.04240080271847546
299241,0.1900673322379589
299257,0.036965066101402044
299260,0.03012759587727487
299264,0.08788370247930288
299279,0.1169271832332015
299308,0.012623206537682563
299310,0.017671020003035665
299311,0.05749403312802315
299317,0.18803915567696095
299325,0.10478914296254516
299329,0.07467638747766614
299334,0.05849614553153515
299335,0.19002878293395042
299339,0.11471639620140195
299351,0.06466629868373275
299352,0.0075985167641192675
299365,0.10234583728015423
299393,0.050477660028263927
299400,0.04309400753118098
299404,0.023687486886046827
299406,0.10830648057162762
299410,0.15059027820825577
299413,0.07548323879018426
299434,0.19263699650764465
299448,0.010198505711741745
299463,0.030005992390215397
299464,0.22535281255841255
299470,0.04063823283649981
299480,0.017920471145771444
299488,0.006054475321434438
299496,0.04344868171028793
299501,0.1319763595238328
299504,0.10446751350536942
299532,0.045751495053991675
299536,0.014639035041909665
299550,0.15409870725125074
299554,0.028507355833426118
299564,0.08963243290781975
299577,0.06620725430548191
299581,0.03254330647177994
299594,0.05175857827998698
299632,0.014697102713398635
299633,0.08482905942946672
299650,0.35564109683036804
299678,0.14110051468014717
299682,0.04155394248664379
299705,0.0950987241230905
299719,0.10258222185075283
299720,0.05997150158509612
299724,0.0741010126657784
299730,0.013292721239849925
299750,0.01625139091629535
299766,0.025643734727054834
299774,0.0773126888088882
299787,0.024483797256834805
299817,0.010573562351055443
299818,0.17314180731773376
299826,0.019862372195348144
299833,0.05515391239896417
299845,0.07687462773174047
299847,0.32715211994946003
299850,0.10537043260410428
299866,0.034251099452376366
299869,0.019726097816601396
299870,0.05482227448374033
299874,0.012219541822560132
299877,0.05496857315301895
299891,0.18611767329275608
299898,0.04220559378154576
299900,0.08449515094980597
299904,0.021831460762768984
299912,0.03607136313803494
299914,0.04549001751001924
299919,0.014271623746026307
299931,0.044638187158852816
299934,0.07093638647347689
299941,0.329906914383173
299946,0.009250753559172153
299947,0.059739393182098866
299972,0.0580116743221879
299973,0.17681883089244366
299975,0.03787018824368715
299979,0.03566821222193539
299981,0.026366809383034706
299983,0.07297555077821016
299985,0.0302608550991863
299986,0.01994526549242437
300011,0.0862875166349113
300013,0.048229982145130634
300028,0.01561820087954402
300042,0.01477675000205636
300043,0.20425832830369473
300058,0.16992278676480055
300073,0.06715914607048035
300075,0.07712658680975437
300087,0.015118642710149288
300090,0.035032635321840644
300107,0.026059756753966212
300115,0.026916335918940604
300119,0.007548120629508048
300122,0.19543342292308807
300125,0.05689738318324089
300126,0.11880890000611544
300137,0.5447302497923374
300139,0.03948621544986963
300145,0.06937365187332034
300155,0.03753705229610205
300169,0.007699906767811626
300170,0.05449089454486966
300175,0.03817716590128839
300177,0.13190942350775003
300186,0.015849245013669133
300188,0.00877607858274132
300194,0.016725676716305315
300207,0.12445618212223053
300210,0.05662190029397607
300217,0.049244241090491414
300221,0.026357762631960213
300235,0.019993895664811134
300238,0.004833709404920228
300240,0.35864580795168877
300241,0.014881455805152655
300249,0.004993937778635882
300255,0.041964119765907526
300259,0.03635378833860159
300272,0.018581784097477794
300274,0.05614782404154539
300276,0.15588030125945807
300284,0.006008470692904666
300293,0.02966970799025148
300306,0.022267157211899757
300310,0.09879380837082863
300324,0.11313647869974375
300339,0.011907744104973972
300346,0.013415410299785435
300348,0.01516865217126906
300354,0.011983471631538123
300356,0.011776308761909604
300358,0.03620007052086294
300363,0.030293618328869343
300366,0.10532425297424197
300368,0.02213175338692963
300370,0.11678755749017
300385,0.09613236924633384
300392,0.5935010015964508
300393,0.05391021864488721
300403,0.10397339519113302
300411,0.06317240465432405
300420,0.057063094805926085
300421,0.05190190440043807
300435,0.18034031707793474
300437,0.04493869794532657
300440,0.011388515471480787
300443,0.0379062604624778
300456,0.18470586650073528
300458,0.06634973920881748
300459,0.07246250053867698
300460,0.01190350012620911
300462,0.07158873230218887
300481,0.02809163904748857
300486,0.1373503366485238
300488,0.032386987237259746
300503,0.03402208327315748
300506,0.05917623033747077
300517,0.04651759914122522
300523,0.023646037792786956
300525,0.007702109782258049
300526,0.20420467667281628
300552,0.027701254468411207
300560,0.0581420932430774
300570,0.014073451515287161
300583,0.04500255547463894
300585,0.09319221274927258
300587,0.0409041871316731
300598,0.02586812968365848
300600,0.010342459077946842
300608,0.06356385932303965
300612,0.02423196262679994
300618,0.024947112891823053
300621,0.03446877212263644
300640,0.01169646461494267
300641,0.12869938556104898
300651,0.036099732387810946
300653,0.015116613183636218
300667,0.04460258106701076
300678,0.012175999174360186
300680,0.08302553649991751
300687,0.02486791368573904
300702,0.4699680097401142
300717,0.05087439715862274
300722,0.006792599364416674
300723,0.04339415277354419
300732,0.11315521225333214
300752,0.06291283341124654
300761,0.13875063601881266
300775,0.05048847058787942
300786,0.1570241693407297
300787,0.005934435816016048
300788,0.01083446916891262
300789,0.041287216590717435
300794,0.11563702300190926
300808,0.06616329960525036
300834,0.02321390574797988
300842,0.05659168865531683
300844,0.25393691286444664
300850,0.045420341193675995
300851,0.21544213593006134
300854,0.011930760345421731
300866,0.03136478364467621
300867,0.03738829423673451
300868,0.15657550934702158
300882,0.18592591397464275
300883,0.028175468440167606
300891,0.09321917779743671
300894,0.005031884036725387
300901,0.10066524799913168
300904,0.033110308926552534
300910,0.15600474271923304
300914,0.18074378836899996
300918,0.06723283464089036
300948,0.3253504950553179
300954,0.028843450592830777
300958,0.08720048470422626
300959,0.012760937213897705
300970,0.012787387473508716
300971,0.04286850104108453
300975,0.19237789139151573
300981,0.06948957219719887
300983,0.08656448917463422
300993,0.5867724195122719
300996,0.05207473738119006
301001,0.01578645850531757
301005,0.043045705650001764
301010,0.07423119572922587
301021,0.3170106057077646
301026,0.033173030242323875
301029,0.013567159418016672
301032,0.027331435354426503
301061,0.08972178399562836
301073,0.012724080414045602
301083,0.030727386008948088
301089,0.06534623284824193
301093,0.038365930784493685
301098,0.056766079273074865
301103,0.05342178023420274
301105,0.06542030954733491
301112,0.1933178659528494
301120,0.018126206123270094
301122,0.01833075936883688
301124,0.12460100837051868
301137,0.013955536647699773
301169,0.019005097856279463
301173,0.03845040709711611
301177,0.08973023341968656
301179,0.006183512072311714
301180,0.09647809946909547
301185,0.01985284499824047
301195,0.3419391568750143
301199,0.019743647193536162
301201,0.015503417933359742
301206,0.06376835145056248
301209,0.021655811695382
301210,0.02679048292338848
301216,0.276849078014493
301224,0.24301144294440746
301226,0.031738693825900555
301227,0.024681735783815384
301243,0.033025569282472134
301246,0.009184930037008598
301248,0.0591435837559402
301252,0.007110777747584507
301259,0.07628639880567789
301260,0.014127568050753325
301267,0.011009555251803249
301268,0.05268722679466009
301274,0.026776312035508454
301281,0.019468758488073945
301287,0.0472764284349978
301288,0.017729163402691483
301299,0.012966619455255568
301304,0.019384826184250414
301325,0.03180172317661345
301327,0.07274638768285513
301331,0.2078578695654869
301332,0.023060081526637077
301336,0.040847960859537125
301345,0.11237439047545195
301348,0.0034886089124483988
301356,0.04043646203354001
301358,0.03455052338540554
301360,0.006192406784975901
301364,0.027175062685273588
301389,0.03452063677832484
301415,0.019527886994183064
301421,0.2044235896319151
301422,0.03513031266629696
301424,0.15542226005345583
301426,0.044738919008523226
301433,0.06471554934978485
301459,0.26412538066506386
301460,0.05723150703124702
301478,0.01563269447069615
301483,0.013125066412612796
301493,0.015689082792960107
301494,0.012905338080599904
301503,0.043092645006254315
301510,0.05493164109066129
301516,0.01013331365538761
301530,0.10340971872210503
301531,0.018679453642107546
301549,0.01235218852525577
301550,0.01816341350786388
301555,0.06960253044962883
301573,0.03923050011508167
301588,0.02845091186463833
301593,0.0730780903249979
301613,0.04472375987097621
301625,0.06720202649012208
301643,0.03536866954527795
301650,0.013647101528476924
301651,0.11933462414890528
301652,0.026665675570257008
301653,0.08457485074177384
301665,0.0325323985889554
301684,0.028782702516764402
301686,0.271547831594944
301694,0.07101040473207831
301697,0.026145609328523278
301698,0.04023062763735652
301717,0.01978555368259549
301725,0.015936628682538867
301728,0.0664278669282794
301734,0.025244380463846028
301749,0.13636247348040342
301761,0.1714057382196188
301766,0.05320999911054969
301775,0.21572336368262768
301782,0.09422098193317652
301784,0.12118543591350317
301787,0.0178510487312451
301789,0.2196839153766632
301790,0.029188295593485236
301804,0.13868255075067282
301806,0.04490525834262371
301817,0.04939277330413461
301826,0.015064735140185803
301837,0.024932527914643288
301842,0.034398358315229416
301848,0.006779931427445263
301859,0.11629662476480007
301860,0.011031609203200787
301867,0.039099577348679304
301877,0.019659795216284692
301883,0.012303175404667854
301902,0.048807343700900674
301908,0.029587775701656938
301916,0.008268780424259603
301920,0.014153679483570158
301921,0.020282071782276034
301931,0.0067489819339243695
301939,0.0420638385694474
301941,0.04742534877732396
301943,0.016024990240111947
301949,0.02283972583245486
301955,0.04666886827908456
301963,0.051208109594881535
301968,0.025084042456001043
301975,0.1359362080693245
301988,0.13048752956092358
302000,0.10086549818515778
302005,0.009313480753917247
302007,0.05112979421392083
302016,0.12641687784343958
302028,0.023200691561214626
302038,0.014014672837220132
302043,0.00882199764600955
302051,0.024804895278066397
302056,0.005287032792693935
302063,0.059350330382585526
302072,0.011252882424741983
302074,0.04964687488973141
302080,0.012655559286940843
302093,0.06176578998565674
302096,0.09468726953491569
302123,0.010013609018642455
302125,0.007425646646879613
302128,0.02666651946492493
302145,0.11753507470712066
302146,0.06089487764984369
302160,0.07753024529665709
302166,0.022880669101141393
302174,0.025800637318752706
302175,0.018608500249683857
302186,0.14701374154537916
302190,0.04333056462928653
302202,0.017364956438541412
302207,0.02114228205755353
302211,0.023878312902525067
302215,0.011176986212376505
302216,0.0767028545960784
302217,0.010007253789808601
302225,0.3000246826559305
302231,0.025639289058744907
302233,0.01883551722858101
302259,0.019308908958919346
302263,0.023406587075442076
302281,0.026688518933951855
302285,0.02839070954360068
302288,0.027875832049176097
302292,0.2755795530974865
302303,0.16814148053526878
302306,0.02696405036840588
302309,0.09595895558595657
302332,0.0186395748751238
302341,0.007642490993021056
302350,0.1356458319351077
302352,0.13164675049483776
302356,0.07180579006671906
302361,0.014714034739881754
302364,0.06839725794270635
302373,0.02530589501839131
302378,0.06015420379117131
302385,0.019161806092597544
302389,0.021752951433882117
302393,0.18400376290082932
302403,0.01122795551782474
302422,0.013574816344771534
302425,0.042380841448903084
302431,0.1851520286872983
302443,0.04872746113687754
302448,0.011791505850851536
302449,0.08250248990952969
302455,0.1883191242814064
302460,0.023240160779096186
302462,0.030991210835054517
302466,0.03196167852729559
302467,0.056019931100308895
302470,0.11135040037333965
302472,0.04843545472249389
302480,0.17313162703067064
302481,0.005657563247950748
302491,0.05663568223826587
302494,0.011279119469691068
302503,0.1172618567943573
302504,0.23603899590671062
302507,0.055569719057530165
302527,0.11371959932148457
302571,0.05136263486929238
302580,0.17565724160522223
302583,0.039194911951199174
302591,0.008315984741784632
302601,0.022788639878854156
302613,0.025239673908799887
302621,0.037687388714402914
302638,0.03572869882918894
302639,0.10565901175141335
302655,0.036859221989288926
302670,0.015258564613759518
302673,0.10711943358182907
302675,0.05033877491950989
302691,0.028325302293524146
302701,0.030604088329710066
302705,0.016188924259040505
302727,0.026897928677499294
302750,0.01434854615945369
302751,0.059530075173825026
302757,0.11575358547270298
302758,0.18265250511467457
302761,0.10873606521636248
302767,0.04487014468759298
302787,0.012964496796485037
302797,0.014589703758247197
302799,0.0733643714338541
302800,0.05278798961080611
302815,0.06012670462951064
302826,0.3739960603415966
302827,0.02301974024157971
302842,0.011084369791205972
302856,0.01583765062969178
302877,0.012520034913904965
302879,0.10308792255818844
302881,0.04249691963195801
302882,0.05284964479506016
302885,0.026753935730084777
302905,0.028099258663132787
302911,0.004904602043097839
302916,0.09464861359447241
302919,0.23145976103842258
302947,0.03505338681861758
302957,0.0526951071806252
302968,0.025872998754493892
302978,0.04374009696766734
302984,0.07436741702258587
302991,0.008587796124629676
303007,0.04995905701071024
303010,0.015600333223119378
303012,0.04580901376903057
303013,0.19309418462216854
303024,0.027088954811915755
303027,0.029057279229164124
303034,0.022453504614531994
303036,0.06866339733824134
303037,0.07024959335103631
303050,0.04221378336660564
303060,0.12396647967398167
303062,0.05204047355800867
303066,0.006517647358123213
303068,0.12179788202047348
303077,0.18259676359593868
303080,0.012490985624026507
303082,0.02818343963008374
303083,0.02662673720624298
303085,0.046192489098757505
303087,0.15440532937645912
303089,0.02035200537648052
303103,0.006916422862559557
303105,0.01333475235151127
303106,0.05929984385147691
303120,0.033509269123896956
303121,0.004161197968642227
303127,0.012507423176430166
303130,0.014180914382450283
303142,0.015020395745523274
303162,0.05146424984559417
303169,0.11082330998033285
303189,0.014442365034483373
303220,0.01822372351307422
303222,0.1514641074463725
303223,0.01993709825910628
303227,0.033855175133794546
303262,0.03118055942468345
303264,0.012836587615311146
303277,0.046037001302465796
303288,0.005512137111509219
303292,0.03186330525204539
303294,0.2745542526245117
303301,0.3427804820239544
303312,0.10051847854629159
303328,0.04527481133118272
303330,0.013019600417464972
303347,0.02005842642392963
303354,0.018439473235048354
303356,0.01005236350465566
303362,0.01735324686160311
303377,0.08246477041393518
303386,0.05337358498945832
303393,0.00823456235229969
303397,0.018792769638821483
303403,0.100052984431386
303413,0.004020535692689009
303416,0.05834636418148875
303428,0.03942496492527425
303429,0.03647757228463888
303432,0.027096574078314006
303446,0.07540317345410585
303455,0.06316099083051085
303464,0.020661491667851806
303465,0.014201997662894428
303473,0.08423713175579906
303476,0.0756692267023027
303479,0.10812744172289968
303482,0.015863191045355052
303484,0.04681290569715202
303492,0.1259377459064126
303493,0.11722483159974217
303497,0.051032963674515486
303498,0.06880861753597856
303499,0.05959685053676367
303509,0.008894187223631889
303513,0.017366774380207062
303524,0.0075835465686395764
303525,0.20111120864748955
303540,0.037520418176427484
303544,0.011173602484632283
303548,0.04876944096758962
303551,0.03570099989883602
303569,0.026399531052447855
303584,0.03214323800057173
303592,0.16011402942240238
303602,0.13946887012571096
303607,0.07516684988513589
303619,0.027466336963698268
303630,0.023882758570834994
303643,0.33645020611584187
303644,0.05607450567185879
303670,0.09348258236423135
303671,0.03874800819903612
303678,0.025526320561766624
303689,0.009146832046099007
303698,0.04804850462824106
303702,0.017301814863458276
303704,0.021881670341826975
303711,0.017103674239479005
303727,0.03753552841953933
303728,0.005972835555439815
303741,0.11654282826930285
303752,0.024382884497754276
303755,0.026783701381646097
303777,0.008570376026909798
303790,0.17772454023361206
303798,0.028282372979447246
303804,0.24765419028699398
303812,0.04372475785203278
303814,0.09786056121811271
303817,0.41855547949671745
303818,0.15141929127275944
303848,0.017716421280056238
303850,0.012642747082281858
303854,0.03774881944991648
303857,0.009512625867500901
303860,0.019057193072512746
303870,0.1241322485730052
303877,0.023072405834682286
303884,0.08178169326856732
303893,0.007467755989637226
303899,0.017838094383478165
303900,0.23231940157711506
303902,0.09189164452254772
303906,0.10793890431523323
303920,0.11586498934775591
303937,0.019311194540932775
303939,0.018202139297500253
303941,0.010234372166451067
303962,0.040923943277448416
303963,0.1535563599318266
303971,0.038050102069973946
303978,0.021292788325808942
303980,0.07751293200999498
303986,0.03731019934639335
304018,0.09154112124815583
304025,0.007763710920698941
304027,0.04136056103743613
304028,0.16827696841210127
304029,0.05032267770729959
304030,0.008212274522520602
304035,0.05410334700718522
304040,0.07063222210854292
304058,0.0855292696505785
304083,0.051759690977633
304089,0.31616747938096523
304092,0.04811959573999047
304093,0.07737573375925422
304100,0.014291223546024412
304121,0.03813246637582779
304142,0.03579200943931937
304154,0.09193952335044742
304158,0.28366287983953953
304164,0.04211887693963945
304173,0.23889685980975628
304175,0.01718014874495566
304182,0.022952021448872983
304194,0.020812754286453128
304201,0.06525606848299503
304202,0.024627622915431857
304206,0.036296899896115065
304210,0.03852503397502005
304226,0.004506654018769041
304237,0.009347583807539195
304256,0.12135812919586897
304257,0.012516480521298945
304265,0.0074058708269149065
304271,0.1392395654693246
304274,0.18533545918762684
304286,0.03381947660818696
304292,0.052236066199839115
304299,0.02859291830100119
304350,0.06790726026520133
304352,0.01748276862781495
304355,0.05511087458580732
304360,0.026638570125214756
304361,0.1280296454206109
304363,0.01963700249325484
304375,0.08699577348306775
304378,0.008544864394934848
304382,0.15451700799167156
304385,0.11956851277500391
304386,0.08753149816766381
304387,0.05422516679391265
304388,0.01245342439506203
304391,0.05239206668920815
304398,0.03158973320387304
304406,0.012049802695401013
304420,0.013113779947161674
304431,0.04403305170126259
304436,0.2995962854474783
304438,0.014324740623123944
304440,0.03673155582509935
304441,0.02072501159273088
304450,0.0128526552580297
304451,0.10017506871372461
304454,0.023275910643860698
304462,0.24778317660093307
304466,0.20881155133247375
304469,0.12198233138769865
304472,0.015727807069197297
304475,0.1836624564602971
304481,0.007596060226205736
304483,0.08219550969079137
304485,0.03081487538293004
304486,0.009411285165697336
304504,0.03912001638673246
304505,0.04318550182506442
304512,0.018245486775413156
304516,0.09018999757245183
304517,0.01771741919219494
304528,0.01861772616393864
304530,0.044810843421146274
304536,0.01019538997206837
304549,0.007677107205381617
304552,0.0632887533865869
304554,0.21824706718325615
304581,0.043913112254813313
304593,0.024289293913170695
304596,0.19012068770825863
304604,0.03187210042960942
304610,0.02286056079901755
304614,0.022771972813643515
304628,0.12107181549072266
304629,0.01994967507198453
304637,0.037008826388046145
304644,0.007903411547886208
304654,0.04198835394345224
304664,0.14874187111854553
304676,0.024680978385731578
304680,0.05261098127812147
304687,0.009380873671034351
304696,0.16973667964339256
304698,0.19099882151931524
304700,0.046347258845344186
304703,0.13424634095281363
304704,0.016917340806685388
304710,0.0482464840169996
304717,0.034802853828296065
304729,0.20044441521167755
304732,0.015905702719464898
304736,0.03810810414142907
304738,0.04098151880316436
304756,0.02198423445224762
304771,0.014663954149000347
304773,0.005977077642455697
304776,0.01871423830743879
304778,0.02707935043144971
304779,0.1171647422015667
304780,0.012146494176704437
304790,0.054310654290020466
304793,0.008099158760160208
304805,0.10175809729844332
304811,0.021898278268054128
304825,0.06833474989980459
304828,0.18728154432028532
304829,0.06277417414821684
304842,0.047687540762126446
304851,0.03348023444414139
304857,0.0137473457143642
304884,0.06911838240921497
304891,0.04726767190732062
304897,0.12025744281709194
304898,0.02915635344106704
304905,0.027188134845346212
304907,0.18495907075703144
304917,0.03593708574771881
304931,0.024797438411042094
304935,0.0042272008722648025
304942,0.04825394391082227
304954,0.09389954898506403
304959,0.0038428527623182163
304968,0.11132277175784111
304971,0.02388213074300438
304977,0.07158232806250453
304982,0.033410072326660156
304985,0.017847434442956
304991,0.020625773584470153
304992,0.08538560615852475
304997,0.056311876978725195
305004,0.012690083822235465
305008,0.020076610497199
305019,0.01868811040185392
305020,0.09244475373998284
305025,0.0378168229945004
305037,0.033956796396523714
305046,0.15034885052591562
305056,0.02024174085818231
305062,0.006413470226107165
305064,0.26184268668293953
305065,0.022328558610752225
305076,0.08383492287248373
305108,0.10384438652545214
305110,0.01609087671386078
305115,0.09028763603419065
305121,0.21505743451416492
305125,0.0309133545961231
305141,0.03274441207759082
305151,0.03304952196776867
305159,0.01741399965249002
305162,0.026561740087345243
305165,0.027191655128262937
305174,0.05656210379675031
305178,0.04914199491031468
305180,0.053187445970252156
305182,0.0648461077362299
305183,0.019915402750484645
305194,0.03448616387322545
305199,0.17361319344490767
305210,0.02763439726550132
305214,0.1352658560499549
305215,0.0601866296492517
305218,0.0266476214164868
305225,0.017461778596043587
305229,0.03459884715266526
305231,0.0019492598439683206
305233,0.038639947306364775
305237,0.018038776179309934
305260,0.008021679474040866
305261,0.045006790896877646
305278,0.04010911099612713
305286,0.2458560075610876
305293,0.013574383978266269
305300,0.008096773497527465
305301,0.10951113048940897
305326,0.17947478592395782
305334,0.014962026907596737
305340,0.16299938969314098
305348,0.04401249368675053
305352,0.040580533910542727
305359,0.03945157001726329
305360,0.005870002816664055
305362,0.06035503698512912
305383,0.005933257285505533
305406,0.06256422633305192
305408,0.05641996115446091
305412,0.27047435007989407
305413,0.0220484851161018
305414,0.25971936620771885
305417,0.011367335391696543
305421,0.021975298295728862
305422,0.02228250412736088
305447,0.028582020429894328
305448,0.052353411447256804
305450,0.03118070331402123
305452,0.04721326753497124
305459,0.01512955519137904
305460,0.09526473889127374
305474,0.02570758608635515
305475,0.019530678051523864
305481,0.21244322881102562
305494,0.027966502821072936
305503,0.09176345355808735
305507,0.01788638299331069
305508,0.15713644679635763
305513,0.07527488796040416
305518,0.04999292269349098
305523,0.03706962801516056
305526,0.14771526399999857
305529,0.02420353319030255
305532,0.08714415831491351
305543,0.059530070051550865
305555,0.012670836003962904
305562,0.01082899997709319
305571,0.010239921452011913
305578,0.09997074492275715
305579,0.004302175453631207
305584,0.02994858822785318
305603,0.016452819807454944
305620,0.27202210761606693
305626,0.10992223490029573
305636,0.06259039789438248
305640,0.010408933216240257
305653,0.02624383638612926
305662,0.16125376988202333
305663,0.055046549532562494
305667,0.022295597358606756
305683,0.08252597786486149
305698,0.02321169408969581
305699,0.1149949412792921
305707,0.048040185356512666
305717,0.14366336911916733
305723,0.018132979981601238
305735,0.018643418792635202
305738,0.1969454474747181
305746,0.02904472779482603
305766,0.06333132134750485
305773,0.0043746270530391484
305776,0.01105617475695908
305777,0.014932541409507394
305809,0.07566017657518387
305813,0.03024127916432917
305816,0.05276587465777993
305820,0.03461382375098765
305826,0.051251205150038004
305838,0.0761908134445548
305839,0.038812076672911644
305846,0.09855463588610291
305861,0.029380999272689223
305863,0.2665626276284456
305869,0.01840408705174923
305872,0.07278318423777819
305876,0.013947787461802363
305881,0.1247931094840169
305887,0.04042210802435875
305894,0.059833383187651634
305898,0.02154832542873919
305905,0.07651857659220695
305908,0.018455381272360682
305914,0.13091457355767488
305915,0.008761485281866044
305922,0.006190423562657088
305938,0.1919400990009308
305946,0.017588185262866318
305956,0.016634231142234057
305963,0.06645107315853238
305965,0.014881356852129102
305988,0.054692933801561594
305990,0.02298666595015675
305991,0.0383407233748585
305994,0.02799907955341041
305998,0.04016240779310465
306003,0.009440690220799297
306012,0.015862670028582215
306016,0.03904532012529671
306021,0.18121247366070747
306025,0.049798578256741166
306030,0.19194944761693478
306047,0.017530096869450063
306051,0.04119160841219127
306063,0.15972590912133455
306066,0.0904243141412735
306069,0.04309034254401922
306074,0.0712226596660912
306091,0.05406176298856735
306094,0.05250572878867388
306095,0.008068374125286937
306114,0.05068714008666575
306116,0.006374747666995972
306121,0.017800117493607104
306127,0.15027565229684114
306128,0.06315110623836517
306133,0.06540518021211028
306142,0.08057763380929828
306144,0.01589461474213749
306150,0.017316345241852105
306153,0.01582333311671391
306156,0.1603637645021081
306159,0.2995878793299198
306161,0.009224431734764948
306173,0.0355297198984772
306175,0.07532783597707748
306193,0.08671063743531704
306194,0.04575327364727855
306198,0.06678934302181005
306203,0.06073773046955466
306209,0.23276237957179546
306212,0.017672236310318112
306216,0.31059830263257027
306233,0.009180791035760194
306247,0.045125210424885154
306264,0.06710162665694952
306267,0.023901499225758016
306293,0.03298784722574055
306302,0.31870125234127045
306305,0.01669627317460254
306311,0.03658556588925421
306345,0.03442547982558608
306357,0.029969992116093636
306368,0.008774646441452205
306372,0.2574042174965143
306378,0.11854075454175472
306389,0.02822008728981018
306398,0.05774933262728155
306414,0.04424665938131511
306419,0.03491302509792149
306437,0.04249591566622257
306438,0.059200202114880085
306441,0.13433825317770243
306443,0.15328024700284004
306450,0.040436875307932496
306464,0.06777599034830928
306468,0.10520401317626238
306469,0.005177018698304892
306484,0.0611926238052547
306527,0.011153464380186051
306538,0.0638916208408773
306547,0.1857097391039133
306554,0.07176162721589208
306557,0.2294258549809456
306560,0.023216963512822986
306561,0.028727513970807195
306565,0.0029468008142430335
306569,0.013305184722412378
306576,0.013270103314425796
306587,0.039355730870738626
306604,0.05823525181040168
306624,0.016969403717666864
306625,0.15421603433787823
306628,0.09478898858651519
306647,0.0313729930203408
306651,0.033108992502093315
306658,0.04245834029279649
306660,0.16612075082957745
306664,0.019401636556722224
306670,0.2514924071729183
306699,0.05442975601181388
306701,0.057002152781933546
306712,0.02182325895410031
306716,0.02363861247431487
306727,0.01171612471807748
306729,0.06706434022635221
306735,0.0072563903231639415
306739,0.02243073924910277
306756,0.04405163321644068
306757,0.045744600938633084
306767,0.1420614756643772
306775,0.013922548212576658
306795,0.009728675417136401
306799,0.14740183297544718
306800,0.021761637646704912
306805,0.04897215380333364
306812,0.011530043324455619
306820,0.052297618705779314
306840,0.07327298494055867
306845,0.08088095486164093
306848,0.016331193677615374
306856,0.12150046229362488
306862,0.08414576109498739
306863,0.025841710157692432
306868,0.2084096223115921
306873,0.11713640904054046
306876,0.19627113360911608
306893,0.04199306317605078
306896,0.10457160882651806
306899,0.020297504030168056
306907,0.061413271352648735
306908,0.026514460099861026
306917,0.0734104155562818
306927,0.059474253095686436
306930,0.02013299718964845
306935,0.04426033282652497
306942,0.04268953017890453
306951,0.010521591233555228
306961,0.03910469193942845
306970,0.34654604084789753
306972,0.28080820851027966
306973,0.01430259778862819
306976,0.007555273885373026
306978,0.09213805757462978
306990,0.09349300060421228
306992,0.17791150510311127
306995,0.009544480650220066
307001,0.2672713752835989
307004,0.1533368146046996
307005,0.1570174489170313
307006,0.02539900119882077
307010,0.015699579962529242
307011,0.057746421080082655
307014,0.00802244184887968
307016,0.053296304075047374
307022,0.010122092789970338
307027,0.12262763734906912
307052,0.03489965479820967
307061,0.03406226250808686
307072,0.26371588185429573
307078,0.007796895981300622
307111,0.006798437476390973
307112,0.052132029784843326
307134,0.09047889662906528
307143,0.025883776717819273
307147,0.035943723982200027
307148,0.12027328182011843
307162,0.043990871869027615
307166,0.008625399321317673
307168,0.06228264281526208
307174,0.015326486551202834
307177,0.006829691701568663
307197,0.04867037571966648
307198,0.06402769684791565
307199,0.05981017695739865
307205,0.05522221093997359
307207,0.023806771030649543
307210,0.010636015620548278
307212,0.02071440010331571
307223,0.024334325338713825
307224,0.006344859953969717
307236,0.10300631448626518
307241,0.08918200805783272
307242,0.050790333887562156
307259,0.07351901289075613
307271,0.11938343662768602
307274,0.045289147878065705
307281,0.17205729987472296
307288,0.04064617888070643
307294,0.015673902118578553
307302,0.06565858935937285
307308,0.062629709020257
307313,0.03971687820740044
307344,0.16420596092939377
307350,0.05529356934130192
307366,0.03349080239422619
307372,0.01170315861236304
307373,0.07154297223314643
307374,0.023431106586940587
307378,0.026663800585083663
307384,0.032177697867155075
307398,0.05807527038268745
307406,0.09240398602560163
307416,0.01322120608529076
307420,0.056423906702548265
307424,0.02381847589276731
307427,0.04356857924722135
307429,0.02925523032899946
307436,0.012564211385324597
307456,0.02500022784806788
307491,0.03339785151183605
307494,0.0313125429674983
307496,0.011797252343967557
307500,0.029043458634987473
307504,0.10252900142222643
307509,0.21449088491499424
307511,0.2570539005100727
307520,0.028770769014954567
307527,0.016434967634268105
307537,0.1037501897662878
307539,0.026582986116409302
307558,0.02065090707037598
307561,0.040720633463934064
307575,0.04067980498075485
307577,0.02349047886673361
307588,0.057957944460213184
307636,0.07329532876610756
307639,0.1703758081421256
307641,0.01765312219504267
307646,0.04357862705364823
307653,0.18094091769307852
307661,0.5807177983224392
307669,0.10945470817387104
307674,0.006298561056610197
307678,0.0540589764714241
307691,0.013357144664041698
307697,0.007857983058784157
307699,0.0140047837048769
307702,0.013727338751778007
307708,0.0610705241560936
307712,0.19390171207487583
307716,0.014060330227948725
307729,0.025644104229286313
307753,0.022634223918430507
307765,0.32022662833333015
307781,0.16228460147976875
307787,0.06816836167126894
307788,0.018500515376217663
307798,0.03313668770715594
307799,0.05926713394001126
307800,0.09920185338705778
307801,0.1381233148276806
307804,0.011498596926685423
307816,0.15779929142445326
307820,0.00633294801809825
307824,0.03660416742786765
307828,0.010288571822457016
307832,0.1976820956915617
307836,0.04757108632475138
307842,0.022176900296472013
307851,0.24173795990645885
307856,0.006383154774084687
307861,0.05999358789995313
307879,0.017125260550528765
307904,0.11479647271335125
307911,0.036363522289320827
307912,0.025015499209985137
307913,0.08279200596734881
307922,0.016287651378661394
307924,0.013986712088808417
307925,0.020467287627980113
307929,0.028409376041963696
307933,0.21400543116033077
307945,0.03079583472572267
307948,0.012385879934299737
307961,0.2066919505596161
307962,0.023904306814074516
307963,0.0405901619233191
307971,0.05086261220276356
307983,0.07376636611297727
307984,0.08756488794460893
307988,0.03864924656227231
307993,0.0862859976477921
307994,0.04377479595132172
308007,0.08140696911141276
308008,0.03948712861165404
308018,0.14278919529169798
308023,0.005011114233639091
308026,0.015505546238273382
308028,0.025666126399300992
308030,0.03512481926009059
308034,0.18895494006574154
308053,0.029451307957060635
308065,0.06111133052036166
308095,0.008013791404664516
308096,0.08533377572894096
308100,0.01464229024713859
308114,0.013323354651220143
308116,0.1591647220775485
308120,0.029591923346742988
308128,0.03136146045289934
308132,0.011537448852322996
308134,0.03756937966682017
308140,0.07108516478911042
308142,0.11300774663686752
308164,0.03187316423282027
308168,0.2568681798875332
308169,0.18133793585002422
308171,0.0819390369579196
308176,0.023957065772265196
308177,0.0344410662073642
308179,0.016350571997463703
308180,0.23181604221463203
308184,0.02643430617172271
308188,0.048481894889846444
308189,0.011457005224656314
308190,0.0328593859449029
308200,0.15336255356669426
308210,0.014638010587077588
308211,0.15188900753855705
308218,0.08568022074177861
308220,0.025977041688747704
308228,0.01986345578916371
308231,0.03920739656314254
308236,0.018304775119759142
308247,0.019473054097034037
308251,0.07910372270271182
308260,0.03454201598651707
308266,0.023839877103455365
308267,0.045297331642359495
308280,0.19100760482251644
308298,0.00798259029397741
308301,0.009898905642330647
308309,0.023605874157510698
308312,0.18645553290843964
308325,0.04234965471550822
308334,0.11781672295182943
308339,0.034670620458200574
308346,0.1543873157352209
308359,0.018088729470036924
308360,0.05036188988015056
308380,0.08157332055270672
308391,0.03605467383749783
308403,0.008379693317692727
308408,0.01572054054122418
308410,0.42818525061011314
308415,0.3120031747967005
308420,0.11649798415601254
308427,0.04091355833224952
308442,0.012891573423985392
308447,0.22476482577621937
308462,0.02598498179577291
308464,0.035830533830448985
308465,0.04379570251330733
308467,0.1152952928096056
308468,0.025028840638697147
308476,0.021767668426036835
308488,0.21659518405795097
308498,0.014728304813615978
308504,0.035801528953015804
308507,0.005856855947058648
308509,0.012965437257662416
308521,0.0472172861918807
308536,0.12201695423573256
308537,0.01748035370837897
308543,0.017882367654237896
308547,0.041491551557555795
308559,0.08377266116440296
308565,0.05188482441008091
308569,0.08169450145214796
308584,0.008316364896018058
308591,0.2996558528393507
308608,0.02146592503413558
308610,0.0376873635686934
308613,0.014335722022224218
308618,0.03015813883394003
308623,0.02130399050656706
308632,0.03612217563204467
308636,0.12444655690342188
308641,0.024729859549552202
308643,0.01169679983286187
308664,0.1462637335062027
308678,0.015370416920632124
308679,0.022628420847468078
308691,0.014514568727463484
308692,0.03603574796579778
308701,0.021830508718267083
308709,0.11063648946583271
308711,0.1550028957426548
308719,0.05739499581977725
308723,0.029343099100515246
308727,0.12025998067110777
308732,0.030271721072494984
308738,0.00834432864212431
308747,0.017763326526619494
308749,0.01579175132792443
308755,0.016060529102105647
308756,0.13440931122750044
308761,0.006735964183462784
308779,0.04751356644555926
308780,0.08856071159243584
308784,0.06257991585880518
308789,0.13794100936502218
308807,0.08127937326207757
308818,0.39186224713921547
308819,0.058554010931402445
308822,0.269029064103961
308827,0.022135442588478327
308831,0.04104855563491583
308833,0.05051044840365648
308842,0.03833428374491632
308868,0.013947293162345886
308871,0.018482011859305203
308881,0.006475832764408551
308889,0.012631170568056405
308892,0.04832237446680665
308900,0.05800168728455901
308903,0.035285395104438066
308912,0.05098153534345329
308916,0.020561581361107528
308919,0.1554342322051525
308920,0.09730459796264768
308921,0.008923240966396406
308928,0.020216965931467712
308929,0.08455093810334802
308934,0.16230321023613214
308940,0.11614088341593742
308941,0.010322699847165495
308946,0.03982555074617267
308956,0.052355675492435694
308958,0.00642741029150784
308963,0.011877893470227718
308965,0.022639708360657096
308971,0.04195650992915034
308977,0.026642353390343487
308985,0.015272577409632504
308987,0.07430008985102177
308995,0.10180702712386847
309005,0.031054374179802835
309007,0.32055167108774185
309015,0.00677154801087454
309016,0.07384884357452393
309018,0.06912316381931305
309019,0.15358789078891277
309035,0.01665822946233675
309042,0.10416687373071909
309044,0.012759725213982165
309052,0.0790143390186131
309061,0.0276338669937104
309064,0.06233622180297971
309072,0.05888014007359743
309075,0.019028545008040965
309083,0.056571849854663014
309099,0.13252949714660645
309124,0.005399843779741786
309125,0.07458362448960543
309146,0.008112055773381144
309159,0.012707810499705374
309161,0.03417286416515708
309168,0.15163871180266142
309180,0.015618073754012585
309185,0.15569306164979935
309195,0.10782442288473248
309198,0.017672948888503015
309200,0.09719762951135635
309202,0.04176177876070142
309204,0.07055748580023646
309213,0.11180828232318163
309227,0.08148262603208423
309234,0.010356085083913058
309241,0.018744177068583667
309242,0.04311394575051963
309244,0.05241120280697942
309246,0.05560383014380932
309250,0.03731314814649522
309251,0.06345921661704779
309274,0.07275171997025609
309276,0.06399403838440776
309280,0.2431526742875576
309298,0.20497175306081772
309301,0.11577197443693876
309302,0.03290621587075293
309326,0.01615997962653637
309335,0.13953945692628622
309341,0.05918860901147127
309343,0.13547214772552252
309344,0.07140997005626559
309354,0.03815130703151226
309362,0.021440414246171713
309399,0.04542468348518014
309406,0.1326403459534049
309409,0.09235812956467271
309411,0.07597770029678941
309418,0.2587874289602041
309421,0.06894015101715922
309435,0.022581112338230014
309443,0.21065478958189487
309455,0.09673895686864853
309462,0.07766578253358603
309473,0.06253916956484318
309476,0.2708217781037092
309478,0.015802556183189154
309493,0.013872592127881944
309502,0.0645906375721097
309508,0.11228806246072054
309526,0.09734499733895063
309536,0.006369464594172314
309544,0.010025991330621764
309547,0.08189537422731519
309555,0.010730202659033239
309562,0.03166770376265049
309569,0.1191743416711688
309574,0.052469994872808456
309577,0.01394810329657048
309578,0.06531969364732504
309579,0.10314253345131874
309585,0.014533260487951338
309588,0.09886069409549236
309603,0.036944502498954535
309604,0.017433949979022145
309617,0.09030314721167088
309620,0.00831100158393383
309623,0.007031598768662661
309648,0.14508525002747774
309665,0.05813129059970379
309682,0.0159507553325966
309694,0.02448740997351706
309702,0.03318329248577356
309711,0.01956827996764332
309713,0.2266443409025669
309729,0.012291950115468353
309735,0.019630473223514855
309744,0.045306775253266096
309749,0.07235137885436416
309750,0.01599403948057443
309759,0.10234915232285857
309761,0.04593099490739405
309770,0.048359463922679424
309776,0.03386882529594004
309777,0.02315570507198572
309789,0.02840296016074717
309790,0.007843617902835831
309800,0.09978799987584352
309813,0.029020071728155017
309814,0.0416971817612648
309815,0.29088823311030865
309825,0.062416642904281616
309826,0.01841992960544303
309829,0.009905378159601241
309831,0.002838479027559515
309837,0.010017447639256716
309846,0.06338002113625407
309849,0.18676998373121023
309855,0.022094525047577918
309860,0.1217105146497488
309879,0.016662104055285454
309882,0.2295832335948944
309887,0.07600937876850367
309892,0.020898535382002592
309895,0.06698056915774941
309902,0.01921257353387773
309915,0.04583215247839689
309923,0.009154752944596112
309941,0.4607185199856758
309942,0.13003617897629738
309945,0.03232193214353174
309950,0.076624961104244
309955,0.018244602950289845
309963,0.018959397566504776
309964,0.01980941090732813
309967,0.3479788023978472
309969,0.03559175389818847
309971,0.03591911192052066
309978,0.11565715540200472
309987,0.10699080117046833
309990,0.14257288444787264
309992,0.043514238903298974
309993,0.03717619786038995
310010,0.044157857773825526
310012,0.022635619272477925
310017,0.013077180774416775
310018,0.0250340934144333
310022,0.037393872858956456
310031,0.02171451784670353
310033,0.03064682218246162
310034,0.06558576738461852
310038,0.11605885438621044
310044,0.18241155613213778
310062,0.02432983333710581
310071,0.019411909277550876
310075,0.021816341439262033
310082,0.07983353175222874
310093,0.058568487875163555
310101,0.0076254025916568935
310106,0.007311276451218873
310118,0.08618981298059225
310123,0.029393310425803065
310126,0.008682311599841341
310130,0.03992612799629569
310141,0.051747025921940804
310145,0.22838474996387959
310148,0.06771342037245631
310150,0.03559167077764869
310159,0.08205333352088928
310162,0.05064165545627475
310163,0.042346067260950804
310166,0.005969236546661705
310167,0.017800268717110157
310170,0.03849815111607313
310181,0.05496527976356447
310187,0.024720023036934435
310191,0.007051090127788484
310192,0.03150506317615509
310197,0.13709077052772045
310200,0.020548491622321308
310201,0.2306241076439619
310203,0.008328863070346415
310204,0.018257687683217227
310213,0.02023878914769739
310215,0.03404386108741164
310218,0.16306290961802006
310236,0.05977907404303551
310238,0.020036652451381087
310241,0.022770263138227165
310245,0.38713602162897587
310252,0.052914480213075876
310259,0.024754147394560277
310260,0.15868110489100218
310261,0.024898355710320175
310262,0.0367778274230659
310274,0.04080084292218089
310294,0.25717818364501
310296,0.15508328657597303
310298,0.03393140574917197
310306,0.10532129555940628
310307,0.07317305635660887
310316,0.003910675965016708
310329,0.04701006808318198
310338,0.03631611308082938
310342,0.032752175349742174
310343,0.07948701921850443
310360,0.10372341331094503
310362,0.4220014587044716
310378,0.035397624829784036
310379,0.026529927039518952
310383,0.14439523313194513
310385,0.10084703750908375
310387,0.06507581798359752
310388,0.025050238240510225
310400,0.006626784219406545
310408,0.16084390133619308
310414,0.13330744951963425
310423,0.009607607062207535
310424,0.0463377283886075
310428,0.12041751388460398
310432,0.051097807474434376
310456,0.014701468928251415
310463,0.24910279922187328
310475,0.07796617364510894
310476,0.03879901138134301
310482,0.01998436450958252
310485,0.0352438862901181
310490,0.021453087800182402
310496,0.007006004394497722
310505,0.05355147807858884
310519,0.021567670395597816
310546,0.16894843615591526
310547,0.015487176133319736
310553,0.07174752047285438
310555,0.014006654731929302
310556,0.3582174591720104
310568,0.009944708464900032
310573,0.06288869772106409
310574,0.030661351745948195
310577,0.059303844813257456
310580,0.048428047681227326
310581,0.009761123801581562
310583,0.07068908773362637
310586,0.033996072597801685
310591,0.023543570889160037
310598,0.027993151801638305
310606,0.09887209348380566
310628,0.01987966406159103
310634,0.045841711573302746
310638,0.023728136206045747
310646,0.007515058561693877
310648,0.10885775182396173
310654,0.021482579060830176
310659,0.10149179166182876
310663,0.08260331442579627
310669,0.017293012817390263
310670,0.026223130989819765
310674,0.023709238623268902
310691,0.033345143077895045
310693,0.07962911669164896
310702,0.010762617574073374
310706,0.03588941809721291
310709,0.021402976009994745
310711,0.0962819755077362
310720,0.125419101677835
310739,0.2250173632055521
310742,0.20427130162715912
310743,0.0380808524787426
310752,0.04126202780753374
310753,0.049700811970978975
310757,0.45414310321211815
310763,0.01622789993416518
310764,0.04969144519418478
310769,0.01468618051148951
310771,0.07048548059538007
310775,0.013222853536717594
310779,0.05573250167071819
310781,0.05435426230542362
310784,0.04692861484363675
310793,0.1884583942592144
310794,0.013817544560879469
310816,0.17698151338845491
310823,0.03144524875096977
310837,0.03029052820056677
310856,0.03933098865672946
310865,0.0237419658806175
310866,0.05880680354312062
310872,0.09148618672043085
310877,0.1950396914035082
310879,0.11541828094050288
310883,0.009594133996870369
310884,0.19271925650537014
310908,0.007574335293611512
310928,0.01570875709876418
310935,0.013682808610610664
310954,0.022745068767108023
310964,0.05479174247011542
310971,0.056120155146345496
310972,0.07711680978536606
310983,0.15162714943289757
310988,0.00588589436665643
310994,0.026800266234204173
311003,0.011168318800628185
311020,0.02833250188268721
311024,0.07891213893890381
311037,0.01768310577608645
311064,0.06845312868244946
311070,0.03684095060452819
311086,0.15991688705980778
311087,0.03985673491843045
311108,0.010125736822374165
311110,0.024856983101926744
311115,0.011709378857631236
311116,0.20222144201397896
311117,0.04368029651232064
311128,0.036063183564692736
311136,0.040482420241460204
311146,0.010365408263169229
311155,0.06069245538674295
311157,0.028329143882729113
311159,0.0643355892971158
311170,0.15380349289625883
311184,0.05429061036556959
311199,0.007630828826222569
311208,0.0820873761549592
311209,0.014579593727830797
311220,0.1437521567568183
311230,0.03330602403730154
311233,0.01139174000127241
311241,0.11327644251286983
311261,0.012467699532862753
311262,0.040995633928105235
311268,0.0093818205059506
311277,0.17289896681904793
311296,0.10797951929271221
311298,0.02613457082770765
311310,0.14402167592197657
311313,0.1831348044797778
311316,0.03086936566978693
311324,0.06228680303320289
311327,0.05079102423042059
311331,0.03153955843299627
311335,0.018047612509690225
311343,0.03662187326699495
311346,0.03282168926671147
311357,0.13798111956566572
311358,0.006646395748248324
311365,0.01860951480921358
311370,0.043681990122422576
311376,0.026454477105289698
311380,0.05299924570135772
311393,0.017120181815698743
311399,0.052823063218966126
311404,0.024177805637009442
311409,0.036390534369274974
311425,0.07155194086953998
311436,0.03691561287268996
311455,0.020007168292067945
311459,0.08977610850706697
311475,0.08508687419816852
311499,0.024566353298723698
311509,0.013422137533780187
311518,0.009226090682204813
311535,0.03075042529962957
311536,0.017840650107245892
311540,0.07370794843882322
311542,0.12168750958517194
311552,0.09398920135572553
311562,0.24501650966703892
311580,0.008002536575077102
311583,0.03113200212828815
311588,0.07859956752508879
311595,0.023867764393799007
311601,0.14751598611474037
311605,0.05626460583880544
311609,0.2706445176154375
311612,0.03917685127817094
311621,0.06092879385687411
311623,0.013912014663219452
311625,0.06654800660908222
311636,0.014907342265360057
311637,0.030685196863487363
311646,0.08161279046908021
311648,0.020769402384757996
311654,0.07855429733172059
311663,0.06991490069776773
311676,0.04669809387996793
311679,0.010830935381818563
311683,0.02806161856278777
311685,0.018763184547424316
311691,0.029215899761766195
311695,0.03912475076504052
311700,0.021901570726186037
311710,0.046543673146516085
311714,0.013206929201260209
311716,0.055089550325646996
311725,0.0207983017899096
311727,0.08583235833793879
311728,0.01130538311554119
311737,0.1427765702828765
311738,0.04219140764325857
311743,0.040905328001827
311746,0.009188165422528982
311747,0.07400798005983233
311761,0.17324116080999374
311765,0.013507587485946715
311773,0.013023293227888644
311776,0.009411468723556027
311786,0.09108418552204967
311801,0.015960767748765647
311820,0.023250060621649027
311822,0.18017925135791302
311829,0.033367852913215756
311835,0.08653572853654623
311846,0.048385701375082135
311851,0.12981128972023726
311854,0.02875317237339914
311872,0.008639288658741862
311875,0.011106610647402704
311888,0.044167316518723965
311916,0.1380995213985443
311928,0.026867217966355383
311931,0.012183648301288486
311933,0.2633104044944048
311934,0.009987182391341776
311948,0.029588603181764483
311949,0.09403164125978947
311950,0.029935390572063625
311952,0.03823746903799474
311954,0.16851129196584225
311962,0.10729353874921799
311965,0.005543151084566489
311968,0.11268314439803362
311976,0.19409043714404106
311977,0.031902703922241926
311983,0.021460620569996536
311989,0.006150272485683672
311996,0.09165578056126833
311999,0.03987669828347862
312007,0.19391841813921928
312022,0.09032223327085376
312023,0.030858071288093925
312034,0.04180278326384723
312042,0.02189723600167781
312049,0.015767672797665
312077,0.06519113387912512
312088,0.06111598759889603
312091,0.13060900941491127
312114,0.018825866631232202
312115,0.04934658808633685
312117,0.09823888214305043
312119,0.11458033230155706
312126,0.2865834981203079
312127,0.008197459683287889
312134,0.17287227232009172
312164,0.013687360391486436
312176,0.013019983132835478
312178,0.020491245086304843
312184,0.010974682867527008
312185,0.12323915492743254
312186,0.02390930987894535
312191,0.057078201323747635
312197,0.012617606611456722
312213,0.30787280574440956
312223,0.19032644480466843
312224,0.17461469490081072
312225,0.027259042602963746
312226,0.0589814658742398
312231,0.01783562172204256
312239,0.029372233897447586
312251,0.034069746267050505
312271,0.004220252274535596
312278,0.02149252826347947
312281,0.005936204019235447
312289,0.013388550549279898
312291,0.011644077487289906
312301,0.020866035600192845
312302,0.013711882405914366
312316,0.08931852830573916
312324,0.03465138841420412
312338,0.004013567639049143
312361,0.008068623952567577
312363,0.08222814043983817
312368,0.013016049284487963
312382,0.010072481003589928
312384,0.058116132859140635
312390,0.024727646727114916
312395,0.07386468909680843
312396,0.02679413720034063
312400,0.06107723107561469
312406,0.07914998661726713
312412,0.00740884555852972
312414,0.0345911371987313
312417,0.045882151229307055
312425,0.06627342849969864
312428,0.005370979837607592
312431,0.0325781290885061
312437,0.23313269950449467
312442,0.015328463050536811
312451,0.09476768877357244
312460,0.11966269556432962
312464,0.05180339515209198
312466,0.01442976575344801
312470,0.02475819457322359
312473,0.12601011339575052
312490,0.021466231090016663
312493,0.16162077710032463
312503,0.013862356543540955
312509,0.23648944310843945
312520,0.04542453191243112
312528,0.007118229666957632
312543,0.042010744800791144
312544,0.03079689433798194
312553,0.012340041459538043
312558,0.017819790169596672
312565,0.11640678718686104
312568,0.11611197050660849
312579,0.019558382802642882
312581,0.036206629825755954
312582,0.026102569419890642
312596,0.08085237117484212
312597,0.021380490041337907
312598,0.022259957040660083
312617,0.1449515549466014
312627,0.08140151994302869
312635,0.033344659488648176
312637,0.16890972759574652
312639,0.023418951081112027
312640,0.20220693200826645
312642,0.1627282202243805
312651,0.05289082368835807
312663,0.02466672961600125
312668,0.06951517332345247
312685,0.015629273373633623
312691,0.03409388242289424
312693,0.047567125177010894
312710,0.027135532116517425
312711,0.007978368317708373
312712,0.014901139598805457
312720,0.03647104022093117
312746,0.2047794833779335
312763,0.0051068315806332976
312770,0.04459179984405637
312791,0.32605088502168655
312795,0.020406397874467075
312796,0.022609563544392586
312797,0.15839630458503962
312804,0.06544750090688467
312812,0.02633303788024932
312813,0.06093351682648063
312825,0.021824552910402417
312827,0.03943409048952162
312841,0.01902844780124724
312842,0.12113721203058958
312845,0.029259878443554044
312856,0.026845759595744312
312866,0.015088137472048402
312870,0.3650827556848526
312879,0.03135129879228771
312895,0.008658683305839077
312901,0.1090094642713666
312909,0.013634018949232996
312910,0.0406470000743866
312916,0.018341615912504494
312926,0.04411983978934586
312942,0.11038176249712706
312946,0.10934030869975686
312950,0.025390440714545548
312952,0.018476669443771243
312963,0.022110642050392926
312968,0.12295982986688614
312976,0.037501353304833174
312980,0.1463412083685398
312984,0.06108114030212164
312987,0.06338143395259976
312994,0.02892916649580002
312996,0.10132722044363618
312997,0.09517920715734363
313019,0.019703436293639243
313020,0.00555847174837254
313028,0.041666988749057055
313041,0.3298827949911356
313045,0.007899035350419581
313048,0.08044361835345626
313052,0.10923155210912228
313062,0.030986104509793222
313063,0.03620984451845288
313066,0.020413849502801895
313071,0.029901875648647547
313085,0.011396714602597058
313099,0.31647948175668716
313109,0.14987867418676615
313131,0.014315028209239244
313139,0.057295060716569424
313141,0.06240650452673435
313142,0.19280172139406204
313145,0.17423498630523682
313153,0.1145237497985363
313157,0.016071588441263884
313161,0.1334495935589075
313165,0.04654797213152051
313179,0.0859556864015758
313208,0.11509304214268923
313228,0.3034456241875887
313236,0.07003308879211545
313243,0.011492145305965096
313245,0.021100278245285153
313249,0.015896700555458665
313275,0.020863940473645926
313276,0.06894919835031033
313280,0.03632898232899606
313284,0.19256020803004503
313285,0.0331158940680325
313292,0.013517954503186047
313297,0.0812844168394804
313304,0.012042969232425094
313322,0.010952056385576725
313323,0.03181441966444254
313325,0.004439750089659356
313326,0.07530522858723998
313334,0.012870133796241134
313336,0.04652024828828871
313337,0.2432985920459032
313339,0.050164451356977224
313340,0.022893352201208472
313341,0.15330649819225073
313343,0.1427745223045349
313346,0.22910395823419094
313348,0.19866784568876028
313359,0.05194059736095369
313365,0.01998608000576496
313375,0.07571212761104107
313381,0.04842509631998837
313382,0.03650349529925734
313389,0.02067091123899445
313390,0.0054988501069601625
313391,0.07981564616784453
313410,0.03456116700544953
313416,0.021245724288746715
313417,0.045780580723658204
313426,0.1860444489866495
313429,0.02787245810031891
313469,0.017662558355368674
313479,0.010310707380995154
313485,0.29338545724749565
313494,0.003104276634985581
313496,0.054781738203018904
313501,0.0994991441257298
313506,0.025692730210721493
313521,0.02470200485549867
313524,0.04238929366692901
313538,0.06347385793924332
313550,0.14373792801052332
313557,0.21781356260180473
313573,0.015824848553165793
313583,0.016691224416717887
313592,0.19508886896073818
313602,0.027862927643582225
313604,0.08131136652082205
313606,0.1648275889456272
313617,0.03293936583213508
313622,0.020524868508800864
313625,0.12417415156960487
313638,0.02380234352312982
313639,0.07460952131077647
313645,0.08114815829321742
313655,0.066284597851336
313656,0.35226043686270714
313663,0.041687293676659465
313669,0.05798800243064761
313670,0.08626227593049407
313676,0.024575474206358194
313689,0.35945389047265053
313699,0.034974065609276295
313711,0.012453247793018818
313720,0.16019278205931187
313731,0.28046303801238537
313736,0.2920011878013611
313741,0.03677681554108858
313744,0.030783662339672446
313749,0.1056483555585146
313750,0.06732126604765654
313753,0.16251011937856674
313763,0.021917875856161118
313765,0.16464187297970057
313776,0.020350156701169908
313778,0.08486123941838741
313781,0.03985356027260423
313786,0.27709968388080597
313787,0.011351323046255857
313795,0.034778288449160755
313809,0.022225107182748616
313810,0.052915992913767695
313811,0.1684290375560522
313818,0.2430727519094944
313825,0.06621776288375258
313830,0.010669229493942112
313831,0.011680926952976733
313834,0.020592019893229008
313837,0.17452875711023808
313841,0.03154874127358198
313859,0.007662609685212374
313882,0.01830021315254271
313887,0.2878413088619709
313900,0.02126280532684177
313902,0.07666544103994966
313906,0.009898904128931463
313930,0.012349624943453819
313932,0.07885849475860596
313943,0.024762993911281228
313944,0.00985211890656501
313957,0.011875272204633802
313970,0.1050591841340065
313980,0.012584023585077375
313982,0.009650829888414592
313999,0.10651650279760361
314000,0.023533301544375718
314003,0.14272259641438723
314004,0.0597012871876359
314005,0.2198360376060009
314007,0.024829345056787133
314010,0.14356365241110325
314011,0.008902744215447456
314016,0.11405688431113958
314023,0.019174829125404358
314024,0.08794109616428614
314031,0.011558699363376945
314038,0.14744391106069088
314041,0.017351637943647802
314061,0.02265875192824751
314073,0.01887467788765207
314091,0.1146824462339282
314097,0.16558689158409834
314099,0.07073258562013507
314107,0.014285805984400213
314124,0.11971740424633026
314127,0.05845820531249046
314131,0.009801038133446127
314132,0.008613992511527613
314137,0.098362120334059
314139,0.004859287582803518
314143,0.026858708122745156
314149,0.020154709345661104
314153,0.014214306022040546
314154,0.2315352763980627
314160,0.03182055545039475
314167,0.018476262222975492
314171,0.012124474451411515
314182,0.09415392111986876
314190,0.0089213537867181
314194,0.010029812692664564
314198,0.04511590301990509
314211,0.029042481095530093
314220,0.11435536574572325
314245,0.025353753590025008
314247,0.023900910280644894
314256,0.011461959918960929
314259,0.10540382098406553
314267,0.018261944060213864
314271,0.03802243014797568
314278,0.054823667742311954
314282,0.01949209370650351
314283,0.12315265648066998
314294,0.12732807360589504
314298,0.1089682960882783
314299,0.16474415082484484
314306,0.021366473811212927
314307,0.05187649675644934
314308,0.01839700707932934
314309,0.0046496186114382
314317,0.10582752339541912
314323,0.08213280141353607
314332,0.01150286290794611
314334,0.01801692391745746
314335,0.041244257939979434
314337,0.10707309702411294
314343,0.012510107510024682
314344,0.008427413646131754
314346,0.007289488159585744
314351,0.04258574405685067
314354,0.06809031032025814
314355,0.020039783092215657
314359,0.04341037874110043
314364,0.06213619839400053
314366,0.04669966408982873
314367,0.11776287201792002
314374,0.007382246665656567
314376,0.021606055204756558
314387,0.049530915915966034
314405,0.06655359268188477
314412,0.017731744213961065
314418,0.09931533876806498
314429,0.12346699461340904
314438,0.16729215998202562
314442,0.037748690228909254
314477,0.019497955217957497
314480,0.017905602930113673
314486,0.07899290090426803
314487,0.08899322291836143
314488,0.13718144688755274
314490,0.012601602997165173
314523,0.03048322827089578
314528,0.1506811184808612
314535,0.026822756277397275
314542,0.11540187895298004
314560,0.09665631270036101
314585,0.09729764796793461
314594,0.1188732897862792
314596,0.07405944261699915
314601,0.05037404433824122
314603,0.027585803298279643
314612,0.12295498140156269
314615,0.24095945060253143
314619,0.041210237657651305
314621,0.06807927461341023
314627,0.1530908616259694
314629,0.04073263728059828
314635,0.535445012152195
314639,0.02580064011272043
314646,0.04975223308429122
314650,0.25554292276501656
314661,0.02615231811068952
314690,0.03037530416622758
314699,0.012539392686448991
314705,0.09559639729559422
314709,0.011206355760805309
314710,0.006457620678702369
314711,0.008922754379455
314714,0.07165838871151209
314719,0.012418323662132025
314722,0.02524014888331294
314723,0.03382708504796028
314729,0.026507565286010504
314732,0.05177935166284442
314734,0.04461283585987985
314746,0.015243588015437126
314761,0.3342206422239542
314769,0.1347024105489254
314773,0.09676190605387092
314774,0.0273067862726748
314776,0.033719970379024744
314780,0.03402582625858486
314785,0.2306451965123415
314789,0.14668988902121782
314796,0.21215458773076534
314810,0.02571045618969947
314812,0.04749037674628198
314817,0.003949785314034671
314822,0.12367300689220428
314840,0.16353061143308878
314843,0.03488128143362701
314853,0.028957448434084654
314856,0.02593910600990057
314862,0.04282820038497448
314864,0.008669309929246083
314878,0.03396069654263556
314894,0.014243286452256143
314906,0.420331746339798
314912,0.011177511769346893
314914,0.015204427298158407
314933,0.07972976053133607
314941,0.00686464665341191
314949,0.009450608515180647
314950,0.06716522108763456
314952,0.07648621452972293
314961,0.09659165563061833
314970,0.08104161219671369
314972,0.09254845324903727
314975,0.12807872984558344
314985,0.04474670393392444
314986,0.013778947410173714
314991,0.11718184687197208
314995,0.02129801525734365
314997,0.022366578108631074
315003,0.010305671661626548
315035,0.019112709444016218
315038,0.07806223444640636
315040,0.01910995680373162
315046,0.022900008945725858
315053,0.010701926716137677
315054,0.0882576322183013
315060,0.137285266071558
315061,0.012871949642430991
315067,0.15418187994509935
315076,0.054000379517674446
315079,0.04995062155649066
315083,0.04323173291049898
315084,0.041767412796616554
315092,0.025804904522374272
315095,0.22637359611690044
315112,0.2035250309854746
315122,0.0471249227412045
315123,0.014208739914465696
315125,0.07908956194296479
315136,0.2962134685367346
315143,0.09790561813861132
315145,0.04929332504980266
315153,0.026250765775330365
315164,0.12824790831655264
315169,0.00559361076739151
315178,0.15367448888719082
315179,0.05748500721529126
315189,0.007479710096959025
315192,0.09998930105939507
315194,0.15166532713919878
315198,0.0055091668327804655
315210,0.03268092661164701
315211,0.014446681539993733
315221,0.24845966137945652
315222,0.028645629179663956
315228,0.08153720945119858
315231,0.2338298913091421
315233,0.07257231883704662
315235,0.09167486103251576
315240,0.025217684218659997
315244,0.022281676763668656
315257,0.018548990483395755
315261,0.02811581885907799
315271,0.04175997991114855
315278,0.03027294296771288
315282,0.2503476310521364
315287,0.013458786066621542
315288,0.07042803289368749
315291,0.06139849592000246
315306,0.006083393149310723
315309,0.015106728416867554
315312,0.011699801252689213
315330,0.03162143914960325
315335,0.14134328719228506
315337,0.04184828721918166
315343,0.102998455055058
315344,0.2012770976871252
315366,0.02050656289793551
315389,0.23689804784953594
315403,0.022660987451672554
315414,0.14804880321025848
315425,0.0038921156083233654
315430,0.0241621466120705
315432,0.08971176855266094
315436,0.025425907922908664
315437,0.017801234731450677
315445,0.015866702422499657
315451,0.01614990911912173
315460,0.010606394906062633
315462,0.013942593417596072
315476,0.0997414798475802
315480,0.05227349163033068
315489,0.019078689394518733
315494,0.005151939010829665
315499,0.0018913553722086363
315503,0.05231304536573589
315507,0.13353935908526182
315540,0.008524099423084408
315541,0.037800197722390294
315546,0.0635632905177772
315553,0.08602279843762517
315569,0.2795140575617552
315571,0.01953485410194844
315574,0.05021013016812503
315580,0.05241621984168887
315587,0.018682223395444453
315609,0.01903330534696579
315610,0.035212382674217224
315617,0.05159772327169776
315623,0.011723899107892066
315629,0.012970327923540026
315635,0.014803501195274293
315637,0.034096441930159926
315641,0.0314967785961926
315644,0.04650641628541052
315654,0.10517527814954519
315662,0.019390856847167015
315663,0.08582428703084588
315673,0.03457897296175361
315677,0.04543370008468628
315679,0.025239857146516442
315680,0.1459613861516118
315681,0.01724560046568513
315682,0.23693685047328472
315684,0.028232760727405548
315693,0.05726991826668382
315701,0.027783774537965655
315705,0.04264204646460712
315706,0.02516074338927865
315711,0.11370349675416946
315714,0.07816983200609684
315725,0.05831348686479032
315738,0.08214181242510676
315740,0.051304589956998825
315749,0.14589070994406939
315753,0.047785183880478144
315757,0.05542693170718849
315778,0.05564440065063536
315781,0.06568513112142682
315793,0.026507116621360183
315813,0.11647386942058802
315822,0.029954873956739902
315827,0.04910765425302088
315831,0.014033212617505342
315843,0.09572205040603876
315857,0.08801906136795878
315864,0.09892641613259912
315869,0.015378586656879634
315870,0.07770171714946628
315878,0.07676956569775939
315891,0.10239665303379297
315894,0.06493121106177568
315895,0.08465425437316298
315903,0.02347237232606858
315917,0.024569834233261645
315920,0.019715097500011325
315937,0.044559579342603683
315938,0.02489258977584541
315947,0.03970849607139826
315970,0.22752107493579388
315971,0.013525962072890252
315974,0.02011384186334908
315984,0.069038191344589
315985,0.08619428146630526
315988,0.01291808020323515
315993,0.11724190227687359
315995,0.29485522396862507
315997,0.00858355819946155
316000,0.01915188110433519
316009,0.011847331188619137
316011,0.08171805506572127
316014,0.01998328510671854
316021,0.030478160944767296
316022,0.016126501839607954
316023,0.030145278433337808
316060,0.05395747348666191
316063,0.06121336854994297
316065,0.13168159313499928
316066,0.017395261325873435
316077,0.13210080936551094
316083,0.009972510859370232
316093,0.05945021822117269
316100,0.013901726808398962
316110,0.010062282381113619
316118,0.009160459361737594
316135,0.013806607690639794
316139,0.06500487355515361
316154,0.15778811927884817
316156,0.006657472549704835
316171,0.019140162388794124
316173,0.016007432714104652
316186,0.018080336274579167
316188,0.013270725088659674
316190,0.07246819324791431
316195,0.09886146523058414
316205,0.062150103971362114
316214,0.05429241340607405
316216,0.05704763112589717
316220,0.10830147285014391
316222,0.014384988113306463
316224,0.0926773939281702
316226,0.012929637741763145
316230,0.057503171963617206
316248,0.09957295935600996
316258,0.1462126262485981
316269,0.04814573167823255
316270,0.026825992157682776
316279,0.047109480714425445
316286,0.03848703787662089
316295,0.03524540620855987
316297,0.02711452986113727
316305,0.028273043571971357
316312,0.017032859846949577
316313,0.005254152783891186
316314,0.22109505906701088
316320,0.018999488442204893
316321,0.0208183586364612
316328,0.030271958094090223
316329,0.0342043109703809
316334,0.021130599663592875
316364,0.009748802287504077
316372,0.01348319195676595
316382,0.0064313194452552125
316407,0.0072163790464401245
316411,0.24678322300314903
316433,0.06772239413112402
316435,0.05322901136241853
316441,0.08731283014640212
316456,0.009019087592605501
316457,0.05760132195428014
316462,0.06279297545552254
316465,0.018448694027028978
316466,0.018784732092171907
316468,0.02073891449254006
316469,0.033850845182314515
316479,0.1073888847604394
316481,0.013075763825327158
316484,0.040740094846114516
316502,0.12129158992320299
316517,0.03190608602017164
316525,0.02365006471518427
316531,0.004692989954492077
316546,0.01947654678951949
316549,0.04640033142641187
316557,0.004916547302855179
316561,0.09160687914118171
316564,0.050135156605392694
316565,0.17774410918354988
316594,0.166128009557724
316595,0.07887608977034688
316600,0.02803134615533054
316625,0.011880095349624753
316645,0.04334335960447788
316647,0.1682645147666335
316659,0.06326731899753213
316683,0.07210364332422614
316694,0.04180931206792593
316697,0.0063574004743713886
316701,0.03511143219657242
316702,0.011122636031359434
316703,0.021125529194250703
316718,0.09341439511626959
316723,0.09975629718974233
316748,0.11177910305559635
316756,0.01839723566081375
316758,0.040317572420462966
316763,0.030845123808830976
316764,0.05661429511383176
316768,0.018972616409882903
316769,0.026799731072969735
316772,0.017819550121203065
316777,0.06993945362046361
316781,0.02042041439563036
316785,0.09136381512507796
316786,0.03225372498854995
316815,0.47659317404031754
316816,0.04395449673756957
316828,0.0457799572031945
316831,0.016095604049041867
316837,0.006919917999766767
316843,0.0584469367749989
316849,0.13764894753694534
316854,0.009336316084954888
316862,0.025712608359754086
316867,0.017825646209530532
316902,0.032529380172491074
316903,0.00850026577245444
316906,0.021514632389880717
316914,0.03509354707784951
316915,0.022984452662058175
316923,0.01077961246483028
316928,0.09793519601225853
316930,0.019221335416659713
316932,0.20616801641881466
316940,0.028493415098637342
316947,0.005883408332010731
316948,0.029473156318999827
316977,0.1595464190468192
316983,0.04758321447297931
316987,0.02294920023996383
317003,0.024619569652713835
317005,0.031695870915427804
317035,0.020070784841664135
317036,0.008195836213417351
317043,0.09362317062914371
317048,0.009573163173627108
317056,0.015625738655216992
317065,0.01117168425116688
317079,0.015256127808243036
317080,0.012980555766262114
317083,0.08309150440618396
317087,0.04199062357656658
317103,0.014370375080034137
317117,0.08597980812191963
317119,0.08403218910098076
317125,0.06512067862786353
317126,0.05403249803930521
317134,0.07293880917131901
317138,0.018013289663940668
317142,0.015788719640113413
317150,0.006830034835729748
317184,0.06757965870201588
317190,0.04744522157125175
317196,0.03349599824286997
317197,0.0330978047568351
317206,0.015381415607407689
317210,0.020386872231028974
317221,0.05151448445394635
317226,0.10826738830655813
317227,0.23431409522891045
317236,0.016201961203478277
317237,0.05680942256003618
317241,0.009605452883988619
317249,0.03665834804996848
317256,0.0160911378916353
317282,0.04935606964863837
317294,0.02176404173951596
317298,0.030527366558089852
317300,0.029470277950167656
317307,0.11912088841199875
317311,0.012016638065688312
317318,0.08382345037534833
317322,0.05911556421779096
317323,0.14065941702574492
317332,0.04184928257018328
317338,0.01809914142359048
317346,0.01205230801133439
317347,0.012980357278138399
317349,0.05799536872655153
317354,0.12287044990807772
317369,0.23327812552452087
317386,0.0529063418507576
317389,0.01447291177464649
317410,0.20312009379267693
317411,0.05040172580629587
317422,0.05549068748950958
317434,0.007554358890047297
317446,0.034201706293970346
317449,0.028582895291037858
317455,0.03989068232476711
317469,0.006013769481796771
317475,0.03281629038974643
317476,0.023621689644642174
317487,0.04059735615737736
317488,0.029784427490085363
317499,0.056189431343227625
317500,0.017491873004473746
317506,0.05185970338061452
317515,0.08938792627304792
317518,0.034398188814520836
317520,0.5048169791698456
317546,0.15643473155796528
317549,0.06854251073673368
317554,0.07072332175448537
317565,0.027276158914901316
317579,0.03149837930686772
317591,0.07935290038585663
317592,0.09756422508507967
317593,0.12068997044116259
317594,0.012113042816054076
317601,0.17383441608399153
317603,0.059831611113622785
317606,0.025108231231570244
317608,0.023149070795625448
317611,0.04377697128802538
317618,0.07689341716468334
317628,0.030850736191496253
317629,0.07048253621906042
317642,0.07096700370311737
317644,0.01370619930094108
317648,0.15683738701045513
317650,0.01752099918667227
317665,0.06018367223441601
317675,0.03796294843778014
317695,0.05446885759010911
317696,0.05072696367278695
317704,0.11260232981294394
317713,0.009070534841157496
317730,0.029463999206200242
317735,0.16754543967545033
317736,0.059088896960020065
317738,0.1008396465331316
317747,0.1266720239073038
317764,0.057890150463208556
317765,0.0833572605624795
317772,0.16697037313133478
317774,0.01658203813713044
317786,0.018624381627887487
317788,0.026554946321994066
317806,0.06462250952608883
317809,0.20593438763171434
317811,0.021847601630724967
317814,0.06305445404723287
317815,0.050661886343732476
317830,0.0347586355637759
317835,0.025262234616093338
317843,0.060780528001487255
317856,0.04222886497154832
317863,0.24365460127592087
317876,0.11116364784538746
317889,0.09820517990738153
317902,0.20989265851676464
317910,0.012681679450906813
317914,0.0580823440104723
317933,0.020634946296922863
317936,0.11759579554200172
317940,0.009643448196584359
317944,0.015240551729220897
317952,0.05513416323810816
317955,0.09534090757369995
317958,0.004419938559294678
317965,0.019742513075470924
317966,0.08345844177529216
317978,0.0344876351300627
318000,0.015859437291510403
318007,0.05985916359350085
318008,0.1325049940496683
318012,0.010949314688332379
318016,0.024833297939039767
318019,0.07125518983229995
318020,0.018001745804212987
318021,0.024115707725286484
318025,0.03847363288514316
318036,0.029705523629672825
318044,0.0332285996992141
318055,0.02027403167448938
318056,0.12323692627251148
318057,0.1144478665664792
318065,0.19909827038645744
318075,0.023659613099880517
318081,0.3526385761797428
318094,0.026933170622214675
318096,0.013709460734389722
318104,0.02560156851541251
318105,0.013834525598213077
318109,0.1075467960909009
318113,0.00952185393543914
318121,0.09392662905156612
318122,0.11814494151622057
318126,0.024585245409980416
318127,0.06586146494373679
318131,0.07482705265283585
318135,0.11271706782281399
318155,0.02625312772579491
318156,0.011220516636967659
318161,0.02063080354128033
318164,0.11434305738657713
318169,0.16131386812776327
318173,0.1214982233941555
318176,0.13907140213996172
318177,0.0872829626314342
318181,0.028911222470924258
318187,0.022453350480645895
318193,0.00961522656143643
318203,0.04451953014358878
318206,0.015550381096545607
318214,0.04115278017707169
318220,0.019504264811985195
318232,0.030371873639523983
318250,0.09816415468230844
318251,0.14306469913572073
318252,0.010663858498446643
318254,0.027765785343945026
318260,0.017226358409971
318261,0.00521634315373376
318263,0.051535437582060695
318264,0.06620537955313921
318266,0.07789418660104275
318267,0.053896919591352344
318268,0.018699883366934955
318270,0.015551867720205337
318274,0.10706308484077454
318282,0.036837534280493855
318286,0.03810510551556945
318292,0.007543835032265633
318297,0.007512371463235468
318320,0.12195560242980719
318337,0.03371028881520033
318343,0.05883521097712219
318347,0.10507268225774169
318351,0.08832836989313364
318357,0.3342056777328253
318360,0.013966921484097838
318384,0.008314098580740392
318385,0.008861912414431572
318387,0.11298038810491562
318390,0.07283941144123673
318391,0.03053768863901496
318393,0.012376309256069362
318406,0.010769416752737015
318408,0.17721861507743597
318410,0.14777506235986948
318424,0.16316999681293964
318428,0.06748195784166455
318432,0.023347680340521038
318433,0.2520049288868904
318445,0.12473521661013365
318452,0.28194434382021427
318467,0.037580405827611685
318473,0.06613016547635198
318480,0.060994312167167664
318486,0.08277975860983133
318496,0.01153351430548355
318505,0.2145208129659295
318511,0.06806322047486901
318517,0.055322440806776285
318522,0.05561301507987082
318527,0.08400206780061126
318530,0.04277226608246565
318531,0.024158099200576544
318533,0.012606145231984556
318535,0.007762716762954369
318536,0.017778057954274118
318548,0.08376223500818014
318551,0.06111635314300656
318557,0.05155910854227841
318576,0.01401014719158411
318581,0.17851309292018414
318607,0.06600098358467221
318609,0.00989379535894841
318615,0.4848989434540272
318634,0.054782012943178415
318640,0.2684279792010784
318651,0.16585904732346535
318657,0.11888943053781986
318669,0.06898479769006371
318674,0.14092288445681334
318675,0.029863237868994474
318686,0.06588401878252625
318694,0.026942508877255023
318760,0.06613352661952376
318762,0.008206210128264502
318763,0.00571240036515519
318765,0.05191655084490776
318766,0.038932113675400615
318769,0.12786691263318062
318775,0.10675398353487253
318782,0.022117509972304106
318786,0.296380503103137
318792,0.008156972093274817
318801,0.0805542659945786
318802,0.05285576917231083
318803,0.04886564798653126
318805,0.0782404518686235
318813,0.17165201343595982
318817,0.0484007284976542
318821,0.07326130662113428
318827,0.046915206126868725
318834,0.18626357149332762
318835,0.01790061849169433
318851,0.005932016283622943
318857,0.008549717837013304
318862,0.0383292343467474
318874,0.03346650255843997
318878,0.034764422569423914
318897,0.011701069248374552
318909,0.18196696043014526
318924,0.042105891508981586
318927,0.09227450704202056
318942,0.16454317327588797
318946,0.06100426730699837
318957,0.47103016823530197
318959,0.014812485256697983
318975,0.013105347461532801
318982,0.009238837461452931
318987,0.012865784752648324
318993,0.008293460443383083
318995,0.02572049875743687
318996,0.014554355351720005
318997,0.05234244791790843
318999,0.06276124063879251
319012,0.25659375078976154
319014,0.17756954208016396
319018,0.06837750086560845
319020,0.1673584608361125
319048,0.015356011572293937
319052,0.05845386441797018
319067,0.022522747633047402
319083,0.02468390390276909
319088,0.01654493622481823
319089,0.05094634462147951
319090,0.3711768314242363
319096,0.026123494608327746
319099,0.07920760940760374
319108,0.014571801002603024
319116,0.035223976243287325
319117,0.04692376358434558
319119,0.06180193508043885
319126,0.24340226873755455
319133,0.0741152404807508
319135,0.030666018836200237
319137,0.04394016368314624
319143,0.043094236170873046
319168,0.0396130308508873
319170,0.07246582675725222
319174,0.015773474937304854
319181,0.014439762628171593
319192,0.014895858825184405
319193,0.010629373195115477
319198,0.012864751683082432
319211,0.028698492096737027
319219,0.11704033613204956
319220,0.019904619781300426
319226,0.06020335666835308
319240,0.03198011638596654
319248,0.039454071782529354
319257,0.04327768227085471
319261,0.06635022163391113
319264,0.008894186874385923
319268,0.015843083907384425
319289,0.15969874896109104
319292,0.013865133165381849
319295,0.03564956155605614
319302,0.06238211551681161
319308,0.11821599211543798
319310,0.1799795925617218
319313,0.021727172657847404
319322,0.011049965396523476
319329,0.013724374934099615
319331,0.023320285021327436
319334,0.07524789730086923
319346,0.014078294043429196
319352,0.4324656277894974
319358,0.15907481033354998
319363,0.011668276856653392
319365,0.08571816328912973
319370,0.005829459420056082
319371,0.1643268270418048
319372,0.037941680988296866
319385,0.07244003750383854
319387,0.00665402109734714
319393,0.018816123949363828
319396,0.10442444682121277
319406,0.028411546954885125
319439,0.01417073595803231
319440,0.1063706474378705
319441,0.18201160617172718
319462,0.03468412393704057
319471,0.09620170388370752
319475,0.004324192195781507
319476,0.17212959565222263
319486,0.07326172618195415
319487,0.03742949874140322
319489,0.08255735505372286
319491,0.018959050998091698
319494,0.01656628435011953
319496,0.108550607226789
319512,0.040364014683291316
319519,0.03474523941986263
319522,0.014201243640854955
319530,0.01893692056182772
319540,0.010853131185285747
319547,0.026938436552882195
319549,0.048873904859647155
319559,0.024493389762938023
319561,0.030985641991719604
319566,0.018347881734371185
319569,0.02589159447234124
319574,0.02584918960928917
319579,0.04134882381185889
319580,0.11548684816807508
319582,0.009210584219545126
319583,0.10611568205058575
319585,0.054056376218795776
319598,0.08444006787613034
319600,0.03439510124735534
319602,0.006590121891349554
319603,0.038544092793017626
319604,0.02665076602715999
319608,0.008311387267895043
319622,0.09679366741329432
319623,0.06220225617289543
319625,0.04496287601068616
319628,0.05283228913322091
319637,0.1050980007275939
319639,0.040563069051131606
319658,0.014349945238791406
319669,0.05733575811609626
319677,0.04032459715381265
319683,0.07045030128210783
319688,0.029547814279794693
319697,0.056689019314944744
319700,0.02126707078423351
319727,0.11584966722875834
319747,0.034709586296230555
319751,0.024621383054181933
319758,0.04483178583905101
319759,0.04342358186841011
319765,0.01580192393157631
319768,0.04024723474867642
319774,0.07786321919411421
319776,0.02976616774685681
319777,0.016322946292348206
319785,0.020287749590352178
319789,0.010464374790899456
319792,0.0341298608109355
319799,0.019547342672012746
319814,0.02068983088247478
319815,0.008217843540478498
319822,0.051802898989990354
319829,0.05205518426373601
319836,0.07833589380607009
319837,0.017117857350967824
319839,0.08027749368920922
319843,0.04075479134917259
319860,0.07924872497096658
319876,0.16986394301056862
319877,0.015944052604027092
319887,0.03140223934315145
319889,0.008503524091793224
319892,0.033321409253403544
319893,0.053882771637290716
319897,0.04829120566137135
319898,0.03541329829022288
319911,0.06794528104364872
319917,0.083662542514503
319923,0.014691874443087727
319927,0.028953258879482746
319929,0.049255692632868886
319931,0.1577294897288084
319948,0.11298515368252993
319949,0.023552562342956662
319992,0.02696403011213988
319999,0.019283252768218517
320001,0.09010167373344302
320003,0.03643801109865308
320004,0.3166921567171812
320011,0.1029587285593152
320012,0.05709904571995139
320021,0.1347415903583169
320026,0.02323059202171862
320034,0.02850470063276589
320041,0.19916784577071667
320042,0.02954332169611007
320046,0.03238602913916111
320056,0.009195254155201837
320062,0.02056991250719875
320093,0.08090243954211473
320094,0.017441757838241756
320101,0.06826070928946137
320114,0.05587867461144924
320126,0.18781105615198612
320128,0.02188884117640555
320137,0.024495354271493852
320149,0.047737482469528913
320165,0.021877353894524276
320172,0.09500066563487053
320173,0.12924539018422365
320175,0.18756031058728695
320179,0.021543524926528335
320181,0.0570074247661978
320191,0.0500667137093842
320192,0.01777961221523583
320195,0.010112088872119784
320199,0.03550906642340124
320202,0.014672943274490535
320203,0.12802590429782867
320205,0.059593535494059324
320224,0.13603064697235823
320227,0.15281895827502012
320228,0.013295724696945399
320248,0.2010598499327898
320252,0.008122649713186547
320254,0.08266170369461179
320259,0.04093658225610852
320267,0.19951845705509186
320276,0.015454076463356614
320287,0.11096165515482426
320291,0.02874043770134449
320295,0.07436297554522753
320297,0.02241582004353404
320305,0.1818803558126092
320321,0.17007480561733246
320331,0.13896910939365625
320336,0.08461465779691935
320341,0.030561332823708653
320344,0.06659430079162121
320356,0.006808585691032931
320362,0.09077784651890397
320369,0.012430588831193745
320379,0.03644956205971539
320387,0.012758072349242866
320397,0.023640122497454286
320412,0.0409995224326849
320421,0.06042197346687317
320428,0.16109934449195862
320429,0.2523504924029112
320430,0.010408154514152557
320434,0.0617081243544817
320453,0.08034212468191981
320462,0.020201669074594975
320469,0.012373443169053644
320475,0.058553722221404314
320478,0.08775771502405405
320484,0.03382885060273111
320494,0.014057080668862909
320499,0.00854626198997721
320541,0.2247940395027399
320550,0.01265317655634135
320561,0.016821708297356963
320562,0.06664874637499452
320564,0.022542663384228945
320566,0.2086787298321724
320568,0.04061850789003074
320593,0.015367163985501975
320609,0.03929878072813153
320614,0.053597158286720514
320621,0.013466966222040355
320639,0.21291518583893776
320640,0.09968126518651843
320656,0.049206949304789305
320657,0.049172628205269575
320670,0.03737904876470566
320672,0.021796017419546843
320691,0.08241029409691691
320693,0.004378689773147926
320698,0.08051975537091494
320699,0.04974334919825196
320704,0.02798967412672937
320709,0.00859002344077453
320711,0.029360052663832903
320724,0.02316648990381509
320737,0.027571715880185366
320744,0.05929504171945155
320747,0.03358381218276918
320750,0.07942301221191883
320752,0.03921911958605051
320760,0.1046737041324377
320765,0.18877702299505472
320767,0.015264301910065114
320778,0.2119930498301983
320784,0.013980202609673142
320789,0.1336252437904477
320793,0.008616934268502519
320795,0.17569798044860363
320805,0.03821121179498732
320806,0.24075827561318874
320823,0.04924361896701157
320828,0.14926558453589678
320833,0.11854502093046904
320843,0.042355107609182596
320846,0.0069181818689685315
320851,0.15034054592251778
320852,0.11362381838262081
320869,0.0358180976472795
320873,0.07726831175386906
320890,0.019094712217338383
320905,0.05052508879452944
320912,0.028129878686740994
320914,0.007093760184943676
320915,0.007404703239444643
320920,0.06119884829968214
320924,0.04725411254912615
320925,0.0092585000093095
320936,0.07710496755316854
320937,0.03102283168118447
320940,0.050350017147138715
320943,0.0377362493891269
320954,0.022307816543616354
320959,0.24715257436037064
320960,0.01642079884186387
320966,0.036546503426507115
320968,0.016468341927975416
320975,0.021754742483608425
320978,0.00747266536927782
320979,0.062133164843544364
320981,0.005417143664089963
320987,0.08122863760218024
320989,0.06832893751561642
321009,0.1697443537414074
321021,0.1517320228740573
321035,0.05082209315150976
321038,0.06104063894599676
321039,0.0667753079906106
321051,0.026908303145319223
321058,0.019759969087317586
321066,0.23778671212494373
321075,0.18392745591700077
321092,0.006132753420388326
321098,0.09293199190869927
321107,0.1424975860863924
321116,0.17372041940689087
321118,0.02944299951195717
321124,0.023024937137961388
321131,0.03650546679273248
321134,0.12905290070921183
321140,0.03711975226178765
321143,0.10475716693326831
321145,0.012397767277434468
321150,0.007033774396404624
321151,0.03731295536272228
321153,0.184270397759974
321154,0.05684077041223645
321156,0.01564225507900119
321160,0.02995777118485421
321176,0.021749964216724038
321183,0.04820807557553053
321187,0.06801271252334118
321196,0.02712439396418631
321197,0.06975487759336829
321204,0.302566796541214
321208,0.056695742066949606
321209,0.038565807742998004
321223,0.10001627635210752
321226,0.022065151832066476
321227,0.010008057579398155
321236,0.14965869020670652
321249,0.18314506486058235
321250,0.03947419743053615
321253,0.07838763669133186
321256,0.02148492622654885
321276,0.13668454438447952
321298,0.028441704576835036
321303,0.009836750861722976
321309,0.05750683764927089
321313,0.02495167520828545
321322,0.23209022171795368
321345,0.04364889697171748
321350,0.037278031930327415
321355,0.03715771599672735
321358,0.03718164120800793
321370,0.08540193922817707
321377,0.18687989190220833
321385,0.19023584946990013
321398,0.04132142779417336
321401,0.01798657642211765
321415,0.019210223108530045
321416,0.19732012040913105
321419,0.01237219211179763
321427,0.058567331405356526
321433,0.006834834231995046
321439,0.09317580424249172
321455,0.028871138114482164
321463,0.10808936506509781
321465,0.04811166203580797
321480,0.005759540130384266
321486,0.01850909332279116
321498,0.12499557808041573
321502,0.06019179103896022
321510,0.06157798878848553
321524,0.033423318061977625
321526,0.1250814814120531
321528,0.07427044911310077
321533,0.21021793223917484
321536,0.06960296398028731
321548,0.059908236376941204
321557,0.02106670883949846
321564,0.046242884593084455
321567,0.016124063753522933
321602,0.09253047732636333
321625,0.1273865746334195
321627,0.15259809233248234
321640,0.06013020360842347
321645,0.018085708608850837
321648,0.09434926975518465
321649,0.07462134724482894
321652,0.01770055084489286
321659,0.06866305181756616
321667,0.012280203402042389
321676,0.0503649462480098
321696,0.03598415059968829
321697,0.05480104358866811
321702,0.05811739503405988
321704,0.020241987193003297
321706,0.02051692013628781
321710,0.0843676277436316
321722,0.03671393380500376
321760,0.06868801172822714
321770,0.13575967121869326
321779,0.03376816865056753
321784,0.13371388986706734
321786,0.028207723167724907
321792,0.02910305908881128
321795,0.10936165507882833
321801,0.0223099400755018
321804,0.009548751229885966
321806,0.11488806642591953
321807,0.034482932183891535
321808,0.2709213588386774
321809,0.030124510638415813
321825,0.05705680348910391
321828,0.04303104360587895
321843,0.07087189028970897
321848,0.03240920579992235
321854,0.10316261928528547
321869,0.08199916873127222
321870,0.056548853404819965
321887,0.010848562931641936
321896,0.09312235051766038
321898,0.07563528418540955
321908,0.035805804654955864
321910,0.014076531282626092
321915,0.22117230854928493
321919,0.06147845555096865
321922,0.03045692713931203
321928,0.12778334133327007
321929,0.04742909036576748
321932,0.10045341122895479
321934,0.16210120916366577
321936,0.373039361089468
321956,0.0617301519960165
321957,0.038045426830649376
321965,0.0073460145213175565
321970,0.025965072331018746
321974,0.012361093831714243
321980,0.04188836133107543
321985,0.016962740919552743
321992,0.03694005776196718
321999,0.014941484783776104
322005,0.00605990260373801
322018,0.01912549394182861
322020,0.02057057141792029
322021,0.14518126286566257
322023,0.015096505056135356
322024,0.024592322297394276
322039,0.00886239594547078
322054,0.062497241888195276
322061,0.05502794682979584
322082,0.013569067814387381
322088,0.15857016295194626
322093,0.07734004268422723
322105,0.09954382386058569
322111,0.017952356138266623
322113,0.24234873428940773
322117,0.025967733119614422
322120,0.009121930343098938
322123,0.019651933340355754
322132,0.04388776165433228
322136,0.16862820461392403
322141,0.06739542563445866
322147,0.041528235422447324
322169,0.14478459674865007
322170,0.3583587147295475
322172,0.08092667069286108
322196,0.03336570644751191
322198,0.13476162124425173
322217,0.06500219367444515
322226,0.14434128813445568
322227,0.09847507532685995
322229,0.006391656716004945
322242,0.02893292810767889
322244,0.05433146026916802
322249,0.03259359183721244
322250,0.07023133989423513
322253,0.059301978908479214
322254,0.1295308256521821
322267,0.006604713504202664
322269,0.04340507462620735
322274,0.12473932839930058
322285,0.2812177147716284
322309,0.028698187903501093
322320,0.013072203728370368
322327,0.025358656188473105
322331,0.03098041983321309
322332,0.02413589891511947
322334,0.17533056158572435
322339,0.07218391029164195
322348,0.22790670674294233
322350,0.3875463232398033
322354,0.03617304260842502
322356,0.029297338100150228
322367,0.1260524932295084
322369,0.05547897098585963
322372,0.19730831868946552
322374,0.014753202674910426
322383,0.19174450263381004
322388,0.2265665866434574
322393,0.043978532776236534
322395,0.05478086299262941
322407,0.013960441458038986
322413,0.04954934795387089
322416,0.008869175857398659
322419,0.011978127295151353
322424,0.05077545181848109
322432,0.01154106727335602
322442,0.014608842029701918
322447,0.02767774718813598
322448,0.17323744762688875
322460,0.015203758608549833
322461,0.151208589784801
322468,0.01173272670712322
322472,0.10718421917408705
322473,0.1924365982413292
322488,0.01750856777653098
322490,0.018635193118825555
322491,0.04186610924080014
322497,0.018450570642016828
322503,0.05709650740027428
322521,0.19587763585150242
322525,0.21066668070852757
322533,0.14196331333369017
322549,0.06247687991708517
322561,0.2609597649425268
322566,0.11283764149993658
322570,0.29349648393690586
322574,0.018924600328318775
322578,0.0072559554246254265
322579,0.03397140232846141
322586,0.03702634829096496
322596,0.017828646465204656
322598,0.03915786952711642
322603,0.060560827143490314
322614,0.1436542645096779
322626,0.004973158036591485
322630,0.047352877678349614
322639,0.1948491558432579
322640,0.051384997786954045
322642,0.046690465649589896
322651,0.12145541049540043
322652,0.0865475763566792
322656,0.01788638741709292
322662,0.04314164514653385
322664,0.0382759862113744
322681,0.20373783074319363
322684,0.01682537980377674
322685,0.15169522166252136
322711,0.11100615374743938
322717,0.03281455999240279
322719,0.0279384502209723
322730,0.06466466747224331
322740,0.028518178733065724
322743,0.16749453265219927
322749,0.004938847472658381
322757,0.06224557617679238
322759,0.09132167557254434
322760,0.05144686158746481
322770,0.009579789300914854
322786,0.10670527815818787
322797,0.10402230359613895
322800,0.04049772256985307
322815,0.006390728696715087
322831,0.05529226385988295
322835,0.0894810794852674
322841,0.027100675040856004
322845,0.019005284877493978
322846,0.0075755293073598295
322851,0.03334068786352873
322852,0.03737202379852533
322877,0.02992095611989498
322880,0.0871602795086801
322893,0.038816512329503894
322911,0.011107623518910259
322928,0.40325039997696877
322934,0.0499580695759505
322938,0.16170858312398195
322950,0.0792560656554997
322959,0.015364044578745961
322961,0.02297707903198898
322965,0.13872082252055407
322966,0.01962103263940662
322968,0.011425532924477011
322977,0.014859712042380124
322979,0.04296970344148576
322986,0.1781765427440405
322990,0.13146313559263945
322998,0.013347804197110236
323005,0.026417163549922407
323008,0.03081889054737985
323014,0.008453457528958097
323015,0.014639745757449418
323025,0.054717402905225754
323030,0.06445643585175276
323033,0.009615949995350093
323036,0.02943535684607923
323043,0.13586102798581123
323049,0.06767985690385103
323051,0.20082113705575466
323053,0.00896771386032924
323056,0.04705006256699562
323059,0.014259257353842258
323076,0.02194089663680643
323088,0.06442049564793706
323108,0.47710825130343437
323112,0.06982472725212574
323127,0.018036388675682247
323135,0.04505988280288875
323137,0.025871151126921177
323141,0.028890470508486032
323142,0.03377330908551812
323147,0.15347309224307537
323150,0.11609722953289747
323153,0.08729282580316067
323156,0.03288429928943515
323161,0.017999301431700587
323171,0.02245638589374721
323173,0.03058634791523218
323176,0.008552115119528025
323184,0.03272286523133516
323189,0.09231945965439081
323193,0.03271894948557019
323209,0.1593319633975625
323218,0.1967274472117424
323224,0.4151010327041149
323235,0.11927278758957982
323236,0.015031487098895013
323242,0.011340419470798224
323252,0.07666442822664976
323253,0.19906095415353775
323254,0.006890483608003706
323271,0.02900146064348519
323276,0.03951364359818399
323278,0.05188770825043321
323281,0.009195183753035963
323285,0.02144077222328633
323289,0.030543670523911715
323292,0.026612252229824662
323297,0.09485630551353097
323312,0.00971460301661864
323318,0.0038565329741686583
323319,0.009811188996536657
323324,0.0408444891218096
323325,0.029491312569007277
323328,0.07109255762770772
323334,0.05237353127449751
323338,0.21881882101297379
323340,0.012239294592291117
323343,0.10818488895893097
323354,0.056522905360907316
323373,0.027961933403275907
323376,0.029132174095138907
323381,0.04813741706311703
323382,0.06731167435646057
323383,0.2661245968192816
323387,0.018934729043394327
323394,0.07505019241943955
323398,0.008641783671919256
323405,0.094275685492903
323407,0.060693695209920406
323428,0.2853525150567293
323436,0.11875397153198719
323451,0.06227071117609739
323455,0.12002182006835938
323463,0.09490936202928424
323466,0.042394291842356324
323475,0.09126117127016187
323477,0.014461848302744329
323481,0.005951432627625763
323485,0.09372407896444201
323488,0.016784595209173858
323493,0.0392518462613225
323494,0.025209789746440947
323505,0.07464723754674196
323506,0.03215516055934131
323509,0.010477899224497378
323518,0.0179821930360049
323530,0.11364774871617556
323539,0.015272098185960203
323549,0.025682557257823646
323557,0.03418898954987526
323568,0.04854705324396491
323569,0.01544472755631432
323571,0.023137411917559803
323573,0.08065484091639519
323585,0.05681998422369361
323588,0.019024978042580187
323599,0.30476723052561283
323615,0.003770472263568081
323617,0.03585320897400379
323620,0.20840700529515743
323636,0.058487603440880775
323665,0.037728527560830116
323670,0.00550873126485385
323675,0.1300715277902782
323688,0.04693987802602351
323693,0.010666981863323599
323694,0.011634027294348925
323696,0.034158316906541586
323710,0.01796241756528616
323716,0.07097018463537097
323718,0.053741512820124626
323719,0.01744400674942881
323720,0.0640237252227962
323722,0.04080404154956341
323729,0.18329999037086964
323738,0.036068612011149526
323740,0.017542620422318578
323787,0.017707997118122876
323795,0.010970479517709464
323801,0.012991333205718547
323810,0.047733433078974485
323822,0.0184695846401155
323825,0.0827221036888659
323833,0.04781152633950114
323860,0.006184088124427944
323871,0.0078051575110293925
323879,0.02067548071499914
323888,0.027491349494084716
323891,0.22436400316655636
323894,0.06468100845813751
323909,0.03174655116163194
323911,0.05192172108218074
323920,0.12719810009002686
323923,0.0569613603875041
323930,0.018684058566577733
323935,0.04229430784471333
323937,0.1128142848610878
323938,0.013739059679210186
323948,0.034847737988457084
323956,0.06385289365425706
323962,0.08093492547050118
323964,0.01509680028539151
323966,0.013761834590695798
323970,0.007854763214709237
323972,0.04700834024697542
323977,0.046058018459007144
323985,0.0546590737067163
323989,0.03249805304221809
323994,0.020997461979277432
324010,0.03170421766117215
324020,0.0793489427305758
324033,0.022644445416517556
324052,0.18736773543059826
324055,0.010947448667138815
324075,0.009347164275823161
324087,0.05847676354460418
324088,0.005209778173593804
324091,0.017827631440013647
324104,0.03696773643605411
324109,0.06854876456782222
324114,0.039244832238182425
324118,0.01950666995253414
324125,0.08830618811771274
324130,0.17972856294363737
324146,0.024217136669903994
324149,0.03929511015303433
324156,0.012068370939232409
324170,0.060501332860440016
324171,0.05021276418119669
324172,0.01766987342853099
324178,0.20120719261467457
324180,0.12903142720460892
324220,0.016504310187883675
324222,0.012798812938854098
324227,0.08602780662477016
324229,0.061356574296951294
324230,0.18079572916030884
324235,0.0962502402253449
324243,0.022251225542277098
324247,0.29419373720884323
324264,0.13501498196274042
324269,0.03877605311572552
324270,0.038541687885299325
324271,0.07535456540063024
324291,0.31558527424931526
324293,0.010506162536330521
324296,0.06182211544364691
324298,0.09889580216258764
324302,0.11580966506153345
324305,0.005208485439652577
324310,0.015491950325667858
324325,0.05036130314692855
324339,0.03463518829084933
324345,0.03085570828989148
324347,0.03670353884808719
324356,0.01218688051449135
324383,0.07822807598859072
324387,0.06596076674759388
324393,0.08677304442971945
324400,0.07665716856718063
324401,0.026916061178781092
324412,0.12602938897907734
324414,0.019466836820356548
324415,0.21063759736716747
324416,0.04366705613210797
324420,0.09201181586831808
324437,0.007152322330512106
324445,0.18948599696159363
324464,0.14889834728091955
324472,0.05231169401668012
324496,0.08223617635667324
324499,0.030792313744314015
324512,0.02146118914242834
324544,0.04235655697993934
324545,0.02143648301716894
324552,0.04398397286422551
324553,0.03338787937536836
324558,0.20744626969099045
324559,0.010026928852312267
324572,0.047384985722601414
324582,0.04042262164875865
324595,0.37714819982647896
324596,0.3786313980817795
324598,0.01706576650030911
324614,0.10073298867791891
324620,0.38125198148190975
324621,0.022346493089571595
324624,0.09418198000639677
324651,0.04808502900414169
324655,0.12337831500917673
324669,0.010610627010464668
324674,0.5388808138668537
324677,0.06590864900499582
324681,0.07656594831496477
324689,0.003678836270410102
324708,0.009578385361237451
324714,0.1644800417125225
324716,0.14890345931053162
324719,0.04380463669076562
324731,0.14987166598439217
324733,0.05650586960837245
324741,0.15950461011379957
324745,0.057421430479735136
324747,0.1881930623203516
324748,0.008644904126413167
324764,0.1639149570837617
324772,0.08825055556371808
324788,0.07295108353719115
324795,0.007015864393906668
324801,0.017235633567906916
324811,0.026073834160342813
324816,0.23777145892381668
324821,0.062073285691440105
324825,0.007426369498716667
324840,0.1610297653824091
324841,0.1538435285910964
324854,0.024765128386206925
324866,0.01372894854284823
324884,0.10985526815056801
324894,0.054268506821244955
324895,0.027348262490704656
324913,0.03712092130444944
324914,0.014592103310860693
324944,0.045889014611020684
324949,0.3302985019981861
324978,0.04030448757112026
324983,0.021253226324915886
324987,0.018870784901082516
324995,0.003636614157585427
325000,0.0197952042799443
325001,0.23356367088854313
325005,0.018924030009657145
325017,0.02031317597720772
325019,0.025786441867239773
325020,0.008252050814917311
325021,0.3479490987956524
325041,0.03176710312254727
325063,0.5188897177577019
325066,0.05039389617741108
325070,0.09848945215344429
325102,0.138044617138803
325117,0.044016893254593015
325121,0.08745450060814619
325136,0.033702178159728646
325153,0.007948284794110805
325157,0.019094065530225635
325158,0.0247039234964177
325163,0.08639982156455517
325180,0.03768207016400993
325181,0.028986866818740964
325185,0.2592930104583502
325194,0.030294275609776378
325196,0.027157410513609648
325206,0.0187752639176324
325212,0.032222361071035266
325217,0.19198361411690712
325218,0.030427532037720084
325223,0.032071180641651154
325238,0.07487681228667498
325254,0.07229015650227666
325258,0.036775771994143724
325268,0.009236676793079823
325269,0.03407943854108453
325275,0.014380697975866497
325277,0.012030549405608326
325282,0.025504402932710946
325284,0.03634964535012841
325289,0.0823292606510222
325291,0.4030267931520939
325300,0.07236966863274574
325303,0.18673462606966496
325306,0.016887641162611544
325313,0.022846988053061068
325316,0.11865537473931909
325318,0.007364782562945038
325332,0.05401187506504357
325344,0.15442400518804789
325354,0.025746737490408123
325360,0.008791566302534193
325364,0.026319955941289663
325375,0.2775195464491844
325377,0.006059632258256897
325380,0.020726712769828737
325390,0.07141311839222908
325392,0.00883465149672702
325395,0.11914345808327198
325411,0.020268655149266124
325412,0.060516227735206485
325420,0.17792196199297905
325424,0.015539232641458511
325433,0.07355202734470367
325438,0.027029689168557525
325439,0.00708162717637606
325443,0.02424762595910579
325454,0.03773777256719768
325464,0.021716399118304253
325473,0.02087338181445375
325476,0.023712074500508606
325495,0.05375478230416775
325525,0.03864956693723798
325529,0.028868808643892407
325552,0.04631902766413987
325553,0.30875319615006447
325564,0.01781751390080899
325565,0.024419767083600163
325580,0.08673630468547344
325590,0.3191508110612631
325591,0.02168473566416651
325596,0.021953550167381763
325601,0.0367832244373858
325602,0.07461161771789193
325623,0.0071081562782637775
325625,0.03302505146712065
325641,0.30089693889021873
325645,0.046186520252376795
325657,0.10940897651016712
325680,0.014524679980240762
325691,0.025938915088772774
325701,0.02517755818553269
325710,0.04516747337765992
325712,0.020270128268748522
325714,0.04676937451586127
325716,0.0585141908377409
325724,0.20301161892712116
325744,0.24785461835563183
325751,0.2647683881223202
325757,0.008977466903161258
325765,0.043212165823206306
325767,0.2942488379776478
325770,0.20615658722817898
325778,0.10224552126601338
325784,0.0786515329964459
325791,0.19809893146157265
325809,0.19425577484071255
325814,0.09931738674640656
325817,0.13390244264155626
325820,0.4965027794241905
325822,0.12153259478509426
325830,0.028600944904610515
325832,0.15629573818296194
325840,0.06891755014657974
325849,0.047602586448192596
325852,0.0411646633874625
325859,0.05646583717316389
325864,0.05264542205259204
325865,0.23917020671069622
325879,0.018293321132659912
325890,0.013796861632727087
325899,0.027470788918435574
325908,0.042598127387464046
325916,0.11999182403087616
325918,0.03579601692035794
325919,0.014998630562331527
325922,0.014315501728560776
325925,0.0434743023943156
325934,0.024929869454354048
325939,0.012196980125736445
325942,0.021757334703579545
325948,0.30380201898515224
325954,0.10256039351224899
325962,0.03889632364735007
325966,0.12248998135328293
325969,0.029228649800643325
325971,0.01597020705230534
325972,0.008685464272275567
325976,0.06620210548862815
325981,0.0283166510052979
325992,0.1096625616773963
326013,0.043785130605101585
326017,0.017846868839114904
326019,0.026306306361220777
326027,0.01912209077272564
326028,0.029734837356954813
326033,0.14288519229739904
326041,0.011015091731678694
326043,0.043852489441633224
326049,0.028821661602705717
326054,0.02806980791501701
326057,0.02247034478932619
326074,0.006300264416495338
326078,0.014418129925616086
326083,0.01840160565916449
326084,0.016265546437352896
326085,0.0807043588720262
326087,0.020071968669071794
326088,0.2091428842395544
326102,0.15640788991004229
326117,0.03860837919637561
326145,0.0627574254758656
326150,0.0406266248319298
326160,0.16908906772732735
326166,0.03986625745892525
326170,0.015193154220469296
326180,0.0255747742485255
326182,0.07526588346809149
326186,0.014807645347900689
326188,0.15935935731977224
326190,0.1382538666948676
326196,0.1495856661349535
326199,0.03992459736764431
326201,0.10466641094535589
326204,0.009968394035240635
326209,0.00576975560397841
326211,0.06023253407329321
326218,0.07192521542310715
326239,0.02136408246587962
326259,0.04179974412545562
326260,0.048862398602068424
326284,0.2764306291937828
326289,0.07186399167403579
326290,0.05452256975695491
326295,0.0236054346896708
326299,0.0666132578626275
326305,0.00863882846897468
326309,0.06536368699744344
326323,0.04190457216463983
326364,0.035454120952636003
326369,0.012114358192775398
326385,0.03461946453899145
326410,0.05384383839555085
326411,0.003982474692747928
326418,0.020296934759244323
326428,0.045335182221606374
326435,0.07664420176297426
326437,0.022170656477101147
326438,0.026400833623483777
326451,0.017648745561018586
326464,0.11891765985637903
326471,0.04219153570011258
326472,0.2595290057361126
326475,0.08608496049419045
326477,0.009110909712035209
326480,0.018119543441571295
326486,0.06104662595316768
326502,0.05697290459647775
326506,0.07355643203482032
326513,0.02375572209712118
326516,0.02327172108925879
326528,0.03143356763757765
326530,0.020615990622900426
326531,0.05495241563767195
326532,0.02062333666253835
326538,0.027816958026960492
326551,0.0349351002369076
326559,0.029902626760303974
326576,0.07616073172539473
326577,0.042600882006809115
326602,0.05441245064139366
326606,0.03738237242214382
326618,0.058473472483456135
326620,0.009930316533427685
326624,0.11448835115879774
326639,0.047544007655233145
326647,0.4997621104121208
326652,0.056451377691701055
326661,0.06460556667298079
326667,0.0814861636608839
326670,0.19189519807696342
326672,0.04658408439718187
326693,0.09751923568546772
326704,0.02111683029215783
326723,0.0278921436984092
326734,0.07379574561491609
326738,0.10121414344757795
326746,0.07186503009870648
326753,0.0331292487680912
326754,0.013295101001858711
326763,0.04549180273897946
326779,0.013913317234255373
326785,0.051660079043358564
326786,0.06465647579170763
326787,0.2484066840261221
326789,0.014931645593605936
326799,0.007521653809817508
326802,0.01312790293013677
326804,0.01584037416614592
326823,0.03218257171101868
326827,0.07924053072929382
326833,0.14082359243184328
326838,0.09466681350022554
326842,0.02181567612569779
326856,0.17156882863491774
326867,0.01650486735161394
326870,0.008327041869051754
326871,0.03473191522061825
326875,0.031237796880304813
326879,0.11938962154090405
326884,0.051642459351569414
326900,0.11236580833792686
326904,0.019074869574978948
326905,0.10112054832279682
326917,0.014664256654214114
326919,0.0374794106464833
326921,0.12486028298735619
326929,0.03299535647965968
326942,0.1431352784857154
326944,0.006040223845047876
326953,0.1615178268402815
326968,0.04487155959941447
326985,0.07624400313943624
326987,0.03542725136503577
326988,0.03492673672735691
326994,0.03632314060814679
327005,0.025404198560863733
327010,0.05711782490834594
327017,0.06871461309492588
327026,0.0696964249946177
327030,0.012653092970140278
327031,0.009691202139947563
327045,0.060840999241918325
327054,0.00526101837749593
327078,0.03213621233589947
327080,0.00944847014034167
327087,0.31548226065933704
327137,0.04165493976324797
327147,0.030239693354815245
327150,0.04421050567179918
327153,0.15547688864171505
327160,0.1405817773193121
327164,0.009788130468223244
327169,0.22912513092160225
327187,0.15585303027182817
327188,0.07886229734867811
327189,0.020683469250798225
327194,0.012613734928891063
327196,0.13535688631236553
327202,0.05276831425726414
327207,0.01223891822155565
327215,0.0138505352078937
327216,0.19491158705204725
327220,0.03597734565846622
327222,0.054685294860973954
327230,0.038067529909312725
327231,0.30094338208436966
327238,0.06109404028393328
327247,0.004603843641234562
327262,0.030983383767306805
327265,0.016003880533389747
327267,0.01058158028172329
327273,0.005855306051671505
327276,0.10428367741405964
327280,0.05476518487557769
327287,0.011793781828600913
327301,0.10078513715416193
327307,0.059970316011458635
327309,0.10791665408760309
327316,0.0685115004889667
327327,0.07253002235665917
327334,0.21994100883603096
327335,0.14344252366572618
327338,0.0063119376136455685
327341,0.04916014662012458
327350,0.02996509149670601
327355,0.0052728936716448516
327370,0.007912788598332554
327386,0.020461132284253836
327391,0.1008070856332779
327393,0.1776224821805954
327408,0.023412621580064297
327415,0.13729678746312857
327431,0.07905540894716978
327445,0.014414327219128609
327449,0.08777322759851813
327457,0.0647542248480022
327488,0.007768355251755565
327489,0.061430810019373894
327523,0.08445495227351785
327537,0.01995803916361183
327550,0.20908029098063707
327556,0.007555565534858033
327562,0.005551403039135039
327567,0.12609620485454798
327587,0.018493590760044754
327594,0.038230419624596834
327602,0.04518548585474491
327604,0.09852665010839701
327609,0.05468494398519397
327618,0.020841318066231906
327620,0.04711666121147573
327626,0.08579388028010726
327628,0.00874589110026136
327629,0.06736644357442856
327631,0.1074204733595252
327633,0.03363435179926455
327638,0.003662763148895465
327665,0.013117311638779938
327689,0.02155296492855996
327697,0.03567196917720139
327702,0.06252763932570815
327704,0.08198985084891319
327723,0.04173641512170434
327726,0.022062873234972358
327732,0.03586186980828643
327739,0.09137609042227268
327750,0.029680152190849185
327751,0.039962635142728686
327765,0.07635622145608068
327766,0.00855258881347254
327771,0.032294731005094945
327772,0.210970900952816
327774,0.06812949059531093
327784,0.02108284959103912
327789,0.013672035187482834
327794,0.013120662537403405
327799,0.11934095155447721
327803,0.1420608125627041
327817,0.025566333904862404
327819,0.06863981438800693
327823,0.09954779502004385
327828,0.4455362446606159
327834,0.17320064455270767
327835,0.02695131953805685
327866,0.22395935840904713
327871,0.02756904740817845
327886,0.10393766313791275
327900,0.07695656595751643
327901,0.2126423418521881
327904,0.008716017502592877
327906,0.1888701030984521
327908,0.03445256222039461
327909,0.011450143705587834
327914,0.32008582539856434
327917,0.0726805254817009
327928,0.06745182117447257
327947,0.01903939270414412
327949,0.02921172766946256
327952,0.05840010428801179
327954,0.021345641347579658
327962,0.0452065160498023
327964,0.16246652975678444
327985,0.02952536311931908
327996,0.06316769076511264
327997,0.0941886049695313
328013,0.008906610368285328
328017,0.07718822127208114
328027,0.0646174163557589
328029,0.09828523267060518
328042,0.05491159460507333
328043,0.015039240708574653
328064,0.1127831544727087
328072,0.01432650169590488
328074,0.21115477941930294
328080,0.014163251034915447
328086,0.0694813271984458
328122,0.07774202851578593
328126,0.0101715765777044
328127,0.11206370312720537
328142,0.00751444001798518
328144,0.028714810381643474
328150,0.07346711494028568
328154,0.07325022853910923
328160,0.041551616974174976
328171,0.04980776598677039
328179,0.02188297302927822
328192,0.019858468207530677
328195,0.017315755831077695
328196,0.03141862084157765
328201,0.010090227064210922
328203,0.02322972158435732
328217,0.05734715983271599
328218,0.011070366599597037
328228,0.07138798432424664
328231,0.027264702250249684
328246,0.04079317580908537
328252,0.10127451689913869
328255,0.10505301179364324
328264,0.020181225147098303
328281,0.05156116792932153
328282,0.006188740604557097
328291,0.043047935934737325
328303,0.027313998201861978
328305,0.12136303260922432
328313,0.050714087672531605
328336,0.062430467922240496
328340,0.01654362864792347
328343,0.024517171666957438
328368,0.4513215124607086
328372,0.015243174275383353
328381,0.03563891677185893
328383,0.029816626803949475
328385,0.016845921170897782
328393,0.015974122215993702
328395,0.03850325522944331
328409,0.008901831577531993
328424,0.059660566970705986
328427,0.016931353718973696
328456,0.03112484118901193
328463,0.07933057099580765
328489,0.05665509309619665
328491,0.0414025136269629
328509,0.01942384266294539
328516,0.1361918542534113
328524,0.014196339005138725
328535,0.11528278421610594
328536,0.012684878485742956
328539,0.0555462792981416
328542,0.7420198321342468
328545,0.31287131272256374
328549,0.059087923262268305
328554,0.029250197112560272
328558,0.04548319452442229
328571,0.04829782503657043
328576,0.020059120724909008
328578,0.04511847672984004
328588,0.12810975220054388
328601,0.012981239298824221
328604,0.05997675750404596
328624,0.012817338458262384
328629,0.07617707457393408
328632,0.029495136346668005
328634,0.025121706537902355
328636,0.08675179583951831
328637,0.1057326290756464
328647,0.03075699624605477
328668,0.00600350127206184
328669,0.02369145699776709
328678,0.02838561509270221
328684,0.046892374753952026
328694,0.04780129063874483
328705,0.08525590552017093
328712,0.029374172445386648
328720,0.0248098352458328
328729,0.09615699015557766
328730,0.025383698171935976
328733,0.025028823758475482
328758,0.17596153169870377
328761,0.038296330254524946
328764,0.028782208915799856
328777,0.028711048187687993
328783,0.08916631899774075
328813,0.08877874538302422
328819,0.04052937217056751
328826,0.018952501472085714
328829,0.05159771512262523
328834,0.026453331112861633
328845,0.005618043331196532
328856,0.0480066379532218
328865,0.1553909992799163
328868,0.08518248936161399
328878,0.1608911119401455
328896,0.014364137081429362
328899,0.014016488275956362
328909,0.046122418250888586
328914,0.005172327772015706
328926,0.015842933324165642
328934,0.021237025037407875
328935,0.007786510250298306
328949,0.04266496142372489
328954,0.017851602868176997
328957,0.015967961866408587
328968,0.16679724119603634
328974,0.026275341864675283
328984,0.004115829025977291
328991,0.05437464243732393
328997,0.05583406495861709
329000,0.04208168131299317
329005,0.028084449004381895
329007,0.04275248013436794
329018,0.08602710766717792
329034,0.05706945015117526
329051,0.08066492946818471
329052,0.038263012655079365
329055,0.18119433522224426
329062,0.09976473730057478
329064,0.10003383457660675
329070,0.14048367645591497
329075,0.026623588986694813
329078,0.1085776062682271
329081,0.007333518587984145
329086,0.1485312981531024
329101,0.01824493333697319
329105,0.2201396208256483
329113,0.08289391733705997
329119,0.09551210002973676
329133,0.033599985763430595
329135,0.026756252045743167
329138,0.03909129253588617
329143,0.029252275824546814
329157,0.061948980670422316
329165,0.03734294418245554
329170,0.020083087612874806
329176,0.08520450675860047
329177,0.07807129994034767
329179,0.01363964396296069
329196,0.11307422071695328
329209,0.09667802369222045
329219,0.34524139389395714
329241,0.012599153851624578
329245,0.0674778763204813
329248,0.017903414205648005
329249,0.03711176384240389
329251,0.02391300001181662
329252,0.01819075335515663
329256,0.028395256493240595
329261,0.05299739516340196
329264,0.22343267686665058
329297,0.11393203120678663
329310,0.03992861486040056
329320,0.04427021904848516
329328,0.0057392298185732216
329340,0.05631843884475529
329347,0.020504098385572433
329351,0.04211170878261328
329356,0.02148580609355122
329360,0.6437150351703167
329364,0.023462072596885264
329365,0.015955770621076226
329381,0.07234651176258922
329383,0.1587540926411748
329385,0.056039080023765564
329388,0.07700430927798152
329390,0.03020483278669417
329393,0.05364279914647341
329403,0.1633175816386938
329409,0.011113428277894855
329418,0.2819910403341055
329428,0.019322324194945395
329433,0.0371156414039433
329439,0.03558687516488135
329459,0.024652307853102684
329463,0.0731803490780294
329475,0.03872744110412896
329479,0.051147563150152564
329494,0.0959698585793376
329500,0.1493185916915536
329503,0.007602011930430308
329512,0.0043424070900073275
329514,0.11578168720006943
329521,0.05112141720019281
329526,0.104132866486907
329531,0.010145262931473553
329534,0.10717088542878628
329545,0.022377226734533906
329553,0.012418689206242561
329569,0.041592570720240474
329571,0.06947236228734255
329580,0.04106482560746372
329585,0.03121094382368028
329588,0.09403042495250702
329603,0.09313554130494595
329605,0.039775633718818426
329611,0.039167688228189945
329613,0.1316910283640027
329615,0.040064985398203135
329618,0.07112079951912165
329623,0.04530829261057079
329626,0.06462162197567523
329678,0.014988842827733606
329690,0.04373238026164472
329693,0.08241543965414166
329698,0.127766371704638
329700,0.0084745705826208
329706,0.01056099878042005
329709,0.07197506492957473
329713,0.1508821276947856
329716,0.028640687931329012
329717,0.005731646058848128
329719,0.0847670934163034
329720,0.0505651505663991
329737,0.012190648121759295
329741,0.049733576364815235
329742,0.005622296797810122
329749,0.09803135693073273
329765,0.05010758386924863
329771,0.041503208223730326
329775,0.061384943313896656
329779,0.027387036010622978
329781,0.0955202765762806
329788,0.06273703556507826
329798,0.16171120945364237
329799,0.008241772069595754
329810,0.118150913156569
329811,0.01228296896442771
329812,0.016194364987313747
329819,0.06813940452411771
329822,0.04134914372116327
329826,0.016395392478443682
329843,0.02406613656785339
329846,0.01934991788584739
329856,0.1408997979015112
329871,0.033560276962816715
329882,0.020970487385056913
329885,0.04250005469657481
329893,0.15738169010728598
329898,0.01829161716159433
329903,0.05860842647962272
329916,0.0562465968541801
329918,0.006599640706554055
329934,0.020174932084046304
329942,0.07730875490233302
329949,0.026113411877304316
329958,0.2886428739875555
329965,0.07140547642484307
329969,0.01448122225701809
329972,0.08072916697710752
329981,0.2336026206612587
329988,0.05167096829973161
329989,0.04267597268335521
330004,0.14480716921389103
330006,0.21541885659098625
330014,0.1424720948562026
330025,0.2150182705372572
330040,0.020798247773200274
330047,0.13259399496018887
330070,0.027642889181151986
330074,0.02218455378897488
330075,0.013802957197185606
330085,0.030856585828587413
330095,0.10738661512732506
330106,0.040391666581854224
330119,0.015716189984232187
330122,0.050559795228764415
330129,0.2504217214882374
330145,0.19337178021669388
330148,0.025605787290260196
330154,0.03166633122600615
330156,0.016444968816358596
330162,0.028401726158335805
330164,0.031217457493767142
330187,0.026414411142468452
330188,0.08830743003636599
330189,0.0758395972661674
330192,0.029866730677895248
330193,0.012649407901335508
330200,0.018239224795252085
330205,0.05410477425903082
330207,0.02669341955333948
330220,0.026184985297732055
330228,0.38093530014157295
330243,0.02817351382691413
330245,0.0159410301130265
330270,0.017435417976230383
330272,0.018665158131625503
330279,0.02572744560893625
330288,0.2677944414317608
330289,0.057353079319000244
330299,0.027109932503663003
330308,0.05795452697202563
330314,0.12023823987692595
330317,0.05679056001827121
330322,0.015733233536593616
330332,0.048662944696843624
330356,0.09608082799240947
330358,0.059400282334536314
330360,0.009885134815704077
330363,0.037237875163555145
330364,0.10755327995866537
330368,0.030280934646725655
330376,0.015106522594578564
330378,0.11467054765671492
330381,0.033049159799702466
330386,0.07572006154805422
330387,0.008329268865054473
330395,0.10036172717809677
330396,0.017740931420121342
330406,0.027069453848525882
330423,0.042437217896804214
330430,0.012543346907477826
330467,0.02347806131001562
330469,0.018558920710347593
330473,0.0908467685803771
330479,0.05698044179007411
330486,0.10484678857028484
330523,0.38905584067106247
330524,0.0722049125470221
330540,0.03670064941979945
330564,0.054141173139214516
330565,0.036240778397768736
330567,0.03422653768211603
330568,0.03418369172140956
330602,0.017877721111290157
330616,0.04628676688298583
330617,0.010215932095889002
330625,0.1108459746465087
330635,0.011891155561897904
330636,0.056806390173733234
330639,0.04878095327876508
330661,0.033484943211078644
330666,0.011827737267594784
330670,0.003391823935089633
330682,0.025279548834078014
330690,0.018128509516827762
330708,0.11701640114188194
330726,0.029136934783309698
330730,0.015446592180524021
330765,0.013927503023296595
330776,0.017995889764279127
330789,0.019000341068021953
330791,0.010686563036870211
330803,0.06252339296042919
330805,0.01239821978379041
330807,0.02202750078868121
330821,0.017697434523142874
330822,0.03438114374876022
330836,0.012974233948625624
330837,0.03014792618341744
330839,0.07615175331011415
330840,0.006079841579776257
330861,0.030080000986345112
330878,0.0906666899099946
330881,0.008833537576720119
330888,0.019624773762188852
330890,0.063502196688205
330903,0.12876755837351084
330904,0.031077570980414748
330905,0.05974653922021389
330907,0.04181871353648603
330915,0.008645439287647605
330921,0.0417551239952445
330922,0.05137899983674288
330925,0.017258759238757193
330942,0.0450411569327116
330945,0.07855645753443241
330957,0.1303714020177722
330965,0.09489437192678452
330973,0.06969048455357552
330979,0.01372690952848643
330981,0.03336234134621918
331005,0.03948774142190814
331018,0.09126263950020075
331026,0.011654170230031013
331032,0.004663529311073944
331033,0.06660648481920362
331036,0.008241846779128537
331037,0.021866943687200546
331048,0.021826918586157262
331054,0.09946790523827076
331058,0.02905428782105446
331063,0.04800031636841595
331077,0.02821747283451259
331079,0.009854713454842567
331081,0.112665637396276
331082,0.01788804109673947
331090,0.021510224090889096
331110,0.021976694813929498
331127,0.17079266253858805
331141,0.01276295876596123
331153,0.07655301596969366
331165,0.04821972758509219
331171,0.05306579824537039
331179,0.10462526930496097
331191,0.15047509782016277
331193,0.046643431996926665
331197,0.03077482315711677
331204,0.03439040039665997
331207,0.18733111955225468
331212,0.008920630818465725
331220,0.12690627295523882
331242,0.06950671365484595
331244,0.15654974710196257
331273,0.025573160033673048
331281,0.014082547859288752
331289,0.024401547387242317
331293,0.0413572930265218
331294,0.03603229345753789
331299,0.01358227856690064
331300,0.00932742896839045
331302,0.030729136429727077
331322,0.04029209725558758
331334,0.03073856746777892
331347,0.013369439519010484
331353,0.02731963130645454
331361,0.021138428593985736
331370,0.008732001151656732
331379,0.022587021347135305
331382,0.14588561933487654
331388,0.21138456650078297
331390,0.044950766721740365
331400,0.06484705675393343
331411,0.03425337024964392
331431,0.009400338341947645
331451,0.03138007968664169
331455,0.01577576220734045
331456,0.005660696770064533
331461,0.031914616702124476
331468,0.060241532046347857
331480,0.14623081125319004
331491,0.02853441797196865
331505,0.15687502268701792
331508,0.010568836471065879
331517,0.025958150392398238
331519,0.07714786566793919
331526,0.01783885876648128
331530,0.07873342232778668
331533,0.031113394536077976
331554,0.08788914093747735
331579,0.036651646019890904
331590,0.005477316910400987
331599,0.021875368896871805
331604,0.03783455234952271
331605,0.042737410170957446
331611,0.01251274417154491
331616,0.26784001663327217
331620,0.02133212029002607
331623,0.07515735644847155
331641,0.021364958956837654
331645,0.01619316835422069
331657,0.16508176643401384
331662,0.017927690176293254
331678,0.0030261514766607434
331684,0.047111582942306995
331686,0.2207050621509552
331691,0.05377696920186281
331697,0.41325727105140686
331707,0.022021321579813957
331709,0.007238052494358271
331716,0.06461062282323837
331719,0.10956055205315351
331729,0.010356830607634038
331735,0.0230926510412246
331743,0.014269085368141532
331761,0.1116429828107357
331772,0.038768561789765954
331777,0.011509669944643974
331794,0.07431204710155725
331813,0.038879763102158904
331818,0.05489515117369592
331834,0.011447447119280696
331848,0.05979811027646065
331849,0.17652956768870354
331868,0.02383798675145954
331875,0.015453334199264646
331879,0.020614840788766742
331886,0.013265341403894126
331888,0.04183064214885235
331891,0.031690497882664204
331903,0.009705713368020952
331905,0.03606714145280421
331913,0.013636395218782127
331914,0.012083505629561841
331937,0.011050488596083596
331938,0.03446813230402768
331939,0.11486295145004988
331944,0.041164013324305415
331948,0.03909107903018594
331968,0.020293444162234664
331976,0.30970919504761696
331977,0.11966621037572622
332007,0.025498318718746305
332014,0.03249801439233124
332017,0.018047176650725305
332027,0.04404980828985572
332033,0.010352537618018687
332041,0.015986098907887936
332042,0.23327032662928104
332047,0.015833827084861696
332050,0.041738610714673996
332056,0.011363283905666322
332071,0.004363376705441624
332075,0.2188298236578703
332076,0.020342299074400216
332077,0.02237636351492256
332083,0.038850453682243824
332093,0.680427361279726
332111,0.033389811869710684
332119,0.012254597095306963
332121,0.06375057389959693
332135,0.05034018727019429
332144,0.1882303236052394
332147,0.027836452005431056
332155,0.0531263283919543
332156,0.019979268312454224
332164,0.09060653299093246
332166,0.020755514735355973
332170,0.06844351161271334
332180,0.19743172079324722
332181,0.17328212410211563
332184,0.14405438024550676
332192,0.08861734066158533
332204,0.05530285695567727
332225,0.030815351521596313
332234,0.05416256166063249
332243,0.047900919802486897
332253,0.18597528152167797
332261,0.03968941397033632
332266,0.04478699923492968
332270,0.05133211938664317
332285,0.2170677911490202
332290,0.007007271109614521
332296,0.00690868467791006
332298,0.09483750583603978
332302,0.022423821850679815
332303,0.02072927774861455
332317,0.013203004316892475
332318,0.05145525396801531
332327,0.03930828673765063
332337,0.060363064520061016
332351,0.07843333436176181
332373,0.0508727440610528
332377,0.014137628197204322
332384,0.062095652567222714
332398,0.03322590119205415
332404,0.07438482251018286
332405,0.04063877509906888
332454,0.026746048242785037
332456,0.07515142066404223
332464,0.17890100926160812
332468,0.038190359715372324
332476,0.05019339011050761
332482,0.036564852111041546
332483,0.06760440021753311
332508,0.043578876880928874
332519,0.40031471848487854
332529,0.23177094757556915
332537,0.12165660317987204
332545,0.28815849497914314
332551,0.0908235851675272
332552,0.0646002572029829
332570,0.02205350948497653
332574,0.14780320320278406
332579,0.10732993483543396
332607,0.014436009339988232
332618,0.09682288207113743
332626,0.05943535128608346
332628,0.016063681337982416
332645,0.033618075773119926
332652,0.15419614780694246
332666,0.07646452775225043
332694,0.025228649144992232
332697,0.05870721535757184
332698,0.006292932404903695
332700,0.059091202449053526
332708,0.06005768710747361
332714,0.014392393757589161
332722,0.025868185213766992
332724,0.03688592347316444
332730,0.039050731575116515
332741,0.03703003842383623
332746,0.020066760946065187
332754,0.08410099428147078
332756,0.1117620188742876
332759,0.015383514342829585
332764,0.21750464290380478
332786,0.028883586986921728
332790,0.009328237909357995
332816,0.010199893440585583
332821,0.03653673408553004
332827,0.018480703583918512
332829,0.009396574227139354
332831,0.004645463894121349
332833,0.10210991138592362
332834,0.04230696731247008
332837,0.010721319995354861
332846,0.06511575588956475
332860,0.04182536783628166
332861,0.037992367055267096
332865,0.06915187742561102
332882,0.05835549836046994
332897,0.11902983579784632
332901,0.030882786377333105
332904,0.030719458125531673
332910,0.3597051091492176
332911,0.043259229278191924
332912,0.09868906484916806
332939,0.037882305681705475
332940,0.012345188646577299
332952,0.014040926529560238
332956,0.027459153323434293
332957,0.03432463970966637
332958,0.012516586924903095
332961,0.10821816185489297
332967,0.16476081404834986
332974,0.053017249098047614
332993,0.015531561337411404
333007,0.020520885125733912
333012,0.06372583890333772
333020,0.030882234685122967
333021,0.03320587961934507
333035,0.017522558104246855
333040,0.14977601543068886
333061,0.0039091634534997866
333073,0.008002710004802793
333078,0.04161036526784301
333085,0.024652079096995294
333086,0.0500280202832073
333096,0.25805648416280746
333100,0.042955894488841295
333112,0.035142833134159446
333114,0.016674367885570973
333120,0.23923422023653984
333142,0.009076760878087953
333152,0.03192370443139225
333159,0.13464293349534273
333178,0.02394516800995916
333179,0.03390494012273848
333187,0.02526429481804371
333191,0.026873411843553185
333192,0.02758463064674288
333199,0.01596291793975979
333211,0.023785536759532988
333224,0.010847882775124162
333237,0.2646338865160942
333238,0.007171574863605201
333262,0.006420303659979254
333268,0.04689032165333629
333275,0.02881640917621553
333289,0.03395612281747162
333292,0.2904338538646698
333303,0.021393221570178866
333305,0.04526845901273191
333312,0.013981954660266638
333316,0.07009060075506568
333335,0.036576311103999615
333354,0.035073709674179554
333356,0.01275020488537848
333358,0.028691032202914357
333376,0.0108269946067594
333378,0.013524299836717546
333380,0.03560768370516598
333381,0.0834883893840015
333388,0.022762440028600395
333392,0.005101074872072786
333406,0.28062526509165764
333410,0.018602391821332276
333411,0.0203514713793993
333412,0.07350071519613266
333428,0.014216981013305485
333432,0.011083492659963667
333435,0.08687061490491033
333442,0.020602337084710598
333452,0.04217059863731265
333455,0.1139575857669115
333456,0.07277895230799913
333459,0.03684735554270446
333464,0.1007014624774456
333466,0.16043316666036844
333469,0.03816765220835805
333475,0.045552332885563374
333476,0.008976399840321392
333477,0.10295298369601369
333487,0.019244886585511267
333490,0.013626776752062142
333497,0.1654612123966217
333499,0.006101483246311545
333500,0.03446775092743337
333501,0.04238297510892153
333503,0.010856288892682642
333513,0.18116963095963
333518,0.009685785043984652
333544,0.027876109699718654
333546,0.11824536509811878
333563,0.20048979669809341
333566,0.07502583507448435
333568,0.06221773894503713
333570,0.03895276063121855
333573,0.019248364493250847
333574,0.012659283209359273
333584,0.032304678577929735
333589,0.11643410660326481
333594,0.03578289714641869
333596,0.0046934475540183485
333597,0.02640348649583757
333615,0.02905915305018425
333621,0.016783466679044068
333622,0.02551669580861926
333629,0.03332426189444959
333651,0.0572879989631474
333653,0.159073025919497
333664,0.01609907258534804
333680,0.00836023670854047
333687,0.2986593935638666
333688,0.030790096381679177
333689,0.3194565586745739
333693,0.06599219515919685
333695,0.012487662956118584
333706,0.029927743831649423
333709,0.07868947880342603
333713,0.037944989278912544
333734,0.036729728104546666
333745,0.1123984670266509
333752,0.044104827800765634
333764,0.025282190879806876
333780,0.029172006994485855
333789,0.15562472213059664
333791,0.015927898813970387
333795,0.22339970245957375
333799,0.14485434349626303
333801,0.030265231849625707
333802,0.10016657412052155
333803,0.13306588307023048
333810,0.02742632699664682
333837,0.03334336169064045
333842,0.08956438675522804
333843,0.1220950335264206
333845,0.02431321330368519
333852,0.12843693420290947
333859,0.03849091799929738
333885,0.13039908278733492
333896,0.06312692118808627
333904,0.033901755581609905
333908,0.007567967753857374
333913,0.07577174063771963
333927,0.010949708987027407
333930,0.023545851348899305
333935,0.007444286136887968
333952,0.03576362575404346
333953,0.0600966177880764
333966,0.04038132494315505
333968,0.011124897981062531
333988,0.035833847941830754
334013,0.01735939341597259
334027,0.22230038978159428
334030,0.021032339776866138
334032,0.19421761110424995
334033,0.023805055301636457
334042,0.010562064941041172
334045,0.07916113268584013
334053,0.011656203016173095
334055,0.011246848735027015
334058,0.02431332436390221
334063,0.12329098582267761
334070,0.05219642794691026
334074,0.006776517926482484
334080,0.18411576841026545
334086,0.04179890709929168
334092,0.0731059592217207
334099,0.02821630402468145
334101,0.02505541522987187
334103,0.01918859826400876
334104,0.07648567715659738
334109,0.17669257801026106
334125,0.059006959199905396
334130,0.05327917402610183
334138,0.09844097821041942
334161,0.021674023009836674
334164,0.023673197370953858
334169,0.11374903097748756
334171,0.005817985016619787
334185,0.014453820476774126
334186,0.0683795865625143
334209,0.0347009317483753
334211,0.1442877408117056
334230,0.015028522233478725
334231,0.2534841150045395
334237,0.1283333133906126
334241,0.07941337348893285
334244,0.2199644036591053
334247,0.0337530302349478
334250,0.031760392943397164
334252,0.024262247141450644
334273,0.017184977419674397
334282,0.024176827631890774
334285,0.05287941708229482
334286,0.015481857117265463
334292,0.0602721250616014
334296,0.02641141996718943
334299,0.02677228639367968
334300,0.048716041492298245
334305,0.028257056372240186
334307,0.05732843233272433
334311,0.028965900652110577
334315,0.04163801739923656
334343,0.02873218967579305
334344,0.07752801897004247
334345,0.06390140252187848
334350,0.04607157711870968
334353,0.008659411105327308
334365,0.014302912051789463
334372,0.12026107404381037
334374,0.01820743305142969
334375,0.05946377897635102
334382,0.20073511451482773
334387,0.00851429597241804
334391,0.17907372023910284
334397,0.03302248567342758
334407,0.027221421245485544
334415,0.013221721805166453
334417,0.04051494598388672
334419,0.1011433438397944
334431,0.01113639713730663
334435,0.24014652520418167
334446,0.23903808742761612
334447,0.016173668787814677
334457,0.015129711013287306
334459,0.06937786983326077
334471,0.009725114883622155
334474,0.013484298484399915
334481,0.026658843271434307
334483,0.015955413226038218
334486,0.042159919859841466
334490,0.3406793288886547
334492,0.08176404749974608
334494,0.035691045224666595
334512,0.04699371778406203
334522,0.02693503093905747
334527,0.01737652311567217
334534,0.009553899464663118
334537,0.019489230879116803
334539,0.030347913736477494
334552,0.08689071144908667
334555,0.1028644721955061
334565,0.11281903460621834
334580,0.03246104973368347
334585,0.0182417695177719
334589,0.055197680834680796
334594,0.06240357644855976
334600,0.015543705434538424
334603,0.027622073655948043
334613,0.03230841690674424
334621,0.118595733307302
334628,0.02039769513066858
334631,0.12502743676304817
334634,0.05132517870515585
334635,0.05730176158249378
334659,0.026606186758726835
334660,0.012410290888510644
334664,0.015560860396362841
334671,0.0691186310723424
334693,0.03498018207028508
334695,0.08193488512188196
334703,0.08543607080355287
334718,0.0875518093816936
334728,0.34045203402638435
334732,0.26757526583969593
334733,0.09374340437352657
334735,0.013196036219596863
334748,0.028143203118816018
334756,0.1174810053780675
334764,0.08950451202690601
334766,0.11804378964006901
334787,0.013120150833856314
334803,0.016589127597399056
334806,0.05702928174287081
334817,0.106363570317626
334825,0.04479019995778799
334831,0.11300546210259199
334836,0.054777605924755335
334845,0.06567072169855237
334857,0.019053447642363608
334868,0.03154839971102774
334871,0.009354489331599325
334873,0.0792818795889616
334881,0.06086511816829443
334886,0.01965851930435747
334898,0.1348708886653185
334899,0.0578077114187181
334901,0.05156287783756852
334916,0.06939316261559725
334923,0.21666725538671017
334933,0.09589327219873667
334938,0.13224437180906534
334955,0.17509607691317797
334963,0.24764621071517467
334974,0.047353032510727644
334986,0.02298106800299138
334994,0.0200118578504771
334995,0.045005617663264275
335001,0.03970382804982364
335005,0.05364478030242026
335009,0.017664353363215923
335014,0.04038807563483715
335015,0.014082870096899569
335017,0.1831080447882414
335025,0.2274360042065382
335027,0.08861269475892186
335055,0.07379729440435767
335058,0.03364512254483998
335072,0.09886124916374683
335073,0.007993823091965169
335081,0.036558412946760654
335091,0.0076024199079256505
335096,0.004178365430561826
335097,0.01373139739735052
335099,0.0295313986716792
335113,0.019711424072738737
335136,0.07315905811265111
335140,0.06054198881611228
335141,0.005821546452352777
335143,0.19545937329530716
335155,0.03947690431959927
335170,0.01564008998684585
335176,0.03562011430040002
335181,0.03745808522216976
335183,0.0504600356798619
335192,0.03039960633032024
335196,0.4300076998770237
335198,0.025326202856376767
335203,0.04343105689622462
335204,0.16262121219187975
335218,0.03213741909712553
335222,0.0462408890016377
335223,0.1259945770725608
335229,0.0799091337248683
335231,0.09441704396158457
335236,0.12236488424241543
335253,0.20908101461827755
335257,0.03540328424423933
335262,0.016628730751108378
335263,0.03864609356969595
335273,0.02000344800762832
335276,0.04348316392861307
335278,0.00934858899563551
335295,0.01863093674182892
335301,0.012908273667562753
335303,0.004294113154173829
335305,0.07174044009298086
335310,0.08254648698493838
335313,0.0064305937848985195
335314,0.02459755283780396
335319,0.05487688444554806
335321,0.08179115457460284
335331,0.03987272712402046
335332,0.015769486140925437
335333,0.02191913314163685
335337,0.09834732348099351
335342,0.018746568588539958
335347,0.031084509566426277
335351,0.12003532238304615
335356,0.019235870451666415
335366,0.05460038874298334
335369,0.009352674445835873
335377,0.12124087940901518
335388,0.07466975459828973
335395,0.19250992964953184
335397,0.07023652805946767
335411,0.03134217974729836
335419,0.0201057109516114
335425,0.06719857407733798
335427,0.06598980817943811
335443,0.024320157011970878
335446,0.012038620247039944
335448,0.024908324237912893
335451,0.15840893238782883
335458,0.022720547625795007
335459,0.03867437574081123
335460,0.03160353982821107
335463,0.038376235868781805
335471,0.05683897319249809
335477,0.010601070243865252
335478,0.06959388870745897
335484,0.020846463972702622
335490,0.246151527389884
335495,0.14405516535043716
335506,0.08485741866752505
335507,0.08505281060934067
335518,0.04882554220966995
335533,0.027278226567432284
335537,0.06316415686160326
335538,0.024702796014025807
335549,0.07792219752445817
335553,0.18570417910814285
335561,0.09242886304855347
335564,0.015365488594397902
335573,0.03845580271445215
335577,0.03265695343725383
335579,0.017111067078076303
335585,0.04232868645340204
335590,0.06641138158738613
335594,0.024474141653627157
335598,0.014163838815875351
335601,0.024745929753407836
335608,0.036734677851200104
335616,0.22081762924790382
335640,0.027987800538539886
335645,0.08447364717721939
335653,0.03879034845158458
335683,0.017390091437846422
335692,0.021765802055597305
335713,0.009951356158126146
335726,0.004394629009766504
335727,0.21833817288279533
335728,0.014806753140874207
335732,0.018901586765423417
335736,0.01292905886657536
335747,0.014301830611657351
335754,0.03671043901704252
335755,0.017144690616987646
335761,0.0455216565169394
335775,0.03028441616334021
335778,0.20765023678541183
335779,0.04544249316677451
335787,0.013171746162697673
335805,0.02740509109571576
335807,0.050577068235725164
335808,0.09456098219379783
335815,0.09726796625182033
335818,0.015727678663097322
335835,0.19316659308969975
335849,0.014366453979164362
335850,0.03176873945631087
335851,0.036555755184963346
335852,0.009382961958181113
335856,0.013913698960095644
335857,0.07436049729585648
335863,0.0825918703339994
335871,0.0547139523550868
335879,0.04288533586077392
335885,0.02549717342481017
335887,0.2539136838167906
335893,0.0835883324034512
335906,0.09090610407292843
335912,0.012634698883630335
335921,0.019781461101956666
335944,0.07158292224630713
335952,0.05263635842129588
335955,0.014464726787991822
335956,0.011884464649483562
335957,0.06279258197173476
335958,0.015499386237934232
335962,0.0496329755987972
335963,0.032422233838588
335964,0.014219255652278662
335971,0.01220305886818096
335973,0.025224121287465096
335975,0.054035511799156666
335981,0.0334058835869655
335983,0.12365910224616528
336016,0.022526906337589025
336038,0.04663450689986348
336039,0.008182613033568487
336041,0.0169562908122316
336061,0.0695930439978838
336063,0.014599238405935466
336067,0.011612930800765753
336071,0.10689189657568932
336089,0.07633450021967292
336095,0.03168016625568271
336096,0.06055909814313054
336101,0.005986608739476651
336117,0.01829737040679902
336118,0.06122016254812479
336120,0.07287615118548274
336137,0.014475187286734581
336155,0.059752064757049084
336156,0.5150467529892921
336159,0.01393433555494994
336178,0.0795136489905417
336183,0.21891922876238823
336194,0.0058573024871293455
336195,0.10429596994072199
336199,0.0047321236779680476
336209,0.0310175612103194
336213,0.026205263333395123
336214,0.025105715030804276
336215,0.02165580342989415
336220,0.01780236093327403
336253,0.02727310871705413
336260,0.14510432165116072
336263,0.040663279592990875
336265,0.04577377997338772
336273,0.033181254751980305
336277,0.02211979916319251
336280,0.022797502926550806
336295,0.07042148616164923
336308,0.012228044855874032
336309,0.04657436674460769
336316,0.048586924094706774
336319,0.054210023023188114
336321,0.005267981090582907
336322,0.15615775156766176
336323,0.06823937362059951
336340,0.03943498688749969
336344,0.09329621121287346
336352,0.031119358027353883
336361,0.07057558326050639
336367,0.023831451893784106
336382,0.08644010731950402
336383,0.022523806896060705
336393,0.035643859300762415
336407,0.05033672391436994
336413,0.033855549758300185
336418,0.06336568063125014
336426,0.06287880660966039
336427,0.030521842185407877
336436,0.012388850969728082
336443,0.021148071507923305
336445,0.07746438821777701
336447,0.015978181269019842
336451,0.09614648297429085
336464,0.02309833443723619
336484,0.060388445388525724
336491,0.02944336086511612
336492,0.017300952225923538
336493,0.02815295779146254
336494,0.017316248384304345
336499,0.010635320679284632
336524,0.002506886979972478
336527,0.05912950215861201
336534,0.33302468806505203
336544,0.038180620642378926
336553,0.09833232406526804
336558,0.029323161114007235
336565,0.013496758765541017
336569,0.07266945531591773
336580,0.05218182853423059
336586,0.007535757060395554
336592,0.05544060468673706
336604,0.03431102866306901
336610,0.07090497761964798
336623,0.06360006285831332
336634,0.11198351066559553
336635,0.04632629989646375
336641,0.10216808132827282
336660,0.008982551342342049
336673,0.031267889542505145
336686,0.02863841108046472
336693,0.007157677348004654
336701,0.02761966921389103
336704,0.04677466046996415
336711,0.028775471495464444
336715,0.043680659495294094
336717,0.013114892062731087
336722,0.023473571287468076
336724,0.026723514311015606
336741,0.03668088559061289
336745,0.016148177906870842
336757,0.18253511376678944
336764,0.22878370434045792
336767,0.08110406436026096
336783,0.027091315481811762
336786,0.08569202199578285
336791,0.0070661048230249435
336792,0.2912930976599455
336813,0.07928193500265479
336822,0.26549174450337887
336823,0.12647656351327896
336832,0.02919577737338841
336843,0.02553040045313537
336858,0.058027058374136686
336870,0.19290612637996674
336876,0.04023492382839322
336885,0.05585510842502117
336887,0.07627518521621823
336891,0.011484536691568792
336903,0.04674898064695299
336916,0.06045495765283704
336917,0.012639923952519894
336922,0.018318586982786655
336925,0.01280515012331307
336931,0.1861077258363366
336938,0.014271030086092651
336950,0.186317577958107
336955,0.02981742867268622
336956,0.025750331580638885
336959,0.037099492736160755
336966,0.1644958844408393
336971,0.01694905513431877
336978,0.015277512720786035
336983,0.013181841815821826
336986,0.00968415813986212
336996,0.138781001791358
337003,0.16565449256449938
337007,0.059847342781722546
337029,0.058486208319664
337034,0.026117371395230293
337039,0.01731104718055576
337057,0.21307572722434998
337058,0.027229026425629854
337062,0.18835455924272537
337080,0.009405246120877564
337087,0.0067373251367826015
337105,0.019983334583230317
337108,0.018975554732605815
337120,0.0306493672542274
337125,0.21640188060700893
337142,0.011027986416593194
337159,0.0491301603615284
337160,0.05200661648996174
337168,0.030513554345816374
337170,0.02751730172894895
337171,0.012693295953795314
337178,0.09346446115523577
337188,0.025397308636456728
337191,0.04415058414451778
337200,0.009968831029254943
337207,0.043518855003640056
337210,0.027571968617849052
337218,0.012538731622043997
337221,0.08325060363858938
337237,0.01432396296877414
337241,0.26471548713743687
337244,0.09554263576865196
337273,0.11534108873456717
337294,0.0435886278282851
337295,0.012579071335494518
337298,0.02642222016584128
337310,0.006753141700755805
337326,0.01173406554153189
337338,0.5855012536048889
337343,0.11901064869016409
337360,0.06866890285164118
337369,0.2421651277691126
337375,0.22002096101641655
337386,0.028896084753796458
337388,0.4117923825979233
337405,0.03281754022464156
337408,0.02656002843286842
337412,0.009361010510474443
337416,0.038773647043854
337418,0.06331545067951083
337442,0.1759278466925025
337449,0.016689684824086726
337457,0.01588255923707038
337460,0.021475248271599412
337474,0.014629998477175832
337499,0.0816723732277751
337506,0.06441471399739385
337512,0.08468134561553597
337527,0.04339848039671779
337528,0.012538823124486953
337530,0.03043052996508777
337539,0.11915690824389458
337546,0.011668979830574244
337551,0.029062694869935513
337569,0.029198561096563935
337576,0.04885801090858877
337582,0.0482765503693372
337590,0.0778912240639329
337599,0.027540621696971357
337600,0.2860342040657997
337601,0.31592651829123497
337608,0.00771552391233854
337614,0.18291889876127243
337619,0.12983056157827377
337625,0.1523636430501938
337629,0.09125121589750051
337635,0.05127096362411976
337642,0.03433675644919276
337663,0.14185989368706942
337665,0.20474236086010933
337668,0.009352915629278868
337700,0.11535708606243134
337746,0.013542058470193297
337761,0.019877452054060996
337779,0.09406362939625978
337788,0.033205990213900805
337790,0.08035888243466616
337793,0.025428282096982002
337802,0.07125952420756221
337807,0.06340013444423676
337821,0.13407286256551743
337840,0.02041152340825647
337846,0.053313459269702435
337848,0.18663207162171602
337864,0.030345921870321035
337866,0.03691092110238969
337868,0.013802889036014676
337878,0.011680686438921839
337890,0.13902711123228073
337896,0.03667899314314127
337901,0.06128402380272746
337905,0.04645901871845126
337914,0.07663382031023502
337953,0.009544268774334341
337969,0.023492179811000824
337984,0.02008315536659211
337995,0.04543981980532408
338009,0.019129425520077348
338018,0.05228144093416631
338022,0.037294817622751
338028,0.054231739602983
338029,0.07329573621973395
338044,0.006106258486397564
338050,0.04603843460790813
338052,0.12778883147984743
338073,0.12273865286260843
338076,0.008632856013718992
338084,0.015463418676517904
338086,0.011743538256268948
338094,0.025320391752757132
338097,0.029023946495726705
338099,0.03545643179677427
338126,0.023745799087919295
338127,0.26235114224255085
338137,0.21768537536263466
338146,0.009073253982933238
338161,0.012794299109373242
338164,0.04103224724531174
338174,0.01133217237656936
338179,0.16975830029696226
338181,0.057851193472743034
338188,0.014861984993331134
338189,0.06844362011179328
338193,0.0231677204137668
338199,0.018933605984784663
338202,0.16788272745907307
338204,0.10077789798378944
338210,0.04444705182686448
338229,0.07166599994525313
338240,0.08531715488061309
338250,0.029038038454018533
338253,0.22476653195917606
338254,0.01999665191397071
338268,0.04162839101627469
338290,0.04322834499180317
338293,0.06640043552033603
338297,0.024998663342557847
338301,0.034981098491698503
338306,0.01773412514012307
338314,0.010183901875279844
338318,0.01619689050130546
338325,0.04026408586651087
338340,0.11198783572763205
338341,0.10702419839799404
338351,0.007456983556039631
338352,0.1524863624945283
338368,0.042733886279165745
338381,0.01647834572941065
338404,0.007421690650517121
338409,0.043298964854329824
338417,0.0224061788758263
338418,0.029715342330746353
338426,0.0044575335923582315
338431,0.06577582121826708
338435,0.04875632910989225
338463,0.04263228294439614
338465,0.026366773643530905
338467,0.06448282254859805
338479,0.1920782756060362
338495,0.06628954876214266
338510,0.06319767469540238
338526,0.02515900053549558
338528,0.15815600100904703
338530,0.017075116629712284
338539,0.008463222678983584
338543,0.03406738117337227
338554,0.010500002186745405
338557,0.07723759533837438
338581,0.30807370506227016
338589,0.049527778290212154
338595,0.2502291277050972
338597,0.05566417193040252
338604,0.18011042848229408
338607,0.013980627059936523
338613,0.004125326522625983
338615,0.018409870797768235
338628,0.052039678674191236
338636,0.0920049543492496
338642,0.003657535184174776
338669,0.025350579875521362
338671,0.03153269551694393
338675,0.061269252095371485
338676,0.2151219118386507
338690,0.020442376961000264
338696,0.04835045477375388
338702,0.4170757755637169
338703,0.01992784719914198
338709,0.0735769965685904
338719,0.06882744655013084
338725,0.13806013576686382
338727,0.02797433501109481
338732,0.009136448672506958
338749,0.016588162048719823
338773,0.040561629459261894
338774,0.01291353881242685
338784,0.09165760641917586
338789,0.02483573800418526
338792,0.05037213768810034
338804,0.07008729968219995
338808,0.0950656309723854
338822,0.008363877539522946
338824,0.00987287046154961
338833,0.029311440652236342
338836,0.10160795319825411
338840,0.17129152826964855
338842,0.07708683051168919
338843,0.0361927377525717
338847,0.04151377081871033
338849,0.1723858192563057
338857,0.08727662963792682
338860,0.10046899691224098
338872,0.10505143832415342
338874,0.046727489680051804
338878,0.126936967484653
338895,0.018952421320136636
338896,0.08661437686532736
338904,0.10495989955961704
338920,0.16462671477347612
338931,0.02502575924154371
338938,0.021204123506322503
338955,0.06384382862597704
338962,0.0062985393742565066
338969,0.09400840662419796
338976,0.03895205189473927
338994,0.023846178082749248
339011,0.013338216405827552
339014,0.029687443166039884
339017,0.013011050468776375
339018,0.2179651651531458
339030,0.017881357460282743
339038,0.007300112978555262
339060,0.007922680844785646
339079,0.03515962837263942
339082,0.021054663928225636
339099,0.040293875616043806
339103,0.038022169610485435
339105,0.030185290379449725
339107,0.010749582143034786
339121,0.3789815381169319
339148,0.03563901735469699
339152,0.0094142408343032
339154,0.028286863351240754
339170,0.21706346981227398
339186,0.014381206769030541
339187,0.021931714029051363
339193,0.03900161059573293
339196,0.056055979803204536
339199,0.021639246260747313
339203,0.22133348882198334
339216,0.17433373909443617
339228,0.0439154205378145
339232,0.06190077681094408
339237,0.03272554255090654
339240,0.04985256656073034
339242,0.014516323455609381
339245,0.016075704945251346
339252,0.0291341298725456
339256,0.01183479733299464
339258,0.09405474131926894
339260,0.01963422168046236
339263,0.12029366660863161
339268,0.05683761229738593
339269,0.049305630614981055
339286,0.17464855406433344
339304,0.016217056894674897
339307,0.08143116859719157
339317,0.04227423667907715
339330,0.05601789057254791
339346,0.16079066321253777
339380,0.02864378539379686
339381,0.039051131810992956
339382,0.12049651145935059
339391,0.009161922906059772
339396,0.04488947056233883
339406,0.03405603556893766
339407,0.03204905381426215
339409,0.08182569686323404
339410,0.027606733376160264
339425,0.03837211220525205
339427,0.09543566033244133
339433,0.04075000062584877
339443,0.010558720503468066
339449,0.025888313772156835
339452,0.03755550482310355
339453,0.07603601180016994
339455,0.013561269035562873
339457,0.014587032957933843
339477,0.020555002498440444
339483,0.03707569814287126
339487,0.20900674350559711
339490,0.008899596170522273
339518,0.19593901094049215
339523,0.14685081224888563
339529,0.01510855183005333
339541,0.048861459363251925
339544,0.16473713982850313
339546,0.10836892295628786
339559,0.1903018206357956
339563,0.019438496674411
339573,0.04069570288993418
339591,0.018809057888574898
339593,0.038012764416635036
339599,0.03857519570738077
339604,0.06352468999102712
339615,0.01473403093405068
339621,0.012302236282266676
339625,0.14339179266244173
339642,0.09709626296535134
339647,0.16920749749988317
339650,0.05723364232107997
339656,0.028401442803442478
339659,0.04295598273165524
339681,0.06942069763317704
339683,0.08629589574411511
339684,0.038636299315840006
339689,0.03805800876580179
339694,0.014100727974437177
339699,0.08850117633119226
339718,0.04866617172956467
339727,0.08516296604648232
339735,0.03540931805036962
339736,0.006256584485527128
339745,0.01055109256412834
339755,0.06446718284860253
339758,0.019847811898216605
339770,0.009024065802805126
339772,0.03761697933077812
339778,0.024097558460198343
339786,0.033591134706512094
339787,0.2080538533627987
339788,0.09095309721305966
339799,0.07474592421203852
339814,0.02720429329201579
339837,0.03147123206872493
339842,0.041314542293548584
339845,0.056439481442794204
339852,0.03795560961589217
339857,0.09608669299632311
339864,0.06090678833425045
339872,0.028793223202228546
339873,0.005838373501319438
339874,0.015899526071734726
339875,0.04238991462625563
339879,0.11163804680109024
339884,0.03908915910869837
339888,0.0347841358743608
339891,0.08279482834041119
339905,0.0220347618451342
339920,0.046724315732717514
339934,0.05231359926983714
339938,0.0345231614774093
339948,0.009409499063622206
339949,0.01875526865478605
339953,0.015217498294077814
339954,0.13684905599802732
339957,0.027826750883832574
339958,0.12505040876567364
339971,0.04931229446083307
339975,0.026288355700671673
339978,0.011014804244041443
339984,0.016470920061692595
339993,0.03663406195119023
340009,0.08172866841778159
340012,0.018567018676549196
340019,0.018278251052834094
340031,0.024398057255893946
340041,0.20132511295378208
340045,0.0284219142049551
340046,0.11880899406969547
340067,0.008852011698763818
340079,0.03788701072335243
340081,0.053401298355311155
340082,0.005720913963159546
340090,0.022374624153599143
340091,0.09821962984278798
340099,0.0109863790567033
340104,0.09651801874861121
340109,0.036216462729498744
340123,0.18465400859713554
340146,0.02150680939666927
340162,0.0312507264316082
340167,0.06599824596196413
340181,0.05740503780543804
340194,0.013973552151583135
340195,0.010758943215478212
340198,0.0445942769292742
340202,0.26133999042212963
340203,0.33867561258375645
340219,0.016435290104709566
340221,0.018846066785044968
340224,0.01831774681340903
340239,0.019182319985702634
340248,0.06881411280483007
340262,0.021680593374185264
340264,0.0541854714974761
340277,0.28741789795458317
340285,0.012272674590349197
340292,0.037583714816719294
340356,0.1114678168669343
340365,0.06187158729881048
340375,0.05010195914655924
340377,0.01431536627933383
340378,0.22263302840292454
340385,0.17092181742191315
340387,0.1073435083962977
340388,0.045996758388355374
340405,0.04205059655942023
340407,0.021983707323670387
340408,0.03558846330270171
340416,0.0825905492529273
340420,0.018545042839832604
340421,0.3900531381368637
340425,0.01749326870776713
340430,0.09099914506077766
340448,0.09054304054006934
340451,0.03752489178441465
340456,0.023988677305169404
340457,0.043043181765824556
340459,0.06033713836222887
340460,0.05822454369626939
340463,0.021423620404675603
340464,0.08436383632943034
340486,0.011998508300166577
340503,0.13669793773442507
340504,0.019041719497181475
340505,0.016750462935306132
340507,0.10067356377840042
340509,0.03146550199016929
340511,0.07041535573080182
340513,0.10840820614248514
340516,0.17130875494331121
340529,0.02499896683730185
340535,0.018241833662614226
340542,0.13325167540460825
340545,0.0529466406442225
340546,0.3238879758864641
340556,0.1019405024126172
340567,0.009606826293747872
340576,0.055003202985972166
340577,0.011039431672543287
340586,0.03719154791906476
340587,0.14591160230338573
340594,0.08809822844341397
340610,0.4838704615831375
340611,0.06568188173696399
340614,0.06663589086383581
340625,0.0174522289307788
340630,0.10539976228028536
340640,0.08022745978087187
340667,0.10632755234837532
340674,0.016822527977637947
340679,0.3520413190126419
340683,0.05384723609313369
340686,0.09662625193595886
340698,0.022989885066635907
340708,0.00999864301411435
340717,0.05691018979996443
340718,0.011721148388460279
340720,0.00898620777297765
340726,0.010133165982551873
340746,0.046839054208248854
340747,0.007908900908660144
340768,0.04747736663557589
340769,0.007287076325155795
340772,0.22389057651162148
340774,0.07155536487698555
340778,0.02221899072173983
340806,0.04150120448321104
340816,0.026634682435542345
340823,0.022557645104825497
340826,0.029061032342724502
340838,0.20400171168148518
340840,0.040596315171569586
340842,0.027349541429430246
340844,0.03842866141349077
340845,0.029389092233031988
340853,0.1666170572862029
340855,0.17695011664181948
340857,0.037166589638218284
340858,0.04081551404669881
340864,0.07238826248794794
340899,0.08441174170002341
340901,0.021490748273208737
340909,0.0722886766307056
340921,0.017515658342745155
340925,0.05366052873432636
340953,0.030251727672293782
340954,0.027992299990728498
340961,0.026187662850134075
340963,0.1686535868793726
340975,0.14288723841309547
340977,0.022104604286141694
340996,0.052142389584332705
341009,0.059115052688866854
341013,0.05881996871903539
341020,0.05694134347140789
341024,0.03132862178608775
341031,0.026572801638394594
341038,0.20612445659935474
341042,0.024398745852522552
341050,0.018066168180666864
341063,0.13603163696825504
341066,0.008793425105977803
341067,0.020562808495014906
341070,0.11772011779248714
341075,0.037186014698818326
341089,0.010284739953931421
341091,0.013938959455117583
341122,0.06904259719885886
341132,0.09937323071062565
341135,0.016680299420841038
341150,0.15917895641177893
341168,0.07180845271795988
341172,0.24382715299725533
341182,0.03922052634879947
341183,0.007133237959351391
341187,0.12608627602458
341192,0.06548759946599603
341194,0.03025282546877861
341201,0.020693131140433252
341226,0.01614738185890019
341228,0.02111284527927637
341231,0.02487704297527671
341235,0.038946078857406974
341237,0.0224900710163638
341251,0.12133576534688473
341278,0.030600112862885
341284,0.00853503926191479
341285,0.037208751775324345
341294,0.02327066531870514
341296,0.01317668508272618
341297,0.03588740830309689
341298,0.022455339320003986
341302,0.018331361236050725
341304,0.14550299663096666
341307,0.0596099654212594
341314,0.056640582624822855
341324,0.0382589609362185
341332,0.26213955879211426
341342,0.05603686161339283
341347,0.045045426581054926
341356,0.06769915577024221
341358,0.05206874152645469
341365,0.029831742634996772
341368,0.06396518321707845
341372,0.01638032915070653
341374,0.06852594623342156
341380,0.01842494192533195
341381,0.05941639468073845
341390,0.032386634731665254
341398,0.21115786395967007
341401,0.04635116597637534
341406,0.018128143507055938
341413,0.020148196490481496
341419,0.010870545054785907
341421,0.03207667055539787
341427,0.022428908850997686
341429,0.057901411317288876
341434,0.008057656901655719
341437,0.01665040769148618
341444,0.07233901601284742
341447,0.012993958487641066
341452,0.007979981659445912
341458,0.166901390068233
341475,0.032313218573108315
341478,0.012295515916775912
341495,0.016363585949875414
341503,0.030489649972878397
341520,0.020850630244240165
341525,0.02396071352995932
341544,0.0652618333697319
341545,0.00795347784878686
341548,0.026202715351246297
341551,0.040185541147366166
341552,0.0683245831169188
341562,0.07597823441028595
341574,0.028849714202806354
341577,0.02603432536125183
341585,0.053659191355109215
341616,0.022590081323869526
341630,0.05445666844025254
341631,0.029066800139844418
341640,0.13779971189796925
341651,0.05887266155332327
341653,0.08667863486334682
341655,0.20690308324992657
341659,0.02614407637156546
341696,0.08425403758883476
341705,0.1711812410503626
341717,0.025882478686980903
341720,0.06720784120261669
341728,0.027590722776949406
341729,0.006864893977763131
341737,0.016876277048140764
341758,0.006790386338252574
341765,0.11159098614007235
341780,0.14052446465939283
341785,0.052451751194894314
341787,0.05131446733139455
341790,0.029073874349705875
341796,0.007267131470143795
341805,0.035803904524073005
341811,0.02287741517648101
341823,0.021324119181372225
341828,0.27194661647081375
341841,0.012744986452162266
341865,0.04817018285393715
341873,0.03586299694143236
341891,0.01169313065474853
341899,0.04343034094199538
341906,0.022592346649616957
341917,0.0239622809458524
341926,0.05773638794198632
341931,0.02048459160141647
341934,0.010943870263872668
341939,0.14109694678336382
341943,0.09650883171707392
341962,0.07224686071276665
341967,0.09374096803367138
341971,0.07926400098949671
341990,0.016649782424792647
341997,0.05013136425986886
342001,0.03494981210678816
342010,0.02078243065625429
342042,0.08338363701477647
342052,0.02668859949335456
342084,0.10219151992350817
342089,0.022893489338457584
342091,0.022507112938910723
342099,0.01058034657035023
342109,0.036915124859660864
342111,0.04685851139947772
342119,0.025377409532666206
342120,0.09294480085372925
342125,0.02459396841004491
342127,0.15861947275698185
342128,0.10185270896181464
342135,0.018738544546067715
342136,0.040272698272019625
342138,0.18813040014356375
342148,0.0422367905266583
342153,0.13074907381087542
342154,0.07220277329906821
342157,0.014660956570878625
342163,0.014872472267597914
342168,0.023030312731862068
342173,0.274590365588665
342182,0.0582299109082669
342185,0.012033978011459112
342194,0.05230469349771738
342198,0.013263080909382552
342210,0.015906000917311758
342214,0.18187338765710592
342220,0.03268600511364639
342222,0.00419692114519421
342223,0.09337985375896096
342230,0.0840938133187592
342239,0.034854996018111706
342247,0.023385111009702086
342248,0.15496044512838125
342252,0.08687620889395475
342257,0.15701931901276112
342271,0.2072181161493063
342272,0.021637854748405516
342290,0.04584088921546936
342295,0.02516931260470301
342297,0.03133715013973415
342298,0.02126330730970949
342301,0.04447273793630302
342305,0.029260944109410048
342308,0.008592690690420568
342314,0.012100558436941355
342322,0.033709423849359155
342340,0.11381264869123697
342350,0.007521943829488009
342353,0.023551268270239234
342358,0.05562968528829515
342377,0.02698638290166855
342378,0.031855637207627296
342382,0.18352890107780695
342390,0.015381063451059163
342396,0.13062784262001514
342439,0.1453584637492895
342442,0.06702426262199879
342447,0.03605894302017987
342449,0.031189605128020048
342450,0.11738900747150183
342451,0.0777877764776349
342454,0.04629368940368295
342455,0.07338520791381598
342467,0.019862375920638442
342476,0.2953777201473713
342481,0.07193429674953222
342498,0.021822710055857897
342503,0.02433537144679576
342510,0.006939300976227969
342513,0.03595421020872891
342523,0.010132327792234719
342527,0.1740271095186472
342555,0.18753651715815067
342566,0.083942293189466
342584,0.016275897505693138
342593,0.008526207646355033
342600,0.01645877561531961
342611,0.03599437535740435
342614,0.021400620345957577
342637,0.05190623505041003
342639,0.007125279807951301
342656,0.19359895400702953
342669,0.03127937717363238
342684,0.24394053779542446
342686,0.1615071101114154
342690,0.1273293737322092
342693,0.010770815162686631
342701,0.18583272024989128
342702,0.40771740674972534
342703,0.07966314489021897
342706,0.02265620161779225
342711,0.03970256866887212
342730,0.02630015998147428
342744,0.04241021675989032
342753,0.23785045742988586
342769,0.026503376429900527
342779,0.15111664216965437
342788,0.024551541719119996
342792,0.013941080949734896
342794,0.06537854624912143
342795,0.020576223265379667
342799,0.01159822681802325
342802,0.25336935743689537
342803,0.1268794322386384
342812,0.07193080941215158
342820,0.14287951588630676
342824,0.011553751595783979
342835,0.05665916460566223
342836,0.046470578061416745
342851,0.060247575398534536
342860,0.02962985564954579
342862,0.0692083416506648
342870,0.05869269836694002
342873,0.022116326028481126
342894,0.008182604797184467
342916,0.009154008934274316
342950,0.12521181628108025
342970,0.03653369005769491
342971,0.09704288747161627
342980,0.017925586900673807
342981,0.018676130333915353
343004,0.09491265378892422
343044,0.00803742345306091
343045,0.21246218495070934
343072,0.02174000337254256
343078,0.038227135548368096
343080,0.3529326319694519
343085,0.042266767704859376
343126,0.04424708150327206
343137,0.03029220039024949
343139,0.01937108999118209
343144,0.20455202274024487
343155,0.016307279583998024
343163,0.037411239463835955
343165,0.019234910723753273
343190,0.03600919130258262
343205,0.021767064929008484
343221,0.025958950398489833
343226,0.011168856464792043
343233,0.04815675038844347
343236,0.040789105696603656
343241,0.08791086496785283
343245,0.06076397513970733
343256,0.11932801455259323
343260,0.05670701852068305
343276,0.02511710731778294
343298,0.03965997416526079
343299,0.023057770682498813
343310,0.17469833884388208
343312,0.04739397205412388
343317,0.03378500998951495
343319,0.00942388956900686
343324,0.03219844913110137
343345,0.020307322964072227
343348,0.0319840325973928
343354,0.0769707765430212
343363,0.011209896008949727
343365,0.1373576307669282
343376,0.012550923798698932
343380,0.12656577304005623
343401,0.05832082638517022
343412,0.020526584004983306
343414,0.00879415386589244
343415,0.11180294025689363
343418,0.06139450520277023
343419,0.07730436278507113
343421,0.010148369707167149
343423,0.017120827920734882
343432,0.0040958904137369245
343436,0.028085610596463084
343440,0.22625131346285343
343458,0.019866515533067286
343470,0.0756318923085928
343471,0.02795970649458468
343480,0.07243572128936648
343484,0.018021068652160466
343492,0.35939321108162403
343500,0.06268579373136163
343503,0.012627701333258301
343522,0.027842375682666898
343525,0.008452027337625623
343562,0.16654697246849537
343577,0.07704705093055964
343580,0.11250289110466838
343591,0.00642151286592707
343594,0.03948948718607426
343602,0.06435794103890657
343611,0.02139258908573538
343615,0.1540115922689438
343639,0.032119163079187274
343643,0.03899488877505064
343645,0.022919648909009993
343647,0.014738617406692356
343669,0.006332800490781665
343683,0.017137446091510355
343702,0.4909859895706177
343703,0.05780035723000765
343704,0.021712630870752037
343710,0.01446572260465473
343724,0.23613372445106506
343730,0.09205421945080161
343742,0.10937706846743822
343743,0.02061235287692398
343745,0.033038508612662554
343775,0.07537513226270676
343783,0.035280814627185464
343794,0.04650484770536423
343795,0.028960488503798842
343816,0.006748534651705995
343820,0.024978256435133517
343823,0.1849175374954939
343836,0.02066263253800571
343845,0.03714974247850478
343888,0.22665146924555302
343893,0.024976015323773026
343898,0.10016748076304793
343914,0.0329890507273376
343918,0.009856303950073197
343920,0.03140427195467055
343928,0.034622819744981825
343931,0.036633017007261515
343968,0.08606099430471659
343990,0.06749369110912085
343991,0.02368339744862169
343996,0.04643738642334938
344002,0.0996469845995307
344004,0.09821899887174368
344008,0.2348801214247942
344011,0.04855612199753523
344013,0.23103808611631393
344014,0.07161197392269969
344015,0.06023146118968725
344016,0.019474103930406272
344019,0.07183581776916981
344026,0.006706971093080938
344027,0.040773641085252166
344029,0.10542007209733129
344039,0.198608985170722
344041,0.3342209067195654
344042,0.013533393677789718
344047,0.08428739989176393
344053,0.40530281141400337
344055,0.041171236196532845
344060,0.021486699813976884
344064,0.03655224572867155
344067,0.023115190328098834
344080,0.007347856444539502
344083,0.03428339306265116
344088,0.021034627105109394
344090,0.06776135182008147
344093,0.018440536689013243
344099,0.007503518892917782
344113,0.07019808143377304
344114,0.050389534793794155
344119,0.01440149440895766
344121,0.01686514704488218
344135,0.10232187621295452
344138,0.04039810854010284
344159,0.1421187985688448
344172,0.03021058370359242
344176,0.06637601740658283
344192,0.016728508519008756
344202,0.08237648569047451
344219,0.04020771267823875
344225,0.02167083532549441
344229,0.20791337452828884
344240,0.012987023044843227
344241,0.018852645298466086
344249,0.01288363616913557
344252,0.1887790048494935
344256,0.0531035449821502
344260,0.015772296930663288
344264,0.025445230188779533
344267,0.028363192453980446
344275,0.026186463655903935
344283,0.0157072939327918
344292,0.018396596307866275
344296,0.048844385892152786
344297,0.03341051982715726
344299,0.0478545892983675
344303,0.04101656167767942
344313,0.026827053865417838
344315,0.013933224836364388
344317,0.04877822520211339
344323,0.040376606630161405
344328,0.05340859992429614
344339,0.04749409155920148
344343,0.036388470558449626
344345,0.01993546704761684
344356,0.08923378027975559
344358,0.02842199197039008
344359,0.05147027946077287
344366,0.07955883676186204
344370,0.03219569846987724
344382,0.007504025474190712
344383,0.06987403705716133
344386,0.10356959654018283
344388,0.14111567195504904
344393,0.005554946372285485
344395,0.034577776212245226
344401,0.031454769894480705
344402,0.08476264076307416
344404,0.08178138872608542
344422,0.0042726980173029006
344427,0.0404186206869781
344433,0.02737509016878903
344444,0.051905364729464054
344454,0.014869089238345623
344460,0.04605762963183224
344480,0.01444501825608313
344483,0.030116667272523046
344488,0.1971712913364172
344496,0.21624176762998104
344504,0.10348626133054495
344516,0.05642861034721136
344524,0.07800106192007661
344540,0.18531242106109858
344542,0.03860099730081856
344550,0.061895827762782574
344558,0.016764113446697593
344561,0.027647904818877578
344568,0.22220992669463158
344571,0.0679535698145628
344621,0.03723700880073011
344633,0.14675250463187695
344635,0.08841919060796499
344660,0.03669018764048815
344662,0.05385114951059222
344681,0.006587105512153357
344683,0.2374617327004671
344685,0.037758240243420005
344716,0.17426248081028461
344726,0.0815928434021771
344749,0.04032116709277034
344750,0.1326555609703064
344752,0.029015309875831008
344760,0.012910644290968776
344762,0.16210615914314985
344768,0.015588072245009243
344770,0.10484682396054268
344772,0.3250641655176878
344778,0.06440447131171823
344783,0.08960253512486815
344793,0.017925234860740602
344814,0.02030546555761248
344815,0.015166511409915984
344818,0.010929674026556313
344819,0.03408942651003599
344826,0.08809653716161847
344828,0.27102928422391415
344835,0.06370229087769985
344864,0.01251807191874832
344869,0.18802989460527897
344875,0.3306574150919914
344883,0.011355381866451353
344885,0.022618994466029108
344887,0.03989841719157994
344889,0.09380347561091185
344892,0.22884096764028072
344895,0.020567023078911006
344913,0.03130791080184281
344934,0.011141479131765664
344939,0.1587667604908347
344947,0.10950159281492233
344964,0.15193657483905554
344969,0.031116859056055546
344973,0.046692852629348636
344977,0.07575718825682998
344978,0.040573891485109925
344991,0.043175945058465004
345010,0.13239521346986294
345011,0.016268053092062473
345012,0.07006153976544738
345020,0.07518349820747972
345021,0.018855734495446086
345042,0.018178419675678015
345046,0.012736084288917482
345070,0.00858703174162656
345078,0.15257524326443672
345085,0.0810121358372271
345087,0.14266532752662897
345093,0.021106253727339208
345094,0.17850789800286293
345097,0.027133361669257283
345107,0.016739181708544493
345109,0.3752431683242321
345117,0.014446348825003952
345118,0.009639771713409573
345126,0.17624399438500404
345142,0.01873146404977888
345143,0.03574105189181864
345149,0.020452221971936524
345150,0.015870706643909216
345154,0.3988519087433815
345174,0.03964209137484431
345184,0.06786549277603626
345193,0.03384930593892932
345196,0.043656972935423255
345202,0.012502482684794813
345207,0.045871284091845155
345209,0.17197812721133232
345211,0.0372045726981014
345212,0.1557840146124363
345213,0.07448274502530694
345218,0.015962546225637197
345228,0.01041713124141097
345234,0.012567196972668171
345251,0.023442271165549755
345252,0.025285589275881648
345260,0.032178805908188224
345269,0.00777955146622844
345275,0.06564720720052719
345300,0.006290713092312217
345305,0.04646303621120751
345306,0.13893918227404356
345310,0.035825666040182114
345315,0.2452525570988655
345324,0.0490687252022326
345329,0.031450965092517436
345359,0.1527842478826642
345360,0.15512670297175646
345364,0.006194133136887103
345385,0.09792171278968453
345387,0.019433210021816194
345390,0.025478641036897898
345402,0.10834503686055541
345404,0.03592208563350141
345405,0.0181172190932557
345416,0.10435126814991236
345425,0.1926064109429717
345432,0.02542879548855126
345437,0.17561074160039425
345442,0.0322249555028975
345450,0.037191980285570025
345458,0.03866372676566243
345467,0.060117213521152735
345468,0.10907729342579842
345470,0.059699530247598886
345478,0.011818994651548564
345479,0.1456965683028102
345482,0.07731901528313756
345489,0.02943361341021955
345492,0.04448029515333474
345499,0.05526795377954841
345502,0.014361764071509242
345515,0.03182269097305834
345538,0.013078711635898799
345542,0.06566566601395607
345548,0.010558655892964453
345550,0.031230278545990586
345552,0.018335757311433554
345557,0.018329284735955298
345560,0.011866522138006985
345563,0.08807907626032829
345564,0.18757607974112034
345580,0.026941021904349327
345582,0.028312654583714902
345583,0.012255437322892249
345604,0.09676188975572586
345622,0.015268074988853186
345630,0.04072846914641559
345634,0.037332245614379644
345643,0.03673821035772562
345646,0.013317417411599308
345685,0.06631771940737963
345687,0.010446603933814913
345694,0.017348684545140713
345717,0.08887109579518437
345718,0.10788570530712605
345726,0.02732638001907617
345733,0.14521050453186035
345738,0.01714072609320283
345754,0.048732648603618145
345761,0.04576549236662686
345771,0.052402401342988014
345778,0.0287875693757087
345780,0.3883410692214966
345788,0.1217630784958601
345796,0.059642924927175045
345800,0.14139980636537075
345808,0.12543105613440275
345812,0.014585989236366004
345821,0.041567008942365646
345822,0.08419112348929048
345843,0.360499182716012
345853,0.12898763082921505
345854,0.01301119348499924
345857,0.005051285959780216
345858,0.11115734511986375
345867,0.06416041031479836
345884,0.07771642878651619
345892,0.058576799929142
345893,0.024802878266200423
345896,0.05510099744424224
345902,0.029392817290499806
345906,0.12047345750033855
345913,0.030463358270935714
345916,0.06834582844749093
345922,0.04145147115923464
345923,0.11984682641923428
345924,0.034526176983490586
345935,0.10658001760020852
345941,0.014651919831521809
345948,0.10793754458427429
345953,0.04083539708517492
345958,0.02693110634572804
345962,0.03170779626816511
345966,0.1270260065793991
345973,0.02498909190762788
345976,0.16431084088981152
345989,0.026666349731385708
345999,0.025220804614946246
346003,0.029107002774253488
346014,0.09357420494779944
346027,0.03288392396643758
346036,0.09047052497044206
346048,0.020696677616797388
346052,0.011506428418215364
346057,0.07914774445816875
346058,0.07775288913398981
346064,0.4970264956355095
346076,0.17237997986376286
346079,0.057918256148695946
346081,0.06399534223601222
346091,0.028338774340227246
346099,0.16189493145793676
346104,0.01970846450421959
346111,0.03218831308186054
346117,0.1830474603921175
346118,0.052400211337953806
346126,0.09104178007692099
346135,0.05168933398090303
346141,0.07600097078830004
346150,0.041430541314184666
346153,0.027395893819630146
346155,0.029151952359825373
346164,0.020822930964641273
346166,0.21154814772307873
346173,0.013289289956446737
346179,0.02150896703824401
346184,0.028137788642197847
346188,0.008248306519817561
346201,0.14500507805496454
346207,0.07214220985770226
346213,0.06403170991688967
346219,0.01276980753755197
346245,0.0361234990414232
346271,0.029219256481155753
346273,0.1262650741264224
346290,0.05658748489804566
346300,0.12629333790391684
346314,0.036675809882581234
346328,0.015263730601873249
346329,0.22148741409182549
346338,0.00873316457727924
346340,0.05734223732724786
346341,0.017237352614756674
346347,0.033383788308128715
346358,0.16507285367697477
346362,0.0358290181029588
346373,0.010391385992988944
346377,0.24195946380496025
346379,0.4245589040219784
346384,0.10453440388664603
346387,0.06243059178814292
346392,0.03349481406621635
346396,0.028358544455841184
346402,0.08677817601710558
346405,0.04523362475447357
346407,0.03359191957861185
346409,0.022521601989865303
346414,0.046877793269231915
346423,0.040066586108878255
346424,0.06230593891814351
346428,0.006622360699111596
346443,0.0754433679394424
346444,0.007926675665657967
346446,0.1741112982854247
346449,0.07476994069293141
346456,0.00633922652923502
346476,0.013260814361274242
346477,0.03276433330029249
346480,0.026055858237668872
346492,0.08348887227475643
346526,0.01879236800596118
346536,0.0510818837210536
346539,0.00814732036087662
346543,0.18380162212997675
346544,0.02275146113242954
346546,0.012497729563619941
346591,0.29289244674146175
346598,0.09633060544729233
346599,0.034605789463967085
346618,0.08741980418562889
346620,0.03767772647552192
346623,0.018586286227218807
346631,0.0187961224000901
346639,0.006723492668243125
346657,0.02746446873061359
346661,0.17189397104084492
346671,0.11101392656564713
346672,0.06771329743787646
346694,0.022222105297259986
346712,0.17502627056092024
346714,0.0644983584061265
346723,0.024710968835279346
346727,0.0373709627892822
346729,0.03253278322517872
346747,0.01918840268626809
346765,0.04620964708738029
346775,0.04944834439083934
346784,0.09803499840199947
346797,0.03509898926131427
346799,0.10208474472165108
346802,0.0193667410640046
346807,0.008881249697878957
346822,0.04909118893556297
346828,0.14930574875324965
346836,0.13635175488889217
346838,0.026256758952513337
346841,0.09658634755760431
346843,0.0293848515721038
346848,0.047237626276910305
346850,0.0448426662478596
346851,0.05522601259872317
346855,0.028788550407625735
346856,0.02405588875990361
346860,0.06944711576215923
346870,0.13858697842806578
346881,0.15323833003640175
346884,0.04162698797881603
346887,0.012075175007339567
346890,0.005099179194075987
346904,0.03789117094129324
346912,0.0057253468403359875
346914,0.1482386840507388
346923,0.012831747008021921
346924,0.08412912068888545
346926,0.07760403398424387
346934,0.017857147031463683
346936,0.006805433251429349
346951,0.04263717168942094
346952,0.02384514966979623
346970,0.006442268524551764
346982,0.08457887871190906
346993,0.009710914629977196
347013,0.023337463149800897
347018,0.018706595990806818
347021,0.1188070047646761
347031,0.017297729500569403
347033,0.32058198004961014
347039,0.04393282067030668
347045,0.05185236409306526
347046,0.06176626216620207
347058,0.03998559294268489
347071,0.11026215273886919
347078,0.1099252998828888
347079,0.040584302973002195
347097,0.017644008854404092
347101,0.044972746167331934
347120,0.11336074490100145
347121,0.03411956410855055
347133,0.016609470243565738
347161,0.08422351907938719
347163,0.026881649042479694
347173,0.007573423674330115
347175,0.08997308183461428
347181,0.012960792693775147
347193,0.2782106399536133
347196,0.2495815847069025
347204,0.28139543905854225
347205,0.20149066112935543
347217,0.16949737817049026
347229,0.02367555000819266
347255,0.02692146075423807
347261,0.04624506155960262
347266,0.08660817099735141
347283,0.0436039543710649
347286,0.04835990513674915
347302,0.014543343684636056
347304,0.04483919613994658
347321,0.06304997066035867
347323,0.0289073558524251
347331,0.1864785561338067
347340,0.07130067190155387
347350,0.06503605097532272
347374,0.015108907013200223
347379,0.027589053846895695
347404,0.10121040605008602
347415,0.08922965498641133
347438,0.18874251563102007
347439,0.031326703261584044
347443,0.09573142696171999
347450,0.08965007774531841
347456,0.013949323853012174
347458,0.22131130285561085
347463,0.033689096570014954
347471,0.017197362845763564
347476,0.015135173685848713
347482,0.05816219886764884
347483,0.011637816904112697
347492,0.04979725368320942
347498,0.03750946279615164
347499,0.03239860851317644
347501,0.043684815522283316
347521,0.03513125516474247
347527,0.006854023115010932
347531,0.015600143582560122
347540,0.039936374640092254
347556,0.02119855338241905
347575,0.03213265910744667
347579,0.007451503595802933
347581,0.04944796534255147
347583,0.07721763104200363
347611,0.008527586702257395
347614,0.10012421570718288
347621,0.02688337373547256
347629,0.15651507023721933
347639,0.04504399234429002
347642,0.024393826024606824
347650,0.22857046499848366
347665,0.0533061760943383
347674,0.031475218711420894
347678,0.40254743583500385
347689,0.03913666890002787
347690,0.008997457742225379
347708,0.0925954943522811
347712,0.33461057022213936
347722,0.13155745808035135
347728,0.04030771926045418
347734,0.03333466011099517
347736,0.10271745966747403
347747,0.05953381396830082
347748,0.015364734979812056
347753,0.20718194544315338
347755,0.0833904673345387
347756,0.061812209663912654
347757,0.020330455037765205
347763,0.1150550115853548
347770,0.1022358387708664
347771,0.08561831247061491
347784,0.026707577519118786
347792,0.06156457937322557
347793,0.02799262444023043
347801,0.034215571358799934
347808,0.06998515501618385
347821,0.021813876228407025
347824,0.022516411496326327
347829,0.05271179974079132
347841,0.36072876676917076
347845,0.01804657222237438
347846,0.30845819413661957
347853,0.19215558655560017
347854,0.024587226915173233
347858,0.07780341431498528
347859,0.018273887282703072
347864,0.0059820179449161515
347869,0.029249256709590554
347876,0.0450231097638607
347880,0.03477988578379154
347884,0.00976442260434851
347888,0.020457380800507963
347893,0.021153909852728248
347900,0.059955927543342113
347902,0.05315153580158949
347910,0.032809401396662
347912,0.008938017679611221
347915,0.031329977326095104
347916,0.04869080567732453
347919,0.010531646374147385
347923,0.02774574374780059
347952,0.331195667386055
348002,0.1786642326042056
348003,0.03443958726711571
348008,0.1532945092767477
348014,0.019439436495304108
348027,0.21584244444966316
348031,0.021919062244705856
348051,0.044490603962913156
348060,0.03492462891153991
348064,0.04642432741820812
348066,0.05422702431678772
348069,0.03277559415437281
348077,0.09549936186522245
348081,0.01206263602944091
348087,0.035130801144987345
348088,0.008339077117852867
348094,0.13232446555048227
348100,0.023399072466418147
348119,0.013974273577332497
348122,0.09789278544485569
348141,0.24344470910727978
348145,0.016530668013729155
348154,0.009418923931661993
348158,0.02029743406455964
348163,0.19898493587970734
348176,0.11947261821478605
348177,0.0084811263368465
348181,0.1650857301428914
348190,0.04749366221949458
348195,0.0677156406454742
348197,0.15468102227896452
348200,0.009221927903126925
348209,0.03734484571032226
348216,0.014030291349627078
348217,0.11723963636904955
348223,0.21667630039155483
348228,0.02379204088356346
348230,0.061621793545782566
348249,0.025976639823056757
348251,0.10862328903749585
348261,0.08842836087569594
348264,0.022156171849928796
348271,0.01764899294357747
348273,0.03221548406872898
348280,0.16435135062783957
348283,0.059180382173508406
348285,0.09332326147705317
348306,0.0611827801913023
348312,0.05464603053405881
348327,0.03130417573265731
348328,0.18303165584802628
348344,0.05199992912821472
348358,0.08597562881186604
348361,0.04755650437436998
348362,0.19703375734388828
348364,0.02212775230873376
348370,0.023900383501313627
348380,0.08034511655569077
348400,0.033748606918379664
348420,0.17536034993827343
348428,0.018896997207775712
348430,0.015668653009925038
348445,0.029520688811317086
348460,0.020891949418000877
348462,0.023636555997654796
348465,0.06859433092176914
348481,0.03353395464364439
348482,0.01836092968005687
348485,0.0645487979054451
348491,0.04957975470460951
348492,0.2594520226120949
348522,0.19036751985549927
348531,0.06928988546133041
348536,0.09451351081952453
348546,0.1646412629634142
348547,0.07755597168579698
348548,0.04402052238583565
348551,0.009403385396581143
348554,0.1294378824532032
348564,0.03021526406519115
348571,0.0765006747096777
348577,0.16207043547183275
348593,0.1835124110803008
348595,0.05595932761207223
348606,0.011332745314575732
348621,0.019181873416528106
348630,0.053731826366856694
348633,0.14346086606383324
348644,0.08681200910359621
348646,0.010847819095943123
348680,0.02870551054365933
348692,0.03123935731127858
348698,0.10999794024974108
348703,0.09481912385672331
348712,0.015627268119715154
348726,0.3870785180479288
348727,0.01511365600163117
348731,0.019286295515485108
348733,0.015504453796893358
348747,0.17644082196056843
348753,0.012442241655662656
348756,0.027238145004957914
348760,0.07816451601684093
348771,0.06798141170293093
348785,0.03176712989807129
348789,0.12229104992002249
348793,0.03370024310424924
348797,0.004444754697033204
348799,0.025075363111682236
348811,0.043671091087162495
348812,0.0391690272372216
348818,0.025396838085725904
348822,0.01622654008679092
348833,0.2774087246507406
348849,0.024387078126892447
348875,0.08475266583263874
348878,0.02635380788706243
348879,0.10003249067813158
348884,0.2516481000930071
348887,0.017709848936647177
348890,0.06744594592601061
348901,0.020660755806602538
348911,0.09748087450861931
348936,0.009637272451072931
348941,0.012729607580695301
348949,0.0270054874708876
348950,0.022266503190621734
348952,0.003913319829734974
348954,0.02569166326429695
348971,0.07090040855109692
348979,0.18671332020312548
348985,0.16048680525273085
348989,0.06979817384853959
348999,0.056520440615713596
349006,0.158629285171628
349013,0.18989316374063492
349015,0.01719696435611695
349024,0.04681320674717426
349033,0.018620251910761
349047,0.02325765253044665
349060,0.02717278036288917
349065,0.08166919881477952
349071,0.12767976336181164
349081,0.058207937283441424
349088,0.06521681789308786
349093,0.012777004216331989
349101,0.0714244581758976
349107,0.07482330407947302
349113,0.03295627748593688
349123,0.06555756460875273
349125,0.023220291128382087
349129,0.043674584245309234
349131,0.10105750570073724
349132,0.011038619879400358
349163,0.07157279876992106
349168,0.09715988021343946
349172,0.02718227286823094
349187,0.008342411718331277
349192,0.04610130446963012
349193,0.025865238741971552
349203,0.040034174686297774
349227,0.07077616080641747
349234,0.05285633518360555
349248,0.02760497760027647
349249,0.019348307978361845
349254,0.03243229421786964
349259,0.057229884434491396
349265,0.03888710169121623
349276,0.01326810393948108
349281,0.03689100965857506
349283,0.08837756142020226
349288,0.03672010684385896
349297,0.1034974055364728
349299,0.08632577583193779
349304,0.0076042989967390895
349306,0.06959764380007982
349310,0.0415471235755831
349314,0.017574732890352607
349320,0.03936285735107958
349326,0.06531499093398452
349329,0.013554354489315301
349337,0.059884277638047934
349357,0.06511417916044593
349363,0.020089858560822904
349374,0.008767913503106683
349375,0.04335395782254636
349394,0.034984837053343654
349399,0.026557229575701058
349404,0.035565674770623446
349419,0.02694980101659894
349422,0.12128780223429203
349425,0.20471218694001436
349432,0.008469713386148214
349433,0.059876648942008615
349436,0.01050247557577677
349437,0.029678855324164033
349439,0.033239391865208745
349484,0.03170808311551809
349488,0.08391000796109438
349490,0.2507319636642933
349538,0.09837996400892735
349541,0.009883693244773895
349543,0.01628201815765351
349552,0.022614019108004868
349560,0.12482807692140341
349565,0.18569582235068083
349570,0.06136356666684151
349586,0.03806120972149074
349589,0.07261215383186936
349592,0.0327484835870564
349596,0.07730088522657752
349598,0.0282776050735265
349601,0.007641725387657061
349608,0.3743167333304882
349615,0.16609924286603928
349645,0.011549470422323793
349654,0.06360070081427693
349671,0.023909237585030496
349679,0.07702904287725687
349693,0.0858558053150773
349706,0.1866393992677331
349707,0.07187724113464355
349708,0.041999242734164
349719,0.05938333459198475
349727,0.11610856372863054
349730,0.012916972220409662
349735,0.2396527100354433
349744,0.13944201823323965
349745,0.01762048131786287
349760,0.1511945826932788
349765,0.03414767188951373
349778,0.06934507517144084
349787,0.06362449331209064
349802,0.06923620635643601
349812,0.16956440545618534
349815,0.012113010860048234
349847,0.050172901479527354
349854,0.07499972032383084
349855,0.11185705102980137
349872,0.012479445547796786
349873,0.06504207476973534
349874,0.03386335354298353
349886,0.008112308190902695
349887,0.07596680149435997
349911,0.015939392964355648
349916,0.025946953683160245
349920,0.17151663545519114
349921,0.025589060736820102
349929,0.017436056165024638
349931,0.012625600444152951
349935,0.00714169314596802
349939,0.03885785141028464
349960,0.017207137309014797
349967,0.046699904603883624
349969,0.08893828047439456
349971,0.20054157637059689
349977,0.01616663474123925
349979,0.05570586631074548
349981,0.026936996611766517
349982,0.07861733436584473
349992,0.01566397858550772
349994,0.03977569774724543
350005,0.008871301193721592
350006,0.012484600534662604
350009,0.06205812422558665
350017,0.02792161493562162
350021,0.04201841657049954
350023,0.09722723439335823
350032,0.055376688949763775
350033,0.10773873794823885
350036,0.11170213855803013
350037,0.03435722319409251
350048,0.25233117677271366
350052,0.03716147388331592
350063,0.02922529145143926
350077,0.052975989412516356
350078,0.059726680628955364
350086,0.18183218408375978
350087,0.022590038715861738
350107,0.007406388147501275
350110,0.019084223313257098
350114,0.05487031629309058
350119,0.1318660881370306
350139,0.023625865811482072
350154,0.039821473415941
350174,0.3040354773402214
350177,0.07641032617539167
350190,0.16341664176434278
350193,0.07133233873173594
350203,0.005915267131058499
350206,0.06171764899045229
350210,0.07704409910365939
350225,0.08834543405100703
350242,0.005366971163311973
350264,0.013339691911824048
350273,0.007752206613076851
350277,0.07539402646943927
350283,0.03826071973890066
350286,0.020292826811783016
350288,0.045325015438720584
350290,0.09420419856905937
350293,0.05563199846073985
350310,0.11600022856146097
350327,0.18176756147295237
350330,0.028715480933897197
350334,0.1285312483087182
350340,0.013037415861617774
350342,0.14312994666397572
350344,0.022505089873448014
350370,0.0146739121992141
350372,0.11366404313594103
350376,0.17130315396934748
350387,0.05478718178346753
350389,0.0366269804071635
350395,0.1735739028081298
350397,0.3165394254028797
350433,0.05421563237905502
350436,0.10359081393107772
350442,0.006413842726033181
350445,0.011430147395003587
350446,0.05318841431289911
350457,0.23971120826900005
350480,0.01111229055095464
350481,0.013155969267245382
350484,0.040991764748468995
350494,0.008139184210449457
350511,0.01057061564642936
350529,0.017111587105318904
350531,0.007911721302662045
350535,0.016907352837733924
350539,0.018305512610822916
350543,0.18978442158550024
350544,0.08137962920591235
350550,0.04278296418488026
350558,0.02938292152248323
350569,0.18796242587268353
350571,0.11296798009425402
350577,0.09383662976324558
350582,0.05915990145877004
350585,0.03706207079812884
350596,0.027288002660498023
350598,0.055718781193718314
350599,0.07678769063204527
350602,0.062103350879624486
350612,0.01618328393669799
350621,0.08920580334961414
350626,0.03918901109136641
350628,0.022264129016548395
350638,0.053382341749966145
350646,0.12450221367180347
350652,0.01617300300858915
350665,0.08121657930314541
350671,0.04962246445938945
350677,0.026165801449678838
350694,0.12160712480545044
350697,0.09142840141430497
350699,0.2283978257328272
350703,0.08301179483532906
350705,0.2224857248365879
350708,0.008529430109774694
350724,0.023047290509566665
350731,0.007391815539449453
350740,0.03370844293385744
350745,0.026958424132317305
350749,0.034543463261798024
350754,0.13616621866822243
350757,0.011197787476703525
350764,0.1362084588035941
350766,0.0947886067442596
350779,0.04850223287940025
350794,0.03745750873349607
350805,0.021257212734781206
350810,0.019327638670802116
350817,0.10001801047474146
350825,0.024093367508612573
350829,0.026917321840301156
350832,0.010170717490836978
350841,0.043998482869938016
350855,0.025505004450678825
350862,0.010204852209426463
350867,0.030231167445890605
350871,0.028695965302176774
350874,0.07683850592002273
350891,0.016042983159422874
350895,0.0642697224393487
350898,0.061850691214203835
350899,0.0077744078589603305
350902,0.045994779327884316
350913,0.013863012252841145
350916,0.007632881577592343
350933,0.039124755654484034
350944,0.02537608239799738
350954,0.12208269815891981
350959,0.014354975777678192
350965,0.010900790453888476
350969,0.038366693537682295
350984,0.039690216071903706
350997,0.039036563131958246
350999,0.047991466941311955
351002,0.20521815493702888
351008,0.030427556950598955
351014,0.04390416759997606
351025,0.1022677319124341
351026,0.042255898006260395
351046,0.16734097804874182
351048,0.013306518318131566
351070,0.06420980347320437
351073,0.012903715600259602
351079,0.013088460662402213
351085,0.2118232287466526
351091,0.022011146415024996
351094,0.04008798045106232
351115,0.01865423785056919
351117,0.05925569590181112
351126,0.03193028271198273
351142,0.0055229117861017585
351151,0.013457982684485614
351171,0.018301516538485885
351178,0.05629928223788738
351186,0.015598925179801881
351194,0.0771579397842288
351201,0.008632064505945891
351223,0.1680841902270913
351225,0.0760120046325028
351226,0.0843672463670373
351227,0.05257177772000432
351240,0.09541261987760663
351243,0.029928274336270988
351244,0.15482217632234097
351245,0.02289995364844799
351248,0.048052746104076505
351252,0.028004428604617715
351259,0.10221236012876034
351265,0.0788495852611959
351291,0.06783618358895183
351292,0.02002273651305586
351294,0.018106393748894334
351298,0.03265488240867853
351303,0.10339703690260649
351311,0.007101858005626127
351326,0.0348260928876698
351331,0.04305549361743033
351338,0.028443272225558758
351339,0.14728367794305086
351364,0.10542759764939547
351380,0.08118416089564562
351383,0.04629565100185573
351385,0.009641560376621783
351386,0.030963325640186667
351389,0.023940269136801362
351392,0.11084379442036152
351393,0.01567473739851266
351407,0.20926548168063164
351419,0.017271895543672144
351422,0.03260055952705443
351423,0.07529021985828876
351430,0.05679898848757148
351446,0.010542962525505573
351454,0.06629058718681335
351458,0.02661617030389607
351461,0.030515967635437846
351489,0.005808357644127682
351495,0.018539256299845874
351520,0.05990734836086631
351526,0.15673560090363026
351535,0.03156120632775128
351541,0.011698053276631981
351567,0.017048527719452977
351580,0.04726606421172619
351581,0.263021869584918
351584,0.030126185854896903
351587,0.0460959377232939
351589,0.12202083133161068
351593,0.10341275297105312
351616,0.053763138595968485
351619,0.02347874641418457
351625,0.033300665905699134
351626,0.00827593740541488
351635,0.027078593615442514
351641,0.03730465960688889
351655,0.03495280630886555
351658,0.038084433414041996
351669,0.1241499138996005
351670,0.02205183357000351
351671,0.0316827439237386
351680,0.011792416335083544
351687,0.012729159672744572
351699,0.009402424446307123
351722,0.1566686425358057
351725,0.31384129635989666
351740,0.08145149005576968
351747,0.06988761737011373
351758,0.031782076228410006
351771,0.013295614859089255
351780,0.03274103975854814
351786,0.014492261339910328
351789,0.04718999285250902
351796,0.03158510336652398
351801,0.05661862064152956
351814,0.008344833622686565
351817,0.04559252574108541
351819,0.14784983918070793
351825,0.09126932779327035
351830,0.2746876496821642
351831,0.07720632012933493
351834,0.015273612574674189
351836,0.0534694402012974
351837,0.12280187290161848
351838,0.026415331987664104
351839,0.33967795968055725
351846,0.27074531838297844
351863,0.03298988193273544
351864,0.019257362349890172
351880,0.06211357028223574
351887,0.10359620489180088
351891,0.053931671660393476
351892,0.14486066903918982
351898,0.1456641349941492
351907,0.04884278401732445
351916,0.0636069558095187
351936,0.04018640797585249
351937,0.04933544481173158
351945,0.06202907208353281
351957,0.02224325912538916
351958,0.032159312162548304
351962,0.024275941075757146
351967,0.048804048681631684
351970,0.08275853889063
351973,0.08635998610407114
351978,0.021886329748667777
351984,0.036768407095223665
351989,0.16571873053908348
351992,0.1775948852300644
352015,0.04356169677339494
352036,0.009533075091894716
352043,0.03268135339021683
352049,0.01842568430583924
352053,0.05288361478596926
352056,0.01004705304512754
352058,0.038232715567573905
352064,0.011673240805976093
352065,0.023525889962911606
352075,0.008740684308577329
352092,0.058034860994666815
352096,0.019357783836312592
352097,0.011490605829749256
352102,0.03420345508493483
352103,0.003446895017987117
352117,0.06130668520927429
352119,0.014577872527297586
352139,0.10090296994894743
352145,0.006453470588894561
352158,0.014497544267214835
352198,0.1717188274487853
352199,0.021246860269457102
352200,0.18949178233742714
352205,0.06826952798292041
352241,0.015379713906440884
352244,0.10544695518910885
352258,0.06243312964215875
352260,0.018380896421149373
352266,0.03844494232907891
352273,0.053319189231842756
352283,0.02433183661196381
352303,0.05802808562293649
352304,0.0579781080596149
352351,0.04988239658996463
352353,0.04339999798685312
352379,0.03981201583519578
352389,0.08219601679593325
352390,0.03853018069639802
352391,0.05553506501019001
352403,0.041181197157129645
352407,0.021389688714407384
352409,0.22258534096181393
352421,0.012366280541755259
352425,0.015485528856515884
352447,0.022941367235034704
352450,0.06736073596403003
352451,0.11440854240208864
352457,0.02952398348134011
352468,0.028608591994270682
352482,0.02543989394325763
352495,0.04309443314559758
352501,0.20855516754090786
352506,0.535734087228775
352508,0.1792537085711956
352522,0.10983030870556831
352528,0.07372082117944956
352539,0.04742294363677502
352540,0.010781399556435645
352551,0.16036574263125658
352560,0.03028888115659356
352561,0.09615607280284166
352565,0.04125805082730949
352566,0.041171052725985646
352584,0.28826194629073143
352592,0.055927315494045615
352626,0.09783178381621838
352650,0.02112687728367746
352655,0.024741356959566474
352668,0.2668004631996155
352670,0.01320311042945832
352685,0.15166654530912638
352690,0.0857969606295228
352692,0.03162245429120958
352694,0.05519182956777513
352700,0.07992669381201267
352701,0.02113920054398477
352708,0.13122282084077597
352711,0.07370514329522848
352734,0.09139817021787167
352738,0.049086892046034336
352742,0.021912238444201648
352745,0.12287050113081932
352746,0.03484907513484359
352751,0.06065447814762592
352762,0.08378406148403883
352767,0.011157217610161752
352768,0.04132318147458136
352785,0.01132063812110573
352788,0.017896519973874092
352795,0.1234682472422719
352814,0.040285718627274036
352825,0.024097959394566715
352827,0.029354706523008645
352828,0.025736878742463887
352830,0.07737620500847697
352850,0.028075435082428157
352890,0.016659188433550298
352901,0.008962650783360004
352907,0.05468669068068266
352909,0.14230748265981674
352913,0.04429600411094725
352925,0.03197036124765873
352927,0.02309134416282177
352928,0.14962055813521147
352938,0.05396590568125248
352942,0.036012066062539816
352943,0.0981990029104054
352952,0.01079331710934639
352958,0.027494224486872554
352962,0.03990251384675503
352967,0.0237780106253922
352972,0.026575878262519836
352988,0.0059310117503628135
352991,0.04958295379765332
353002,0.017226102529093623
353008,0.038444860838353634
353011,0.01220219791866839
353014,0.08659000834450126
353018,0.004806436598300934
353023,0.027056512306444347
353029,0.027510689687915146
353031,0.049229321302846074
353035,0.10602686367928982
353037,0.08220984041690826
353042,0.013651664834469557
353054,0.024680961039848626
353078,0.037113695638254285
353122,0.07429433427751064
353123,0.03369469288736582
353140,0.02647774596698582
353145,0.07899872632697225
353167,0.09007219830527902
353177,0.11679252423346043
353179,0.2030360084027052
353185,0.03738883277401328
353194,0.17106294818222523
353195,0.03486758237704635
353208,0.15495142247527838
353210,0.06454100599512458
353214,0.13925467059016228
353215,0.21873706299811602
353240,0.13136105984449387
353241,0.10137991141527891
353247,0.022211758070625365
353259,0.11727526504546404
353262,0.15149768814444542
353264,0.046640519984066486
353278,0.04083035490475595
353279,0.028925754828378558
353280,0.13263573218137026
353287,0.18800503015518188
353288,0.054821944795548916
353290,0.05610420973971486
353299,0.01799531397409737
353314,0.03593581891618669
353328,0.056304754223674536
353340,0.03657973394729197
353350,0.024791064905002713
353352,0.009089400235097855
353364,0.05600388487800956
353371,0.009057775605469942
353373,0.02761907281819731
353374,0.08946886379271746
353389,0.02165886084549129
353395,0.15630529541522264
353419,0.3457784652709961
353427,0.011112448119092733
353441,0.1432320112362504
353454,0.024168706499040127
353469,0.12514742370694876
353475,0.12962091155350208
353481,0.0024719213251955807
353483,0.11024762876331806
353484,0.16451190877705812
353488,0.09732897859066725
353496,0.004483461569179781
353504,0.024389272555708885
353505,0.09084074944257736
353509,0.017363090126309544
353527,0.05511364224366844
353574,0.07190181873738766
353585,0.01799549418501556
353595,0.05308386031538248
353598,0.015084775746800005
353602,0.14213289320468903
353610,0.06296438444405794
353618,0.015135883237235248
353625,0.00724373894627206
353626,0.16243642382323742
353631,0.013406445679720491
353635,0.026643313700333238
353654,0.015748314675875008
353682,0.1045572105795145
353688,0.08389004552736878
353695,0.04561257502064109
353711,0.0076649998081848025
353724,0.0728455325588584
353729,0.03191632451489568
353732,0.018866209662519395
353749,0.0769219696521759
353750,0.008383907785173506
353752,0.06157497689127922
353761,0.0103568434715271
353782,0.00598911200358998
353784,0.09050075197592378
353801,0.028197976294904947
353809,0.031633410602808
353812,0.030319021549075842
353814,0.041638540802523494
353821,0.03139644209295511
353832,0.07198566943407059
353845,0.13553462456911802
353860,0.09138362016528845
353863,0.01577953656669706
353867,0.028446340933442116
353876,0.008827268902678043
353905,0.03319484228268266
353923,0.017373894923366606
353934,0.03810463333502412
353943,0.0386991067789495
353945,0.040462973061949015
353973,0.009722102724481374
353995,0.021223136107437313
354001,0.08747764397412539
354003,0.1356736859306693
354011,0.011110262712463737
354020,0.0500409381929785
354024,0.16702707950025797
354027,0.025762192672118545
354031,0.028242960339412093
354036,0.03515446977689862
354037,0.06538461055606604
354039,0.012252320244442672
354044,0.029497765703126788
354058,0.04798166290856898
354071,0.017345100874081254
354080,0.1138875326141715
354084,0.014262710872571915
354085,0.02326672011986375
354089,0.00996691215550527
354099,0.05244785244576633
354100,0.012156830227468163
354104,0.01219247019616887
354106,0.04812322766520083
354107,0.13485976960510015
354111,0.033258393639698625
354114,0.14184041135013103
354115,0.14462823048233986
354122,0.1847303193062544
354130,0.11779766529798508
354139,0.02746281586587429
354140,0.028535641264170408
354145,0.03671480622142553
354149,0.006872110679978505
354167,0.008986489119706675
354173,0.2688388526439667
354176,0.038397562224417925
354178,0.04973485041409731
354182,0.06593402707949281
354184,0.03924483945593238
354186,0.040523956529796124
354192,0.008586324489442632
354209,0.08552992017939687
354214,0.03753760689869523
354218,0.1410014471039176
354230,0.1485823504626751
354251,0.030722613213583827
354257,0.06417009327560663
354264,0.20986799895763397
354265,0.012837238842621446
354267,0.02621584595181048
354272,0.014079565939027816
354273,0.12957014422863722
354285,0.031201958772726357
354298,0.10795408021658659
354309,0.02869770594406873
354312,0.08402110915631056
354320,0.023481960757635534
354322,0.08654874237254262
354327,0.010968133137794212
354333,0.11177598079666495
354335,0.08664753939956427
354344,0.1899972576647997
354355,0.20748736709356308
354358,0.014470989699475467
354365,0.03604707168415189
354368,0.06723889941349626
354377,0.02773413178510964
354386,0.0471029591280967
354390,0.019139114883728325
354394,0.03096026333514601
354398,0.03191418061032891
354402,0.042464473750442266
354403,0.002897690181271173
354406,0.43263066187500954
354414,0.09969097841531038
354421,0.02656577934976667
354430,0.05944218207150698
354445,0.040738274808973074
354470,0.013488018768839538
354479,0.017916812153998762
354481,0.008788643346633762
354483,0.07872218731790781
354497,0.04812313639558852
354511,0.0286425860831514
354533,0.023261898197233677
354549,0.2524945568293333
354561,0.3901343010365963
354570,0.0316834335681051
354571,0.04251048853620887
354577,0.11752324271947145
354586,0.06657518493011594
354598,0.10043179336935282
354601,0.03926517069339752
354602,0.008414732030360028
354603,0.034454119857400656
354606,0.02724284678697586
354612,0.018280307995155454
354613,0.007584134174976498
354616,0.07569486857391894
354624,0.026539359474554658
354625,0.2666919622570276
354636,0.020035913912579417
354639,0.16499006189405918
354640,0.018467038869857788
354644,0.10115836653858423
354650,0.025227957288734615
354666,0.1330063622444868
354673,0.038890224415808916
354674,0.01763388211838901
354677,0.05182588752359152
354684,0.049429717008024454
354694,0.07052159728482366
354698,0.015168403973802924
354708,0.027319964370690286
354709,0.04431064263917506
354720,0.07984542334452271
354738,0.07943523488938808
354740,0.04729705979116261
354757,0.03306059306487441
354768,0.022423793328925967
354775,0.18600211385637522
354776,0.04040087340399623
354792,0.08317981567233801
354803,0.16154221538454294
354809,0.037831209832802415
354817,0.023186516598798335
354818,0.016053369792643934
354830,0.013368490501306951
354832,0.07568845897912979
354838,0.09927804581820965
354839,0.04013276379555464
354851,0.011610785208176821
354861,0.06510962219908834
354865,0.1017402270808816
354890,0.08696868922561407
354893,0.08581998944282532
354898,0.050277403090149164
354900,0.17123711109161377
354910,0.30183777771890163
354913,0.04813826782628894
354937,0.04669015924446285
354942,0.02897978131659329
354953,0.008244905708124861
354956,0.021714321803301573
354958,0.02394031116273254
354960,0.04953811131417751
354984,0.11089743115007877
354993,0.028131056344136596
355017,0.1270018657669425
355025,0.025445427978411317
355026,0.048193446127697825
355041,0.06696871062740684
355043,0.048919907072559
355048,0.012848492478951812
355057,0.03785996581427753
355071,0.12720096297562122
355075,0.21936746314167976
355081,0.02677593834232539
355083,0.14832350332289934
355090,0.060626653023064137
355105,0.07635723240673542
355107,0.021824810188263655
355108,0.17235220596194267
355109,0.12466711364686489
355114,0.02429898688569665
355117,0.08659392781555653
355127,0.008049178577493876
355148,0.018097775289788842
355174,0.11796013731509447
355180,0.06771260686218739
355181,0.029912158381193876
355184,0.2561213970184326
355201,0.01211023103678599
355207,0.061201139353215694
355209,0.07571031618863344
355217,0.013319002988282591
355218,0.028852903633378446
355237,0.015961813740432262
355239,0.06493371957913041
355241,0.0733396289870143
355243,0.10303516685962677
355250,0.14805241208523512
355275,0.01814121298957616
355282,0.0217707579722628
355284,0.029156807577237487
355287,0.0547882835380733
355293,0.056863673496991396
355296,0.03203973907511681
355305,0.031977247446775436
355312,0.0622711512260139
355320,0.09711444331333041
355327,0.021825696458108723
355328,0.010404675063909963
355333,0.025695373653434217
355335,0.04209711332805455
355336,0.10975160729140043
355337,0.10692824982106686
355338,0.2831913474947214
355341,0.026194942300207913
355355,0.17075449600815773
355358,0.018304942990653217
355360,0.22994188033044338
355372,0.07505732355639338
355382,0.02137460804078728
355385,0.04615869000554085
355393,0.2136848233640194
355404,0.010411167342681438
355408,0.051801374182105064
355417,0.014546365651767701
355418,0.03869159868918359
355431,0.013256749138236046
355434,0.018286864506080747
355445,0.0641918289475143
355502,0.039275379152968526
355503,0.09405304724350572
355511,0.0617129341699183
355517,0.1442946195602417
355519,0.2028423398733139
355524,0.07457693060860038
355536,0.038682148326188326
355549,0.020654597377870232
355550,0.11068331683054566
355560,0.14065849781036377
355569,0.007241758867166936
355571,0.009630733344238251
355572,0.027283183997496963
355575,0.05759079288691282
355578,0.11476281750947237
355584,0.057832944206893444
355588,0.05621053930372
355592,0.11689202021807432
355604,0.0409977410454303
355638,0.052989435382187366
355646,0.10682825930416584
355649,0.04222164349630475
355656,0.011766298557631671
355657,0.03600271698087454
355666,0.028367703314870596
355681,0.08499553520232439
355697,0.04560309695079923
355700,0.05828399443998933
355701,0.04516717162914574
355703,0.05293255392462015
355704,0.1915702372789383
355708,0.03676444641314447
355736,0.04451284883543849
355743,0.05938358698040247
355769,0.028570991242304444
355773,0.08934710873290896
355781,0.05886807292699814
355785,0.03483279864303768
355786,0.23801874928176403
355798,0.01390207716031
355817,0.030791237019002438
355819,0.058778293896466494
355826,0.02754409797489643
355842,0.1560695879161358
355846,0.13025520090013742
355855,0.039245680905878544
355870,0.035183844389393926
355873,0.00563004965079017
355874,0.27539237402379513
355876,0.249966187402606
355877,0.02993462374433875
355880,0.008837417466565967
355920,0.08366609690710902
355922,0.02230486075859517
355930,0.022405943600460887
355935,0.02577672351617366
355942,0.12018237542361021
355963,0.06590651767328382
355971,0.048163971630856395
355973,0.04504309198819101
355980,0.03374335030093789
355981,0.017100157914683223
355984,0.12107129860669374
355987,0.2030462995171547
355996,0.08804416377097368
355997,0.006042158493073657
356013,0.025943566812202334
356016,0.01762219937518239
356025,0.0356970748398453
356027,0.019798535155132413
356035,0.043440754525363445
356036,0.10975268017500639
356038,0.1241644574329257
356041,0.013836376718245447
356057,0.0806489042006433
356063,0.037228504894301295
356077,0.006861293572001159
356080,0.09110215492546558
356086,0.030290905153378844
356102,0.02492690901271999
356106,0.05226568831130862
356118,0.05863633379340172
356140,0.024849441717378795
356150,0.22950958646833897
356153,0.026547833578661084
356159,0.08989801211282611
356163,0.10490628331899643
356164,0.017385448678396642
356168,0.1613372629508376
356169,0.009466857503866777
356170,0.025763820158317685
356199,0.08615527115762234
356211,0.01397680985974148
356220,0.020723179099150002
356246,0.027264615520834923
356249,0.02042824134696275
356255,0.07705253083258867
356258,0.04363929177634418
356262,0.19767075218260288
356273,0.007621634809765965
356279,0.17616617493331432
356281,0.023427495849318802
356308,0.1256748316809535
356324,0.09263554867357016
356327,0.028571609407663345
356328,0.006370801798766479
356331,0.015580401639454067
356336,0.04449134320020676
356345,0.01903409557417035
356382,0.09414670523256063
356395,0.15579418744891882
356399,0.12288812827318907
356400,0.02062616718467325
356413,0.06804075371474028
356414,0.03604836668819189
356418,0.051656323950737715
356427,0.04385857959277928
356433,0.013371358450967818
356439,0.009963785007130355
356444,0.03239918709732592
356475,0.036741664400324225
356480,0.10335703287273645
356482,0.1131669981405139
356497,0.01676837296690792
356512,0.042950293282046914
356517,0.2838972993195057
356536,0.030719412956386805
356539,0.04284425009973347
356551,0.03489998960867524
356556,0.11173542868345976
356558,0.3021279890090227
356559,0.02751652500592172
356563,0.020889936480671167
356578,0.10044122487306595
356583,0.10995436925441027
356584,0.3563809972256422
356592,0.08414832828566432
356594,0.01809187908656895
356596,0.03734714980237186
356597,0.003602282056817785
356598,0.030514793936163187
356602,0.030411775456741452
356609,0.0627520673442632
356624,0.05732603557407856
356626,0.05963196372613311
356627,0.02044552704319358
356641,0.06560205388814211
356648,0.1080537075176835
356649,0.10749306250363588
356650,0.048801030265167356
356651,0.011871232476551086
356659,0.014759018027689308
356676,0.11795371770858765
356687,0.1498979227617383
356689,0.09187352936714888
356698,0.009114355314522982
356726,0.03453700034879148
356732,0.023695078562013805
356741,0.2169610634446144
356742,0.010048712021671236
356746,0.028402230935171247
356750,0.10450545232743025
356754,0.06813701195642352
356760,0.018424371839500964
356762,0.02606683410704136
356763,0.05304316943511367
356777,0.08234982891008258
356784,0.1593823218718171
356795,0.06907344283536077
356801,0.06303225830197334
356802,0.014747837733011693
356808,0.019495428656227887
356813,0.022009773179888725
356816,0.039700527442619205
356818,0.20887012220919132
356825,0.05383258801884949
356828,0.05428249458782375
356836,0.0404806612059474
356854,0.06900466419756413
356857,0.020477404934354126
356865,0.03606705670244992
356873,0.026375598390586674
356879,0.01782757684122771
356880,0.0408607367426157
356885,0.08912184229120612
356889,0.04581054113805294
356903,0.020413912716321647
356905,0.02187668066471815
356913,0.04481296893209219
356916,0.02326999476645142
356939,0.03488871338777244
356944,0.10486901830881834
356952,0.3122005835175514
356958,0.030733079183846712
356963,0.022511711227707565
356967,0.00946388827287592
356970,0.03457893384620547
356977,0.012373573612421751
356980,0.0625157430768013
356981,0.03385711763985455
356983,0.08972435398027301
356998,0.39560580253601074
357005,0.03594333166256547
357022,0.06699110334739089
357032,0.07486675633117557
357033,0.09016900463029742
357035,0.03591110068373382
357047,0.09560613567009568
357054,0.008600006869528443
357057,0.08684207824990153
357069,0.07453644834458828
357096,0.17575620580464602
357102,0.06010492495261133
357118,0.041373642859980464
357124,0.04069347749464214
357137,0.0419269313570112
357138,0.10804915428161621
357149,0.014607928169425577
357151,0.05266763875260949
357157,0.028314591385424137
357158,0.06966209039092064
357162,0.01112927234498784
357163,0.043481433065608144
357171,0.01876910717692226
357175,0.012953553581610322
357192,0.007448299264069647
357200,0.0889930403791368
357204,0.019815942272543907
357206,0.0898166997358203
357215,0.18751702643930912
357221,0.022515379241667688
357228,0.015674556605517864
357247,0.020293295267038047
357249,0.06348755676299334
357268,0.022006560349836946
357270,0.043553060153499246
357279,0.06690471805632114
357287,0.042909662472084165
357293,0.015535235055722296
357306,0.018026109668426216
357308,0.2176496982574463
357321,0.033846683567389846
357326,0.11572706047445536
357340,0.010961256048176438
357342,0.02740942849777639
357352,0.03112774051260203
357361,0.04162728157825768
357368,0.022742048371583223
357370,0.033631386468186975
357377,0.019528544158674777
357382,0.005040255404310301
357383,0.01671587664168328
357384,0.049050975358113647
357398,0.0354175406973809
357415,0.01907681382726878
357420,0.0789208528585732
357439,0.024034413509070873
357440,0.007669714919757098
357458,0.022665996686555445
357464,0.24226305074989796
357467,0.027246572077274323
357469,0.13937282003462315
357472,0.12064628396183252
357489,0.052715896628797054
357504,0.12167503125965595
357522,0.04174005123786628
357527,0.02692924370057881
357547,0.10466056317090988
357550,0.052723316475749016
357558,0.030422893585637212
357559,0.16865695919841528
357562,0.024722402915358543
357572,0.04404666577465832
357583,0.195526372641325
357585,0.2075849175453186
357598,0.017719577881507576
357607,0.035622620955109596
357613,0.03194963559508324
357627,0.011764344002585858
357630,0.03426690539345145
357631,0.3119334187358618
357680,0.004937694000545889
357694,0.01392014732118696
357698,0.10906964261084795
357699,0.01243331067962572
357707,0.005839194898726419
357732,0.019217613735236228
357748,0.1826419122517109
357755,0.27326005324721336
357767,0.028806137735955417
357786,0.05308542074635625
357791,0.04300397937186062
357799,0.019178271060809493
357824,0.020031435298733413
357830,0.011140713235363364
357832,0.05645345197990537
357840,0.11090414645150304
357863,0.03365170257166028
357865,0.03795945830643177
357868,0.2065703123807907
357869,0.017492150072939694
357878,0.03336364054121077
357886,0.17207200173288584
357891,0.03612744982820004
357897,0.02524255379103124
357915,0.2910927329212427
357927,0.02616896911058575
357947,0.02591167774517089
357958,0.021169213694520295
357959,0.018887595972046256
357976,0.015531207551248372
357992,0.12598417792469263
357995,0.016393387457355857
357996,0.04952480783686042
358020,0.05205604643560946
358022,0.17281552124768496
358023,0.0362048102542758
358029,0.04752751928754151
358040,0.033552977722138166
358059,0.019098100950941443
358071,0.06258205091580749
358076,0.06233530817553401
358095,0.034289740258827806
358096,0.03800865286029875
358104,0.042140137404203415
358110,0.03628635103814304
358122,0.14270279742777348
358137,0.014394344470929354
358147,0.09460986964404583
358149,0.046735470183193684
358155,0.10538122616708279
358161,0.0771846123971045
358163,0.05153535003773868
358172,0.19894611462950706
358178,0.07274852180853486
358183,0.08436171291396022
358186,0.024697860120795667
358189,0.1245951084420085
358198,0.0469289671164006
358211,0.11511225998401642
358219,0.029481567908078432
358220,0.16821893118321896
358225,0.0649887677282095
358231,0.00954926130361855
358233,0.01355945406248793
358247,0.07949198968708515
358258,0.07934812130406499
358264,0.08437241613864899
358271,0.32269095815718174
358273,0.035005976213142276
358275,0.042620208114385605
358278,0.05222393246367574
358287,0.13095237035304308
358309,0.030563967302441597
358327,0.07335269870236516
358342,0.03710762900300324
358348,0.04811681457795203
358352,0.0264174179174006
358373,0.14236441813409328
358384,0.025884808972477913
358394,0.014701836451422423
358405,0.17719238996505737
358409,0.023903421475552022
358412,0.20817741379141808
358424,0.04127559717744589
358427,0.00985736888833344
358434,0.07407467486336827
358444,0.0871545784175396
358448,0.0394927654415369
358449,0.0347795276902616
358458,0.009651012893300503
358472,0.0646922686137259
358483,0.06211846321821213
358490,0.01720170071348548
358503,0.017651865142397583
358504,0.03234364255331457
358505,0.014689641713630408
358512,0.23546611331403255
358513,0.01547099050367251
358528,0.019185906159691513
358532,0.02722434897441417
358536,0.03821665630675852
358538,0.05834743450395763
358559,0.05138184688985348
358590,0.15273398533463478
358601,0.28126543015241623
358627,0.010636716207955033
358631,0.0980501496233046
358632,0.03724701888859272
358640,0.06367433164268732
358649,0.05126072862185538
358650,0.013209407159592956
358653,0.02476821921300143
358676,0.01638036803342402
358679,0.04892256483435631
358695,0.05744989216327667
358703,0.07402327843010426
358705,0.010049523261841387
358710,0.00929258536780253
358730,0.0362275002989918
358731,0.10306140594184399
358735,0.21232117153704166
358744,0.032887346111238
358748,0.03474227152764797
358750,0.008897811290808022
358752,0.010079383617267013
358764,0.07144358893856406
358777,0.010007243603467941
358786,0.21360774897038937
358789,0.08504967670887709
358805,0.11506175342947245
358809,0.008674222917761654
358810,0.02717645512893796
358824,0.06802993407472968
358829,0.06660165032371879
358838,0.12039784248918295
358840,0.04043154325336218
358841,0.0537408459931612
358854,0.06056493008509278
358873,0.1846497943624854
358879,0.04829192371107638
358884,0.08663721475750208
358885,0.008775719441473484
358886,0.018574982532300055
358892,0.07361969165503979
358895,0.04909177031368017
358906,0.020034321933053434
358910,0.02362228336278349
358911,0.009861232567345724
358924,0.1634243968874216
358929,0.04866487625986338
358937,0.12339430116117
358949,0.1551294196397066
358955,0.05592356971465051
358956,0.18190543353557587
358959,0.03977730334736407
358960,0.007640669820830226
358969,0.020122340763919055
358983,0.010319473396521062
358990,0.16561242938041687
358992,0.013568484981078655
358994,0.09229686157777905
359004,0.05138932075351477
359015,0.03342040884308517
359023,0.1007639579474926
359030,0.012475752038881183
359032,0.017247110954485834
359038,0.08178465766832232
359044,0.11779258958995342
359049,0.05298547679558396
359050,0.01523580850334838
359064,0.03916151961311698
359095,0.02224509243387729
359100,0.1954797487705946
359105,0.012976159749086946
359116,0.06304183835163713
359134,0.06808478385210037
359136,0.18414377700537443
359143,0.02419944026041776
359147,0.010609489167109132
359175,0.08649237779900432
359182,0.02270062966272235
359188,0.01517168857390061
359196,0.04442328680306673
359198,0.03457598527893424
359202,0.02485235151834786
359212,0.03516689082607627
359229,0.061464357655495405
359232,0.09886879846453667
359247,0.01877232745755464
359258,0.11902605835348368
359260,0.1409869585186243
359261,0.0394381049554795
359262,0.22913948819041252
359268,0.0357784170191735
359285,0.014302556402981281
359293,0.02418118214700371
359294,0.02136704616714269
359297,0.016715734847821295
359299,0.013052409747615457
359311,0.0072923346888273954
359319,0.0695429143961519
359320,0.03411515837069601
359322,0.05030333739705384
359353,0.04178146435879171
359355,0.03794247284531593
359360,0.13261373434215784
359367,0.03429464437067509
359369,0.015314918593503535
359372,0.00896295893471688
359377,0.0919908257201314
359381,0.0125357675133273
359382,0.03046559332869947
359387,0.06218031235039234
359389,0.0186832356848754
359392,0.06044225348159671
359437,0.10375655256211758
359438,0.014321951079182327
359440,0.029348717536777258
359442,0.016070500016212463
359455,0.043619786854833364
359474,0.12590421736240387
359475,0.050343898590654135
359480,0.2897826135158539
359485,0.049921940080821514
359493,0.010814272973220795
359497,0.020355824031867087
359505,0.031296856701374054
359506,0.07974879303947091
359516,0.019178829505108297
359518,0.011675327143166214
359523,0.0497731976211071
359547,0.20359672233462334
359548,0.028607971617020667
359556,0.04907084419392049
359577,0.07330320496112108
359580,0.1016394654288888
359588,0.05028441036120057
359590,0.021308698342181742
359592,0.028983463067561388
359599,0.01364975527394563
359609,0.0808808570727706
359611,0.04339155228808522
359619,0.01933151192497462
359623,0.18810276687145233
359654,0.02269072365015745
359666,0.045470422599464655
359669,0.05510600050911307
359672,0.018246304942294955
359673,0.39222394302487373
359677,0.004784913195180707
359685,0.08129149209707975
359690,0.031525602331385016
359697,0.051603788044303656
359702,0.019023146480321884
359707,0.1228672368451953
359711,0.05463154474273324
359719,0.08548668213188648
359722,0.028888462809845805
359726,0.10115382261574268
359730,0.03772489633411169
359731,0.11929144989699125
359741,0.06845099292695522
359743,0.09427271597087383
359748,0.007925255398731679
359753,0.013795254402793944
359758,0.3875323347747326
359773,0.023737080045975745
359780,0.057876343838870525
359785,0.035042691277340055
359800,0.011458567227236927
359806,0.1801848765462637
359809,0.11020026914775372
359822,0.07407653471454978
359828,0.1898392904549837
359847,0.1223942069336772
359855,0.06818295968696475
359858,0.027675301185809076
359864,0.01474031078396365
359884,0.03790018940344453
359886,0.014845132711343467
359898,0.15186455473303795
359908,0.16774320229887962
359921,0.36729465052485466
359945,0.02937945886515081
359958,0.0028731212514685467
359964,0.07737303897738457
359980,0.03973598522134125
359992,0.007333915506023914
359994,0.09981007780879736
360001,0.0391918474342674
360004,0.022842547157779336
360009,0.10937914904206991
360020,0.03340334095992148
360049,0.4024166353046894
360058,0.018399498309008777
360063,0.1165698217228055
360064,0.00318693759618327
360074,0.011985849763732404
360095,0.02584424742963165
360098,0.028088370338082314
360099,0.004100126796402037
360100,0.050698603969067335
360103,0.03836153354495764
360106,0.036439589923247695
360107,0.056939260801300406
360124,0.18029805179685354
360126,0.00637451809598133
360138,0.07469675503671169
360140,0.015856144309509546
360141,0.005577070769504644
360149,0.13449025806039572
360152,0.11891030333936214
360165,0.0451559501234442
360171,0.044394799042493105
360176,0.1764727607369423
360183,0.03143174550496042
360186,0.00503252909402363
360189,0.26894573867321014
360191,0.08198253298178315
360199,0.3507450055330992
360204,0.07815162092447281
360205,0.06923611043021083
360217,0.038193637039512396
360225,0.07662701280787587
360231,0.01575765828602016
360238,0.03665758948773146
360248,0.19568574707955122
360249,0.011107797618024051
360254,0.06578849349170923
360256,0.0669704363681376
360257,0.03707087505608797
360258,0.0814522122964263
360277,0.14826803002506495
360279,0.0740041914395988
360280,0.209329754114151
360281,0.22713921964168549
360283,0.02435485809110105
360290,0.06116926483809948
360312,0.06163901789113879
360316,0.019258542102761567
360320,0.0073493314848747104
360324,0.08795947767794132
360333,0.009404585522133857
360339,0.01850878109689802
360347,0.016203633043915033
360359,0.20403005182743073
360360,0.13804399780929089
360367,0.07042647479102015
360372,0.01633944036439061
360382,0.07738007325679064
360386,0.06147078983485699
360400,0.012246515310835093
360411,0.07041008677333593
360412,0.04999654437415302
360415,0.013761008100118488
360419,0.09572521038353443
360421,0.03770031686872244
360427,0.023111329996027052
360429,0.1808147132396698
360438,0.14521892461925745
360439,0.014480899146292359
360445,0.17315181903541088
360454,0.22971110232174397
360458,0.08076696377247572
360467,0.011302598170004785
360469,0.028112320695072412
360471,0.01986186986323446
360472,0.018051388207823038
360475,0.04603398451581597
360478,0.2635396998375654
360479,0.024967085337266326
360480,0.06957009388133883
360484,0.11938824504613876
360496,0.01453662442509085
360504,0.024949359707534313
360517,0.011852318828459829
360518,0.09599909232929349
360526,0.011313094815704972
360530,0.12558610457926989
360535,0.03374265762977302
360538,0.16271148715168238
360539,0.04210053361020982
360545,0.031380112282931805
360569,0.008371970907319337
360579,0.1003427910618484
360580,0.023637405829504132
360611,0.011020366451703012
360612,0.01320145366480574
360626,0.007667835219763219
360628,0.020426356117241085
360631,0.04462389042600989
360633,0.07213969388976693
360640,0.024546716827899218
360643,0.3055051863193512
360645,0.024991809739731252
360663,0.007468323630746454
360666,0.046720230020582676
360678,0.022068375954404473
360683,0.03059694799594581
360707,0.11962173506617546
360715,0.10582210496068001
360723,0.11874598078429699
360727,0.05073261330835521
360733,0.13961802516132593
360746,0.004300287997466512
360759,0.03320475202053785
360767,0.01926200359594077
360769,0.02059495949652046
360770,0.020257611700799316
360779,0.024942855932749808
360791,0.046980857383459806
360792,0.017980691278353333
360801,0.10331788379698992
360812,0.14066099096089602
360814,0.021547548938542604
360828,0.019564781221561134
360830,0.25959837064146996
360837,0.0863860473036766
360838,0.15659369807690382
360844,0.13188168220221996
360860,0.01506053248886019
360864,0.035529003478586674
360871,0.040172559674829245
360872,0.08562302496284246
360877,0.02676771767437458
360880,0.03478624182753265
360881,0.01449556730221957
360882,0.04034856986254454
360884,0.014170111273415387
360885,0.026227621478028595
360889,0.12089668959379196
360893,0.18030393682420254
360898,0.0345982548315078
360933,0.18675990868359804
360941,0.06294284365139902
360942,0.07293463265523314
360943,0.020588026149198413
360960,0.02518631622660905
360973,0.10430765990167856
360979,0.07551137777045369
360987,0.021122746053151786
360988,0.019310759264044464
360999,0.029868127778172493
361001,0.018638272886164486
361005,0.0727271274663508
361007,0.09866381995379925
361024,0.023170994012616575
361028,0.13392364885658026
361051,0.015142839052714407
361072,0.0199973484268412
361086,0.08635615278035402
361093,0.18901944905519485
361098,0.020906692487187684
361124,0.022252638242207468
361130,0.018059920403175056
361132,0.08083894895389676
361133,0.012301674170885235
361135,0.25008840672671795
361148,0.24052314274013042
361150,0.020188384922221303
361152,0.02261547080706805
361154,0.03759965696372092
361158,0.016731400624848902
361171,0.03411556058563292
361175,0.10139684937894344
361177,0.006178505951538682
361195,0.12681577075272799
361200,0.008623727946542203
361203,0.18938513193279505
361205,0.04366102395579219
361214,0.07726172544062138
361217,0.04819719074293971
361226,0.023886717157438397
361232,0.03540069842711091
361236,0.07271252293139696
361249,0.017976582166738808
361251,0.18569833599030972
361252,0.09457780560478568
361284,0.03825443726964295
361289,0.032488057389855385
361297,0.023243713774718344
361304,0.11172484047710896
361311,0.06482776626944542
361334,0.17518071550875902
361339,0.030544822802767158
361340,0.1680888496339321
361348,0.021958790253847837
361352,0.025981313548982143
361354,0.01697272149613127
361355,0.07636521197855473
361370,0.1429781625047326
361390,0.03377961437217891
361392,0.027039922773838043
361397,0.14110752008855343
361402,0.044472984969615936
361405,0.03461871505714953
361406,0.040577833307906985
361426,0.012839976465329528
361431,0.04490803997032344
361440,0.02989878971129656
361451,0.28677588142454624
361469,0.19070978835225105
361473,0.06849171593785286
361497,0.0376219276804477
361511,0.013553663971833885
361515,0.010273661580868065
361525,0.03194277663715184
361540,0.11710678040981293
361557,0.08878145040944219
361560,0.057230751030147076
361565,0.02659439225681126
361569,0.023475221707485616
361570,0.0341628915630281
361578,0.009171993558993563
361580,0.2518491018563509
361585,0.04106291849166155
361589,0.022346191224642098
361591,0.00717802022700198
361599,0.041670184349641204
361603,0.09749724622815847
361605,0.031541633419692516
361606,0.22935612499713898
361615,0.16173930279910564
361622,0.043346875347197056
361627,0.03806080808863044
361632,0.07570667425170541
361636,0.019769880804233253
361637,0.04425416677258909
361638,0.0759798507206142
361639,0.019241904374212027
361651,0.020021884934976697
361662,0.09995243512094021
361684,0.035694188671186566
361693,0.07608553068712354
361697,0.1570007624104619
361710,0.017624791245907545
361713,0.061924098525196314
361729,0.142502230592072
361785,0.009184735274175182
361796,0.06198329105973244
361805,0.028683893382549286
361811,0.06725545786321163
361812,0.04570853407494724
361819,0.09351119678467512
361828,0.04055678169243038
361833,0.0075014612230006605
361836,0.09429796691983938
361839,0.08747561741620302
361855,0.017669520573690534
361866,0.06467295065522194
361870,0.05011143255978823
361873,0.05422430206090212
361885,0.04784918972291052
361896,0.05052214069291949
361913,0.04072466748766601
361919,0.04305164935067296
361932,0.08824591524899006
361933,0.07449566852301359
361935,0.10735706426203251
361939,0.02702095382846892
361946,0.005313738714903593
361947,0.015469338512048125
361949,0.04138673725537956
361951,0.17683856561779976
361962,0.14668365009129047
361972,0.027982894564047456
361975,0.025223258300684392
361989,0.016061520669609308
362004,0.0876937173306942
362012,0.009213127545081079
362014,0.11762349959462881
362016,0.01627062784973532
362028,0.04742944217287004
362033,0.0077746917377226055
362034,0.07412928016856313
362038,0.01325962832197547
362052,0.11298120953142643
362061,0.00853678589919582
362063,0.06569120706990361
362070,0.029127608751878142
362072,0.00379640085157007
362075,0.037648816825821996
362079,0.03923845989629626
362086,0.014878408808726817
362091,0.10159255098551512
362094,0.017235302599146962
362101,0.004706022213213146
362112,0.039973625214770436
362115,0.13558191619813442
362117,0.054948985343798995
362121,0.3477238193154335
362128,0.1696599256247282
362130,0.019484814605675638
362135,0.11992485355585814
362142,0.029309325153008103
362146,0.06990380631759763
362149,0.018044820288196206
362157,0.0277112303301692
362165,0.03099195146933198
362166,0.04076037579216063
362167,0.028396388748660684
362173,0.0277709336951375
362187,0.04177807201631367
362197,0.04743515467271209
362206,0.028037600219249725
362207,0.01084615447325632
362210,0.025085973902605474
362216,0.025098689598962665
362219,0.20151368621736765
362221,0.13151692878454924
362224,0.04007687885314226
362228,0.05112615739926696
362236,0.02839259896427393
362242,0.028840094222687185
362251,0.021037739468738437
362252,0.029199999757111073
362257,0.03827864269260317
362284,0.02263710810802877
362286,0.019724365323781967
362298,0.04986685374751687
362300,0.12543049454689026
362306,0.019366329535841942
362308,0.28216804191470146
362315,0.009069287683814764
362318,0.04659809172153473
362322,0.02525287983007729
362332,0.0749815315939486
362338,0.07583588035777211
362341,0.16959367133677006
362347,0.1768311383202672
362348,0.11231096368283033
362361,0.21170265600085258
362365,0.07271764939650893
362369,0.2055063508450985
362373,0.011410159466322511
362376,0.09740570932626724
362384,0.054774869000539184
362386,0.025869059143587947
362387,0.02094923402182758
362389,0.026390819577500224
362393,0.011997461202554405
362412,0.017912604729644954
362420,0.028417701716534793
362426,0.035378500586375594
362432,0.041664325864985585
362445,0.15945203229784966
362450,0.024143564980477095
362452,0.08027656935155392
362465,0.02905581786762923
362468,0.17911298759281635
362474,0.04753681528382003
362484,0.021011511678807437
362487,0.11655907612293959
362512,0.023429709253832698
362530,0.006782518699765205
362531,0.10336504224687815
362552,0.027169305365532637
362555,0.034311177441850305
362556,0.04756923159584403
362563,0.10783104225993156
362572,0.010555773740634322
362579,0.034298985614441335
362580,0.09920004801824689
362597,0.16277258843183517
362635,0.013607493427116424
362637,0.04668502463027835
362641,0.10013727378100157
362652,0.03861007280647755
362657,0.009563825151417404
362660,0.012116850819438696
362661,0.04807679681107402
362671,0.012935845996253192
362675,0.04199425666593015
362680,0.07325087068602443
362682,0.02230791503097862
362685,0.05447877896949649
362697,0.005728967778850347
362700,0.22388920187950134
362702,0.019002961460500956
362705,0.11379420291632414
362707,0.12711717933416367
362710,0.020947094773873687
362711,0.134501650929451
362718,0.08134303148835897
362723,0.040512284031137824
362730,0.040782790165394545
362742,0.2873787749558687
362781,0.06616675667464733
362789,0.0586020948830992
362790,0.01806641067378223
362795,0.01916558144148439
362799,0.020223856903612614
362800,0.055201684357598424
362803,0.02145344763994217
362808,0.06732706306502223
362814,0.04579333937726915
362820,0.007933881599456072
362826,0.023482917225919664
362831,0.038673446513712406
362833,0.027566574746742845
362839,0.1832525134086609
362852,0.03699268004857004
362872,0.05220883572474122
362882,0.0655460823327303
362885,0.2830310985445976
362889,0.023909508367069066
362890,0.07429147185757756
362891,0.1674061855301261
362900,0.07990283938124776
362907,0.044351472752168775
362908,0.028252090327441692
362953,0.014221772726159543
362967,0.18346625473350286
362982,0.009900873992592096
363015,0.02441636484581977
363027,0.0282192308222875
363035,0.06363335950300097
363039,0.10340550635010004
363045,0.05824692500755191
363048,0.11053888220340014
363057,0.2585138902068138
363059,0.10803206637501717
363063,0.056019815150648355
363080,0.0431919835973531
363082,0.11876290198415518
363090,0.12416723743081093
363094,0.024720436660572886
363106,0.010970704373903573
363114,0.12534771766513586
363118,0.28990673273801804
363121,0.047734047286212444
363128,0.03081270377151668
363136,0.03197834128513932
363141,0.016842376557178795
363142,0.022679898771457374
363147,0.01241918042069301
363151,0.024804976885206997
363153,0.04950639372691512
363158,0.007121913862647489
363171,0.02299296366982162
363174,0.01794545422308147
363180,0.014483803533948958
363187,0.01752404309809208
363191,0.03678186936303973
363192,0.012280373135581613
363196,0.013746746350079775
363199,0.07157826097682118
363209,0.023819006979465485
363210,0.03941905056126416
363212,0.03978218580596149
363227,0.07135965069755912
363231,0.0698045096360147
363232,0.012289344449527562
363243,0.01642787316814065
363253,0.0428171381354332
363285,0.03325772122479975
363299,0.12683076970279217
363310,0.0564891523681581
363311,0.021380079677328467
363316,0.16099565010517836
363322,0.19767411425709724
363329,0.013597628800198436
363331,0.061128341127187014
363334,0.048191842855885625
363339,0.010234424727968872
363340,0.5369305126369
363341,0.012350643111858517
363343,0.3141194339841604
363347,0.026069345185533166
363350,0.014009977923706174
363377,0.13101242762058973
363379,0.09619666822254658
363382,0.03571765869855881
363386,0.105358577799052
363387,0.04860497289337218
363388,0.014833399967756122
363391,0.012510172789916396
363394,0.09533663699403405
363397,0.013038737524766475
363405,0.07872804254293442
363422,0.006030638673109934
363427,0.059068013448268175
363455,0.025149108609184623
363467,0.030300238518975675
363493,0.06319882161915302
363508,0.031100715277716517
363514,0.2890061568468809
363525,0.07121341722086072
363530,0.18247652519494295
363531,0.01059857994550839
363538,0.02151315484661609
363539,0.008782889635767788
363542,0.03707690630108118
363543,0.07253120304085314
363551,0.5120237953960896
363568,0.025944342138245702
363576,0.04586212383583188
363580,0.12380314338952303
363582,0.015311881783418357
363598,0.09040579292923212
363601,0.041167943738400936
363611,0.08425480173900723
363612,0.05267267348244786
363618,0.03701930306851864
363623,0.034963838290423155
363624,0.06730352016165853
363642,0.0491345408372581
363645,0.09574272949248552
363651,0.45829571783542633
363657,0.0873750252649188
363663,0.06602352298796177
363667,0.012719738180749118
363687,0.05008084001019597
363704,0.0218004803173244
363705,0.04831688152626157
363717,0.03799429000355303
363725,0.019617539830505848
363728,0.00640272194868885
363733,0.03825002652592957
363744,0.12284920085221529
363745,0.02571732923388481
363756,0.15944512747228146
363759,0.214275935664773
363760,0.07572465064004064
363762,0.039466122165322304
363768,0.07150370860472322
363777,0.12330738268792629
363782,0.008193725545424968
363785,0.02661416376940906
363797,0.10993597423657775
363815,0.009234990342520177
363822,0.04771453235298395
363834,0.060084100579842925
363842,0.049104963429272175
363845,0.5553665682673454
363846,0.04983876645565033
363849,0.04741831053979695
363850,0.028721939772367477
363853,0.012071482022292912
363859,0.014566004858352244
363860,0.042910522781312466
363877,0.027544240932911634
363881,0.035927146673202515
363893,0.013788872922305018
363902,0.21696212887763977
363903,0.057947478257119656
363916,0.058298146817833185
363924,0.13250853959470987
363940,0.038422476733103395
363944,0.048871018225327134
363955,0.1053383662365377
363960,0.023479905328713357
363984,0.007591460336698219
363990,0.05399941932410002
364009,0.11346618831157684
364014,0.10851520486176014
364035,0.026024214457720518
364043,0.012191871355753392
364065,0.010303666000254452
364067,0.02946138707920909
364068,0.14909321628510952
364072,0.21825142577290535
364079,0.047436916967853904
364094,0.043068286729976535
364096,0.02083257888443768
364105,0.08405062882229686
364109,0.037125093629583716
364122,0.1568649634718895
364141,0.035688541596755385
364146,0.14813728723675013
364147,0.15185408666729927
364151,0.04297267063520849
364152,0.006160222546895966
364156,0.061982699669897556
364160,0.04801116487942636
364171,0.008705396379809827
364183,0.006501326308352873
364199,0.0772627736441791
364206,0.027376114623621106
364220,0.04248172021470964
364222,0.024192694923840463
364224,0.12212763912975788
364232,0.015891745628323406
364248,0.024575651856139302
364251,0.01565394550561905
364274,0.05590415792539716
364286,0.04904965194873512
364289,0.007432968995999545
364290,0.02280920324847102
364291,0.09106575651094317
364292,0.017021609586663544
364308,0.0275368585716933
364310,0.1313220039010048
364311,0.1143646938726306
364312,0.2921799551695585
364314,0.15822940040379763
364337,0.024103062693029642
364339,0.1349239321425557
364357,0.3265622314065695
364359,0.06234332546591759
364371,0.025621664710342884
364374,0.2580731716006994
364378,0.05877850251272321
364382,0.057472854387015104
364397,0.032321775797754526
364401,0.06077751191332936
364403,0.013968616258352995
364411,0.10600577015429735
364413,0.15916498750448227
364414,0.03357223537750542
364415,0.010094922850839794
364418,0.013724241696763784
364428,0.015235349885188043
364430,0.005962441675364971
364436,0.18191062193363905
364451,0.01348897855496034
364457,0.030865226639434695
364461,0.05537197878584266
364471,0.05407138052396476
364472,0.10981310624629259
364481,0.25399308279156685
364482,0.028711597784422338
364484,0.23619065061211586
364492,0.05932843964546919
364494,0.02905221446417272
364507,0.058864330407232046
364508,0.0654275631532073
364537,0.13442027941346169
364538,0.10747916391119361
364539,0.2086822995916009
364547,0.43371957167983055
364561,0.06514753447845578
364586,0.1672243271023035
364603,0.02238091651815921
364622,0.032065583858639
364660,0.018264018930494785
364662,0.021228791447356343
364669,0.1489212466403842
364698,0.01879334612749517
364699,0.028321949765086174
364700,0.04439084674231708
364702,0.06321952678263187
364710,0.20794711541384459
364714,0.022677973611280322
364731,0.07045317115262151
364738,0.005523499625269324
364739,0.01734604372177273
364743,0.017679163604043424
364762,0.14436310064047575
364767,0.08274512691423297
364775,0.01949861168395728
364781,0.0579685396514833
364783,0.030647382023744285
364796,0.022862488636747003
364810,0.013150191633030772
364815,0.1561217438429594
364823,0.021074090036563575
364826,0.028594451607204974
364837,0.05714156571775675
364839,0.09363985992968082
364844,0.06568176485598087
364851,0.06084576528519392
364853,0.06948064174503088
364854,0.044969418784603477
364858,0.03594169020652771
364872,0.07726346515119076
364875,0.04235350782983005
364877,0.02981237368658185
364878,0.008975283766631037
364884,0.0059924154775217175
364907,0.08886037906631827
364911,0.24931687861680984
364916,0.08757618628442287
364920,0.0229528674390167
364927,0.024874239694327116
364944,0.18298046104609966
364948,0.1799916848540306
364950,0.11185545334592462
364953,0.014891841099597514
364955,0.03774905134923756
364959,0.06436899583786726
364966,0.038491130573675036
364971,0.07602842152118683
364979,0.1249976521357894
364980,0.017121707904152572
364982,0.07483606180176139
364984,0.02150077687110752
364993,0.016816742485389113
365001,0.008340044820215553
365030,0.014606778335291892
365035,0.01566606934648007
365044,0.015110777807421982
365046,0.021440123207867146
365050,0.03045560955069959
365051,0.08642256911844015
365054,0.0771585339680314
365055,0.042122376849874854
365064,0.0665017394348979
365069,0.07401220500469208
365092,0.01792257756460458
365102,0.2107794899493456
365109,0.017339805839583278
365110,0.05613107653334737
365117,0.010242920194286853
365120,0.09300015727058053
365128,0.09130600979551673
365131,0.2009058529511094
365136,0.035443177446722984
365151,0.05267635127529502
365153,0.05384346330538392
365154,0.022002932149916887
365160,0.01687626208877191
365166,0.045234661316499114
365171,0.012952594610396773
365181,0.08944621589034796
365194,0.09653458464890718
365210,0.06277197320014238
365221,0.06984401121735573
365234,0.020203614491038024
365252,0.036312481155619025
365254,0.2246011234819889
365264,0.03637618641369045
365276,0.022219540318474174
365282,0.01216988149099052
365284,0.09791368385776877
365290,0.008564614981878549
365317,0.021228367229923606
365329,0.06565718399360776
365353,0.05949547467753291
365356,0.038349553709849715
365358,0.0718916361220181
365374,0.06496151490136981
365392,0.01395897928159684
365396,0.020805353298783302
365408,0.06750846607610583
365412,0.02023655199445784
365429,0.017586085479706526
365431,0.10440503153949976
365435,0.06898805592209101
365439,0.02990833332296461
365473,0.17403480131179094
365476,0.040934122167527676
365486,0.05469199945218861
365497,0.030232279328629375
365518,0.15334389824420214
365519,0.04793231189250946
365520,0.10245191771537066
365523,0.024165648967027664
365531,0.08401595847681165
365532,0.019609178765676916
365534,0.03313397569581866
365544,0.07143887644633651
365552,0.03013406228274107
365564,0.02843065303750336
365569,0.02133084286469966
365570,0.08967224461957812
365575,0.18887232802808285
365576,0.05457568704150617
365585,0.07729287398979068
365595,0.022343637188896537
365612,0.05806847661733627
365613,0.15633426420390606
365624,0.04390096291899681
365631,0.04476802656427026
365634,0.01033515075687319
365643,0.025455496972426772
365644,0.17450888082385063
365663,0.11494300421327353
365666,0.11343903094530106
365672,0.061874324921518564
365676,0.07714985124766827
365680,0.012769762892276049
365696,0.07221640460193157
365699,0.1752631226554513
365706,0.006523608753923327
365707,0.02200375939719379
365711,0.04067973350174725
365716,0.008793465327471495
365717,0.012022568233078346
365718,0.0074559737695381045
365757,0.00760275503853336
365770,0.10102858580648899
365776,0.041212469106540084
365781,0.21809624880552292
365784,0.015477337408810854
365787,0.026167202624492347
365805,0.02856541017536074
365820,0.012821172655094415
365831,0.026352554094046354
365836,0.21048239059746265
365837,0.09966037515550852
365859,0.6921754814684391
365861,0.019805129384621978
365863,0.03787940600886941
365872,0.13429955951869488
365877,0.02675872459076345
365882,0.07422476541250944
365893,0.15672214794903994
365894,0.12605530116707087
365900,0.05439665261656046
365910,0.011648766172584146
365913,0.05758051620796323
365916,0.029648817609995604
365923,0.1785475267097354
365946,0.3627704717218876
365948,0.08436105074360967
365951,0.02519193268381059
365965,0.1920940736308694
365966,0.038176507921889424
365975,0.055330464616417885
365979,0.2983559984713793
365989,0.0838454277254641
365991,0.07702866895124316
365992,0.044791408348828554
366001,0.09146882221102715
366010,0.08697564480826259
366013,0.17858732864260674
366028,0.030265862122178078
366036,0.011528670904226601
366038,0.030404969351366162
366044,0.023469633888453245
366048,0.24975588731467724
366060,0.02064410748425871
366067,0.1623260024935007
366071,0.14992057159543037
366078,0.06402224767953157
366081,0.021883802604861557
366082,0.10862463107332587
366093,0.08453732170164585
366099,0.01064852363197133
366103,0.011445238371379673
366105,0.03452285414095968
366111,0.04919765517115593
366112,0.03939586807973683
366125,0.03380064386874437
366144,0.1349220247939229
366147,0.0499480648431927
366149,0.19051558058708906
366166,0.018952114041894674
366168,0.12091423571109772
366173,0.04045415669679642
366178,0.019804226234555244
366180,0.1603042669594288
366209,0.006118420016719028
366213,0.12879785243421793
366214,0.18276451528072357
366215,0.04970620828680694
366220,0.0644300957210362
366226,0.014658356492873281
366230,0.16609328240156174
366236,0.21093418262898922
366245,0.016973345016594976
366282,0.20910002291202545
366286,0.10269581619650126
366295,0.04514877451583743
366296,0.02627797401510179
366297,0.21842642314732075
366300,0.032491421326994896
366303,0.02581497293431312
366307,0.1372113861143589
366314,0.07873565796762705
366320,0.012078252562787384
366321,0.020012723398394883
366327,0.007470615557394922
366330,0.03907877276651561
366332,0.12809984479099512
366334,0.008948211296228692
366341,0.02078910975251347
366363,0.013465290889143944
366367,0.12547614332288504
366369,0.09327001916244626
366382,0.018553074914962053
366394,0.08959211548790336
366396,0.013773646845947951
366398,0.09621649654582143
366406,0.10740478103980422
366414,0.014695137040689588
366417,0.09258796973153949
366419,0.04533925233408809
366422,0.046585788717493415
366436,0.007324935402721167
366442,0.1461067469790578
366451,0.2189756315201521
366455,0.03031319589354098
366458,0.07760015688836575
366460,0.028578712255693972
366466,0.05188074824400246
366473,0.06720181228592992
366502,0.03438055096194148
366505,0.3652687594294548
366526,0.2022174894809723
366530,0.2184975016862154
366532,0.018062331364490092
366539,0.009978280868381262
366541,0.027413447969593108
366542,0.021751156076788902
366553,0.02235334599390626
366571,0.057394423987716436
366582,0.011617536016274244
366583,0.06974724726751447
366589,0.15428244695067406
366595,0.10003031278029084
366606,0.035608296166174114
366611,0.06040261127054691
366613,0.2317459899932146
366615,0.1021098056808114
366616,0.3460093252360821
366624,0.07722944719716907
366632,0.020638873800635338
366649,0.009562885097693652
366650,0.0958564761094749
366657,0.02214254520367831
366664,0.05608045123517513
366666,0.019077331176958978
366674,0.1945420689880848
366676,0.019176020636223257
366677,0.011601419537328184
366688,0.02768662478774786
366689,0.05417835433036089
366693,0.03008226933889091
366696,0.06474571488797665
366698,0.06779003515839577
366700,0.01393488812027499
366703,0.16266283299773932
366709,0.031092318473383784
366711,0.01010449358727783
366725,0.01841877691913396
366741,0.02758840168826282
366742,0.0086053874110803
366747,0.014570691855624318
366750,0.027588742086663842
366754,0.03784919553436339
366762,0.020021409611217678
366774,0.08412462519481778
366781,0.0116342933033593
366784,0.010369248280767351
366789,0.014983918925281614
366790,0.09972226247191429
366797,0.03263739636167884
366806,0.014006996876560152
366820,0.02450612501706928
366845,0.126920017413795
366858,0.11722569726407528
366860,0.03467340022325516
366874,0.035412536934018135
366876,0.1653126496821642
366879,0.010679965140298009
366884,0.059864400420337915
366886,0.019458556780591607
366905,0.17216524202376604
366908,0.12123360577970743
366909,0.1575933089479804
366917,0.026966077275574207
366921,0.11363814305514097
366927,0.032511194702237844
366936,0.018303321790881455
366952,0.03515881532803178
366962,0.14233008492738008
366964,0.07334233215078712
366965,0.021137267933227122
366981,0.016292291111312807
366988,0.024605528335087
366992,0.04883642471395433
366998,0.10529908072203398
366999,0.038128237472847104
367017,0.010990166454575956
367023,0.08308418979868293
367024,0.012784851714968681
367025,0.12108127120882273
367037,0.06991038052365184
367040,0.17713764775544405
367043,0.03754190634936094
367052,0.013764338451437652
367056,0.026153803220950067
367064,0.11681217513978481
367075,0.05057615274563432
367089,0.06733967736363411
367098,0.03578630485571921
367119,0.030766713665798306
367124,0.15707604680210352
367134,0.19220149517059326
367136,0.01719094708096236
367138,0.022977208136580884
367153,0.044475313974544406
367158,0.07485057832673192
367169,0.02998473239131272
367179,0.021051380084827542
367180,0.04762974474579096
367212,0.06371085322462022
367216,0.18189715780317783
367217,0.007448310119798407
367220,0.007774388534016907
367224,0.019295470672659576
367241,0.0486384064424783
367245,0.05822356464341283
367256,0.06087104184553027
367266,0.013589175534434617
367283,0.015602425206452608
367290,0.05581582058221102
367295,0.023213612264953554
367310,0.022276042494922876
367315,0.13792768213897943
367322,0.061878133565187454
367332,0.020460946136154234
367338,0.15131762251257896
367347,0.15705542359501123
367381,0.13826156221330166
367383,0.046487415209412575
367386,0.08184302086010575
367392,0.0072143579891417176
367399,0.14911793358623981
367411,0.027246434474363923
367414,0.0058866933977697045
367436,0.02837345260195434
367439,0.020137875573709607
367440,0.08781008701771498
367465,0.10846153646707535
367466,0.11397897638380527
367478,0.1917736977338791
367479,0.06593746086582541
367481,0.03923655557446182
367505,0.09954778011888266
367515,0.023440732853487134
367516,0.05069986474700272
367526,0.2309472355991602
367527,0.05142471520230174
367533,0.11178505700081587
367535,0.15983720775693655
367545,0.12811537738889456
367546,0.010345654794946313
367547,0.1588060688227415
367555,0.0337015176191926
367557,0.07061477331444621
367558,0.0519155350048095
367573,0.020486539346165955
367580,0.1704847738146782
367581,0.009713304636534303
367582,0.12860042601823807
367588,0.020827118190936744
367601,0.028814232908189297
367617,0.01597600767854601
367624,0.04715704615227878
367626,0.07852510642260313
367632,0.0956132817082107
367651,0.014245076046790928
367663,0.008475091715808958
367674,0.030906458850950003
367677,0.24648744240403175
367678,0.03970053233206272
367691,0.026145385461859405
367698,0.010796964168548584
367710,0.03211909509263933
367712,0.07363112736493349
367727,0.15507457964122295
367739,0.08490702789276838
367740,0.0604701922275126
367746,0.025362325832247734
367759,0.013587458641268313
367770,0.07601570105180144
367780,0.05601919675245881
367783,0.10232417471706867
367787,0.04470223863609135
367791,0.1986945904791355
367797,0.05421781889162958
367799,0.08565932419151068
367811,0.009501979337073863
367817,0.018334083608351648
367827,0.030326598323881626
367829,0.04971710033714771
367830,0.26980336755514145
367837,0.18967105075716972
367843,0.007031904999166727
367847,0.01609325420577079
367849,0.1486954130232334
367854,0.018548065912909806
367855,0.05174679076299071
367862,0.019240485096815974
367863,0.07492457563057542
367868,0.0578591984231025
367873,0.2708797175437212
367879,0.07240451127290726
367889,0.21681993082165718
367890,0.2608559299260378
367892,0.0111288569169119
367893,0.02146335074212402
367895,0.010613657417707145
367896,0.00849619199289009
367898,0.021897195954807103
367903,0.02396906679496169
367906,0.07302286894991994
367919,0.01783008244819939
367927,0.03170701768249273
367931,0.1770979892462492
367935,0.07072997186332941
367945,0.018768225912936032
367947,0.21654988080263138
367952,0.1000312608666718
367958,0.01741883554495871
367971,0.018995087943039834
367975,0.4129849635064602
367983,0.143426900729537
367994,0.022047925274819136
367998,0.07157172029837966
367999,0.012860882619861513
368005,0.039192246505990624
368029,0.06927709328010678
368034,0.009535492165014148
368036,0.1274066250771284
368041,0.00647308726911433
368064,0.010837890673428774
368066,0.006628173607168719
368079,0.13911429606378078
368082,0.004453728761291131
368090,0.14930121414363384
368092,0.03503135987557471
368097,0.015524939983151853
368107,0.23370321467518806
368127,0.18543117865920067
368129,0.12792273610830307
368134,0.10237068077549338
368150,0.04348094528540969
368166,0.0872372705489397
368172,0.01367440220201388
368179,0.012292045634239912
368185,0.04304329724982381
368193,0.03159832442179322
368207,0.09640333103016019
368251,0.058474932331591845
368253,0.05944861099123955
368256,0.19820954464375973
368257,0.022397940745577216
368263,0.017347712418995798
368271,0.13973082322627306
368273,0.013348564389161766
368279,0.016861653479281813
368281,0.1984997857362032
368282,0.06889320025220513
368288,0.1020391657948494
368303,0.018579118885099888
368315,0.0476669711060822
368323,0.008155457209795713
368324,0.00507295347051695
368326,0.033337675500661135
368334,0.07213891064748168
368337,0.01500715280417353
368351,0.10234109219163656
368353,0.18298150226473808
368358,0.11588256619870663
368389,0.013000090897548944
368392,0.1123139071278274
368393,0.02946379699278623
368415,0.08687535300850868
368424,0.031106414971873164
368436,0.009471817058511078
368448,0.0164908868027851
368456,0.01566007232759148
368457,0.006674821663182229
368465,0.07457511313259602
368484,0.0931953857652843
368485,0.24634810350835323
368487,0.04414197034202516
368489,0.02914429223164916
368493,0.06516119511798024
368509,0.05575237702578306
368513,0.150028670206666
368523,0.09053984703496099
368530,0.01571975729893893
368539,0.0726398415863514
368543,0.1755729904398322
368544,0.022437523235566914
368557,0.11974536534398794
368561,0.017514999606646597
368577,0.025071443989872932
368579,0.007821299484930933
368580,0.21950616501271725
368583,0.018054426996968687
368589,0.016250917222350836
368594,0.020638983696699142
368598,0.008427404565736651
368621,0.05571087542921305
368622,0.18220491148531437
368627,0.00849574146559462
368628,0.03447596915066242
368633,0.3339889496564865
368638,0.09990113973617554
368645,0.07935954490676522
368646,0.2330764029175043
368652,0.04078757483512163
368659,0.055671893525868654
368672,0.27067198790609837
368679,0.03739888616837561
368683,0.19135152734816074
368697,0.03161364304833114
368702,0.20475934445858002
368707,0.03727555274963379
368715,0.17396359983831644
368740,0.022943270159885287
368754,0.027564558433368802
368765,0.043337996350601315
368770,0.08458561031147838
368777,0.2009530235081911
368780,0.29145242646336555
368782,0.13699266966432333
368784,0.10972514655441046
368790,0.08033090643584728
368792,0.00926259852712974
368793,0.06289582652971148
368811,0.018566676939371973
368816,0.02288004627916962
368819,0.15391372330486774
368843,0.015219183580484241
368853,0.02325704344548285
368857,0.030600938946008682
368858,0.22012502886354923
368887,0.09716601017862558
368898,0.021252090926282108
368909,0.07353694038465619
368919,0.0038957064680289477
368930,0.06836665002629161
368944,0.06464069290086627
368949,0.04721251060254872
368953,0.04260402056388557
368956,0.0391260574106127
368959,0.057665140368044376
368968,0.03996353014372289
368971,0.014013385050930083
368974,0.058313839603215456
368975,0.016135224606841803
368983,0.016405670787207782
368991,0.05141407228074968
368994,0.021986859617754817
369001,0.17316001374274492
369004,0.05532763549126685
369016,0.008037183433771133
369030,0.017883719177916646
369047,0.015104122809134424
369055,0.17306671384721994
369067,0.03136995295062661
369068,0.05157955246977508
369096,0.13276700302958488
369103,0.06437800358980894
369105,0.03201162721961737
369107,0.4190790466964245
369109,0.04591246880590916
369130,0.03477512556128204
369133,0.009685908298706636
369144,0.01172762643545866
369150,0.018676677253097296
369152,0.057809337275102735
369156,0.032843456603586674
369180,0.03721678792499006
369183,0.07194200810045004
369184,0.5018004477024078
369186,0.08124578092247248
369187,0.03106260346248746
369200,0.019758805516175926
369201,0.026717993314377964
369220,0.055713575799018145
369223,0.015759182744659483
369233,0.03243797249160707
369240,0.14723563939332962
369254,0.04935274971649051
369264,0.18036973662674427
369266,0.11612609401345253
369272,0.0984541024081409
369283,0.021740584284998477
369295,0.06475150934420526
369300,0.012017907458357513
369302,0.009752341720741242
369305,0.12777405604720116
369322,0.020444817026145756
369334,0.17210208531469107
369350,0.02299602411221713
369355,0.11263990495353937
369361,0.06084315571933985
369367,0.009229928546119481
369371,0.024827951099723577
369373,0.32647628150880337
369375,0.17643930297344923
369385,0.015852107550017536
369394,0.07958047417923808
369398,0.027884165523573756
369408,0.04685906902886927
369413,0.11748443357646465
369419,0.06955154659226537
369424,0.06080409046262503
369439,0.02960435627028346
369466,0.08599706459790468
369482,0.029993010917678475
369494,0.029327772092074156
369504,0.010040381632279605
369512,0.15246796142309904
369528,0.031343752751126885
369531,0.030706526711583138
369540,0.025654561235569417
369547,0.009957954753190279
369565,0.01590469479560852
369569,0.037873922381550074
369581,0.11065637040883303
369583,0.06615076772868633
369593,0.0794154042378068
369601,0.03443572297692299
369608,0.01252346794353798
369612,0.13705963362008333
369615,0.08416645135730505
369621,0.142582050524652
369636,0.008143924584146589
369648,0.08244974678382277
369649,0.2837028931826353
369651,0.021724610473029315
369659,0.02094811899587512
369666,0.02245474304072559
369684,0.07000446412712336
369686,0.25585081428289413
369698,0.18885788321495056
369701,0.05489732837304473
369712,0.01442227407824248
369717,0.0067825120058842
369722,0.011414452164899558
369732,0.1990732755511999
369740,0.32968973368406296
369751,0.07705532759428024
369755,0.010202029603533447
369757,0.02364722336642444
369761,0.14916354231536388
369767,0.05665979930199683
369782,0.05199131718836725
369788,0.049573684111237526
369790,0.02926839143037796
369791,0.014286948717199266
369792,0.029564675642177463
369803,0.03372751106508076
369812,0.01592543482547626
369813,0.24093424528837204
369827,0.05515262112021446
369835,0.08660462824627757
369838,0.011015511583536863
369839,0.05413859197869897
369843,0.03932282770983875
369846,0.04636598099023104
369860,0.006912984419614077
369870,0.07633981527760625
369871,0.3880860451608896
369872,0.05251546623185277
369884,0.04776920331642032
369893,0.08998653013259172
369901,0.08890464575961232
369904,0.050519984448328614
369908,0.1480539795011282
369910,0.030264857225120068
369911,0.10818034736439586
369919,0.05171602056361735
369920,0.05026618484407663
369921,0.012224040052387863
369931,0.12352473009377718
369935,0.02975014189723879
369936,0.0923849968239665
369948,0.054130834992975
369953,0.038602431770414114
369955,0.08986871782690287
369961,0.05266785086132586
369964,0.035736504243686795
369967,0.13447647728025913
369971,0.1957835853099823
369983,0.015383158868644387
369993,0.050666905008256435
369995,0.08727376582100987
370012,0.04630143172107637
370022,0.051576689817011356
370023,0.03485715831629932
370027,0.11487323138862848
370030,0.1626211702823639
370033,0.22539702989161015
370037,0.18797406181693077
370051,0.007712025777436793
370055,0.023004570743069053
370077,0.012099083687644452
370088,0.02103897975757718
370091,0.006436079333070666
370114,0.0103799361968413
370117,0.18073084484785795
370120,0.14193862583488226
370122,0.03182789729908109
370128,0.1430449401959777
370135,0.13011606130748987
370144,0.016607169061899185
370146,0.048351322300732136
370148,0.060122044291347265
370150,0.019012095988728106
370155,0.020537809235975146
370164,0.016096686595119536
370179,0.016632280312478542
370188,0.037137814331799746
370190,0.005480005987919867
370199,0.047896385891363025
370203,0.14954281505197287
370213,0.03961856244131923
370216,0.021687160478904843
370219,0.009231856791302562
370220,0.17500601336359978
370224,0.01934878039173782
370230,0.019595146062783897
370254,0.12365870736539364
370255,0.025038843974471092
370265,0.15633001923561096
370273,0.009984127478674054
370288,0.01741706905886531
370295,0.08375726127997041
370297,0.0611620768904686
370319,0.04485080321319401
370323,0.01038046891335398
370329,0.027812008280307055
370330,0.04430330987088382
370333,0.12088199332356453
370346,0.12392873968929052
370354,0.11496612709015608
370355,0.006198446892085485
370358,0.12080867309123278
370362,0.005170211326912977
370373,0.0257677985355258
370376,0.028364776633679867
370379,0.005384166754083708
370380,0.004845516144996509
370386,0.028026657178997993
370392,0.004291399614885449
370411,0.009896423143800348
370416,0.007686136174015701
370432,0.0170721176546067
370439,0.03241641167551279
370440,0.012162275204900652
370445,0.025595893035642803
370446,0.014524301397614181
370455,0.09240053500980139
370473,0.023956581950187683
370474,0.03172777919098735
370475,0.01423902268288657
370482,0.13869452942162752
370489,0.06240733084268868
370512,0.01839354424737394
370518,0.15083836019039154
370522,0.10054281866177917
370533,0.018254550057463348
370538,0.10533064603805542
370551,0.03747665067203343
370552,0.13651401363313198
370556,0.053678961005061865
370566,0.013051001587882638
370568,0.12999084498733282
370573,0.14526138361543417
370575,0.0466564258094877
370578,0.016031075036153197
370582,0.03755315579473972
370596,0.01056785334367305
370597,0.01582811528351158
370599,0.03851710422895849
370602,0.09837805386632681
370609,0.02406663727015257
370632,0.019016822800040245
370634,0.32106439024209976
370646,0.0197372161783278
370666,0.15395799558609724
370670,0.008865313255228102
370672,0.011237986327614635
370675,0.015825750189833343
370676,0.13215622771531343
370682,0.034686905331909657
370685,0.05722663947381079
370697,0.01579708361532539
370699,0.04794655879959464
370701,0.033972476376220584
370711,0.28074180521070957
370719,0.11960175074636936
370728,0.01735458185430616
370731,0.36702853068709373
370735,0.02664119703695178
370749,0.06249772198498249
370753,0.04037779034115374
370757,0.0434316189493984
370763,0.05581909837201238
370770,0.11263051070272923
370779,0.07452715840190649
370794,0.014022199728060514
370805,0.033118664752691984
370806,0.05583453644067049
370808,0.04611725895665586
370814,0.03645776375196874
370827,0.0728127877227962
370833,0.0847129519097507
370844,0.0913548725657165
370845,0.03961303597316146
370850,0.18750762846320868
370853,0.02135437575634569
370856,0.01049097190843895
370858,0.04284984152764082
370862,0.08103615883737803
370866,0.1925711054354906
370874,0.17305705603212118
370876,0.017547841533087194
370878,0.11864269431680441
370881,0.020368017139844596
370882,0.08251210721209645
370884,0.06438559200614691
370887,0.03788850991986692
370904,0.21450654603540897
370905,0.028527621179819107
370913,0.08097915071994066
370915,0.05312255141325295
370921,0.17388275172561407
370922,0.06331417756155133
370932,0.10153515357524157
370939,0.087822909001261
370953,0.017913624295033514
370964,0.06774325808510184
370968,0.0488729786593467
370969,0.04631305206567049
370972,0.06321501196362078
370978,0.012376735510770231
371000,0.04394324542954564
371001,0.28597485087811947
371013,0.04293787688948214
371053,0.06386406673118472
371059,0.0807744418270886
371060,0.024408877827227116
371065,0.04814199055545032
371069,0.06289166770875454
371073,0.20022348873317242
371084,0.29616612009704113
371085,0.0623136255890131
371088,0.07735185837373137
371099,0.04310109559446573
371115,0.007393712701741606
371118,0.2027224488556385
371127,0.11185773788020015
371132,0.15340413246303797
371136,0.0760399498976767
371139,0.13121811766177416
371152,0.10632877051830292
371161,0.042374036740511656
371162,0.05039910948835313
371174,0.01810138381551951
371176,0.09744358528405428
371182,0.0186462989076972
371185,0.04704854218289256
371193,0.04607505491003394
371197,0.03057820606045425
371198,0.023773039923980832
371202,0.031952921068295836
371207,0.11855167709290981
371211,0.1226536831818521
371242,0.024322417797520757
371243,0.07780408579856157
371244,0.01469795301090926
371255,0.05333187454380095
371258,0.020526126259937882
371259,0.12211707886308432
371265,0.014847898040898144
371274,0.16522109042853117
371275,0.2507288530468941
371288,0.0369079178199172
371291,0.16832054778933525
371295,0.1970563568174839
371314,0.042670698603615165
371322,0.058595707174390554
371323,0.12561369314789772
371328,0.07926663197577
371332,0.027607940253801644
371333,0.26855045929551125
371335,0.006989618996158242
371342,0.01318930130219087
371350,0.03701897384598851
371357,0.06728888023644686
371365,0.009796001366339624
371383,0.22459184005856514
371384,0.08338098507374525
371385,0.047065287129953504
371393,0.11491766478866339
371394,0.06545701809227467
371397,0.03202169411815703
371417,0.08836738066747785
371431,0.02047463960479945
371433,0.08026770455762744
371437,0.003628839796874672
371439,0.21271789632737637
371445,0.026932310545817018
371452,0.0745101971551776
371457,0.021505209850147367
371469,0.034627547953277826
371470,0.031797362957149744
371477,0.016895447741262615
371500,0.056172098964452744
371504,0.04248439543880522
371508,0.05109275528229773
371514,0.018122644163668156
371518,0.11041499394923449
371520,0.026394608663395047
371521,0.0688226050697267
371522,0.027820511255413294
371525,0.005224314852966927
371530,0.07803392736241221
371532,0.014990147261414677
371548,0.10884669050574303
371561,0.027165969368070364
371566,0.25439765118062496
371568,0.030110838124528527
371571,0.03625577478669584
371573,0.027746104169636965
371577,0.12609090190380812
371587,0.17470869794487953
371592,0.20695533603429794
371593,0.4428786560893059
371595,0.03825555415824056
371603,0.048781869700178504
371614,0.024924544617533684
371616,0.020358985173515975
371619,0.07581268297508359
371627,0.3241943512111902
371641,0.04345036786980927
371657,0.011213152611162513
371664,0.021660330123268068
371693,0.024129688506945968
371698,0.015964554389938712
371700,0.013041752274148166
371707,0.02287691948004067
371710,0.058208851143717766
371715,0.15352033451199532
371722,0.022102978895418346
371731,0.027621201006695628
371741,0.050937128253281116
371744,0.09287907462567091
371753,0.018516935990191996
371755,0.018270364264026284
371760,0.013622050872072577
371773,0.05971415573731065
371797,0.012045040784869343
371807,0.1754290098324418
371809,0.015733701176941395
371811,0.021947589237242937
371815,0.06524475431069732
371822,0.021517862915061414
371824,0.20420656725764275
371828,0.04268598021008074
371835,0.006102653685957193
371837,0.019614117220044136
371840,0.16119635850191116
371849,0.013077815936412662
371857,0.007905405334895477
371860,0.20763461478054523
371862,0.019783542142249644
371875,0.024367608479224145
371896,0.1227518878877163
371898,0.07253173645585775
371901,0.20272445492446423
371903,0.027440119883976877
371908,0.006746141327312216
371910,0.015481657173950225
371944,0.09551052749156952
371947,0.016112763434648514
371955,0.13435867335647345
371963,0.10432246793061495
371972,0.08355678617954254
371973,0.05206888332031667
371978,0.031784558435902
371980,0.018777704099193215
371988,0.016790848574601114
372020,0.09237157180905342
372043,0.27959800139069557
372060,0.14653204288333654
372070,0.018379571032710373
372082,0.017042624996975064
372085,0.047297104028984904
372090,0.07632934302091599
372091,0.23613989539444447
372112,0.04048113478347659
372115,0.05435223039239645
372132,0.015695856418460608
372134,0.2626898866146803
372136,0.05353368609212339
372142,0.029666275484487414
372145,0.11168661341071129
372146,0.09445346985012293
372159,0.016266194405034184
372172,0.0363008389249444
372179,0.09880161052569747
372183,0.04244065168313682
372184,0.01353762939106673
372192,0.0071308204205706716
372234,0.03937037894502282
372239,0.12896502949297428
372244,0.004854718441492878
372268,0.04884345410391688
372287,0.04676992539316416
372289,0.08999525895342231
372292,0.012409806600771844
372301,0.026920377276837826
372315,0.073650186881423
372316,0.22080475464463234
372328,0.08352698618546128
372337,0.024795568315312266
372347,0.18970752879977226
372350,0.1863851249217987
372381,0.015144775854423642
372382,0.1424986058846116
372384,0.056157832499593496
372393,0.026255200617015362
372398,0.11103933583945036
372399,0.02298809343483299
372400,0.020422838628292084
372402,0.026063062599860132
372410,0.038137492490932345
372415,0.042393602430820465
372425,0.03197077312506735
372428,0.057961375918239355
372430,0.03786406642757356
372431,0.02466020139399916
372449,0.030649938387796283
372452,0.07329289987683296
372453,0.033703916473314166
372460,0.15739753749221563
372463,0.16113141272217035
372471,0.06153534911572933
372484,0.053488422418013215
372486,0.06947833998128772
372489,0.08920759847387671
372506,0.120414474979043
372513,0.010541163792368025
372527,0.14845240116119385
372568,0.19304791279137135
372596,0.03206583927385509
372606,0.004582568406476639
372617,0.023569999961182475
372618,0.02938426414038986
372622,0.03655258403159678
372624,0.056310891872271895
372633,0.02706647536251694
372637,0.03935471107251942
372643,0.044350104639306664
372644,0.020849174936302006
372656,0.036333724623546004
372662,0.027028611744754016
372664,0.07314332900568843
372666,0.03129262011498213
372672,0.07402075873687863
372674,0.03868654230609536
372693,0.04654762474820018
372704,0.047944989521056414
372719,0.10023586731404066
372727,0.02957056532613933
372740,0.0789958480745554
372745,0.022227941546589136
372753,0.06610397947952151
372762,0.010857876855880022
372764,0.0836053560487926
372771,0.0743235400877893
372772,0.157317909412086
372789,0.12170053366571665
372793,0.09845004230737686
372799,0.009602943668141961
372806,0.30779464915394783
372809,0.04717784281820059
372829,0.09590020449832082
372848,0.010375069512519985
372850,0.05640361667610705
372853,0.08027294790372252
372854,0.04360433458350599
372858,0.049609015230089426
372861,0.015298587328288704
372863,0.08710456686094403
372876,0.030628484673798084
372878,0.020878335926681757
372893,0.12474814523011446
372894,0.03619999764487147
372911,0.05014765192754567
372912,0.055289979092776775
372924,0.09869285253807902
372942,0.18777726031839848
372946,0.37976247258484364
372955,0.045314921298995614
372956,0.0660298892762512
372957,0.10284333862364292
372984,0.09183793514966965
372993,0.07221777271479368
372995,0.2980602737516165
372997,0.046955041121691465
373014,0.030919899931177497
373018,0.11269595101475716
373022,0.07138903439044952
373023,0.010368288436438888
373029,0.01916129025630653
373063,0.02694571833126247
373071,0.08051602728664875
373075,0.090782614890486
373088,0.07279024180024862
373089,0.04715405427850783
373098,0.10313213150948286
373101,0.060295360162854195
373112,0.019429510342888534
373114,0.04100136528722942
373118,0.1179398288950324
373120,0.3157374691218138
373121,0.018002601223997772
373122,0.03850083122961223
373138,0.06579347467049956
373145,0.025239496724680066
373153,0.010168813518248498
373154,0.043461685068905354
373155,0.037120411871001124
373159,0.1695401407778263
373167,0.020259905024431646
373190,0.010255829256493598
373195,0.10530305374413729
373202,0.026174040394835174
373205,0.051514875842258334
373209,0.05753065645694733
373215,0.042716550873592496
373222,0.2205456718802452
373239,0.05454144813120365
373240,0.03279684786684811
373247,0.03582744742743671
373251,0.08992132358253002
373260,0.027230688836425543
373284,0.040523402858525515
373286,0.013467081647831947
373292,0.1768045937642455
373297,0.009242408559657633
373299,0.25684794411063194
373305,0.1000875411555171
373307,0.06822013342753053
373323,0.0073638012108858675
373327,0.01776483515277505
373328,0.03007492679171264
373363,0.03717108559794724
373390,0.012023906572721899
373396,0.006151710520498455
373407,0.08375838864594698
373413,0.11222102353349328
373437,0.12653016671538353
373445,0.02100069832522422
373448,0.03346769348718226
373458,0.07906806748360395
373464,0.03533533285371959
373472,0.30468758940696716
373474,0.045498336432501674
373475,0.10151379741728306
373480,0.027396857156418264
373484,0.17561355140060186
373491,0.1928614992648363
373493,0.15856659784913063
373504,0.026496332604438066
373537,0.13606750406324863
373542,0.21766149066388607
373545,0.04494265466928482
373554,0.022198575898073614
373559,0.3048319462686777
373560,0.012617960688658059
373562,0.023086139699444175
373565,0.05287886131554842
373573,0.08519651368260384
373577,0.06454602349549532
373591,0.05150715820491314
373592,0.07194447191432118
373596,0.016626974276732653
373598,0.13295589294284582
373600,0.05649570538662374
373605,0.014197974931448698
373607,0.014491041365545243
373616,0.029141316888853908
373618,0.014943096903152764
373624,0.006982638704357669
373630,0.1303648417815566
373631,0.0641310578212142
373634,0.03296066238544881
373646,0.02200205298140645
373651,0.11097477842122316
373669,0.15718141198158264
373682,0.04807981522753835
373716,0.04669727920554578
373751,0.2560573127120733
373756,0.2482966147363186
373757,0.005254796385997906
373767,0.025056033860892057
373778,0.023847636999562383
373780,0.010383077780716121
373781,0.09936349652707577
373796,0.17097586952149868
373801,0.033740373561158776
373805,0.08851590286940336
373811,0.016793287475593388
373815,0.01818593591451645
373820,0.048967114416882396
373833,0.0065343137830495834
373839,0.05505018006078899
373841,0.01129631872754544
373871,0.09968888247385621
373875,0.1863185614347458
373893,0.037370254285633564
373894,0.23066100291907787
373898,0.0544588107150048
373899,0.2767102550715208
373908,0.22684782184660435
373909,0.026054937741719186
373911,0.042821106035262346
373918,0.02167430578265339
373927,0.029626433504745364
373938,0.10021576285362244
373943,0.07287953700870275
373946,0.023870087461546063
373948,0.06518997251987457
373953,0.07029947033151984
373956,0.06741881975904107
373984,0.03268355200998485
373985,0.06651065917685628
373986,0.07084872014820576
374002,0.030269660986959934
374014,0.012096271966584027
374015,0.053216700442135334
374024,0.01965117547661066
374029,0.18051958456635475
374034,0.016806943924166262
374039,0.012566607038024813
374042,0.07355181826278567
374048,0.061670511960983276
374051,0.03515247628092766
374054,0.02580573468003422
374055,0.04743244219571352
374061,0.046759445453062654
374075,0.05362368421629071
374087,0.010195638460572809
374101,0.14982601813971996
374103,0.042800113558769226
374114,0.13277759868651628
374116,0.09895794093608856
374119,0.1077506635338068
374121,0.06652044272050261
374133,0.043756911531090736
374134,0.022023238358087838
374140,0.010088452720083296
374141,0.25617496855556965
374145,0.09840520936995745
374155,0.010202854464296252
374163,0.08235553978011012
374169,0.19114870764315128
374173,0.026632371707819402
374188,0.04026322299614549
374199,0.011665495519991964
374200,0.02648611378390342
374207,0.04931647679768503
374225,0.05063139973208308
374226,0.008871820173226297
374227,0.04313956876285374
374249,0.06352889817208052
374254,0.13120526261627674
374284,0.010847460944205523
374293,0.04128096764907241
374296,0.06439912086352706
374297,0.013653948612045497
374298,0.026894701179116964
374307,0.0325822529848665
374320,0.039772150572389364
374322,0.08223512349650264
374324,0.014058549830224365
374328,0.06974350288510323
374334,0.010283872485160828
374341,0.010156281932722777
374343,0.22109466791152954
374346,0.010743525344878435
374359,0.19217272568494081
374374,0.08089872635900974
374381,0.25133462250232697
374400,0.01579115679487586
374405,0.009286486194469035
374409,0.06618271907791495
374420,0.11087055783718824
374442,0.06072179786860943
374443,0.0680405986495316
374445,0.1252750982530415
374447,0.09163714619353414
374452,0.12167980894446373
374458,0.02216462721116841
374485,0.016181967686861753
374487,0.016538812778890133
374496,0.004680106416344643
374503,0.04641913785599172
374518,0.053357491036877036
374519,0.034506290685385466
374532,0.01208857708843425
374534,0.019134691916406155
374536,0.028268332011066377
374546,0.013550680479966104
374559,0.013142818643245846
374568,0.08177249971777201
374573,0.02616722311358899
374582,0.006331452343147248
374585,0.008021808578632772
374598,0.008905290975235403
374606,0.06486449064686894
374612,0.01728117128368467
374617,0.027592873433604836
374619,0.012878013891167939
374626,0.03337373421527445
374646,0.030821882421150804
374653,0.07098093442618847
374656,0.040203084237873554
374664,0.05602646921761334
374666,0.04731842176988721
374677,0.17842025682330132
374679,0.06296990625560284
374682,0.06714426353573799
374700,0.08883528085425496
374703,0.13469022512435913
374705,0.15138603374361992
374720,0.06967448838986456
374724,0.1626855805516243
374731,0.007261143124196678
374732,0.03446132526732981
374734,0.08329443028196692
374759,0.07456189440563321
374770,0.03244841285049915
374774,0.0223712963052094
374777,0.298766041174531
374788,0.038455950329080224
374796,0.116817282512784
374799,0.0719320671632886
374813,0.11347717326134443
374819,0.011057500436436385
374826,0.2466557864099741
374827,0.039217119105160236
374832,0.11912707984447479
374837,0.014647220668848604
374844,0.19354831520467997
374848,0.16490640211850405
374853,0.08328102063387632
374854,0.006507989310193807
374856,0.008646399423014373
374864,0.0931611661799252
374868,0.007549220521468669
374888,0.06590136280283332
374891,0.037579227006062865
374892,0.02184934203978628
374896,0.01289336901390925
374909,0.11761014442890882
374911,0.015515947190579027
374912,0.08667096495628357
374913,0.14680512994527817
374916,0.03198257414624095
374917,0.017747800622601062
374923,0.03934344300068915
374933,0.1489592520520091
374935,0.04491762816905975
374940,0.016018621739931405
374941,0.03402147348970175
374943,0.00916317937662825
374951,0.16317732632160187
374967,0.10577993653714657
374970,0.08159942366182804
374990,0.1531127244234085
374993,0.10182871576398611
374994,0.1220843093469739
375015,0.012418165104463696
375017,0.06866250140592456
375018,0.10901992861181498
375021,0.02268466493114829
375023,0.04738788865506649
375030,0.17870927695184946
375038,0.011230397096369416
375040,0.05225557531230152
375041,0.09489057725295424
375052,0.009022962476592511
375061,0.13777698017656803
375064,0.013329262379556894
375076,0.056030218955129385
375086,0.16835986450314522
375109,0.12389771174639463
375118,0.06171937519684434
375133,0.028236042009666562
375140,0.11037141364067793
375156,0.11502248048782349
375168,0.06526248808950186
375170,0.08610759442672133
375182,0.04127903841435909
375187,0.16229022294282913
375188,0.05919167841784656
375197,0.0373124280013144
375201,0.013991883548442274
375204,0.19343493320047855
375216,0.1183273671194911
375225,0.003581197583116591
375231,0.0031654838676331565
375234,0.003294985828688368
375241,0.03587369341403246
375242,0.14625612925738096
375244,0.030775645631365478
375246,0.039669990073889494
375257,0.043190617579966784
375290,0.01167957269353792
375292,0.01433124381583184
375293,0.07176556950435042
375295,0.04008606355637312
375296,0.014042367576621473
375300,0.08335889736190438
375322,0.10205047857016325
375332,0.0808306485414505
375338,0.04442399111576378
375342,0.021820048219524324
375365,0.025117248529568315
375367,0.1219429112970829
375384,0.13399670086801052
375418,0.004800311755388975
375464,0.12649329286068678
375477,0.024717179127037525
375485,0.11087312269955873
375496,0.023292848956771195
375534,0.036514843348413706
375544,0.039879688527435064
375556,0.23163568787276745
375588,0.011454613646492362
375589,0.007106759148882702
375594,0.19497274793684483
375629,0.03127725364174694
375649,0.06100553972646594
375654,0.13013370893895626
375696,0.06287380727007985
375758,0.03920478350482881
375795,0.2518194895237684
375843,0.008878212072886527
375844,0.020338118309155107
375853,0.1730577452108264
375878,0.020211280789226294
375879,0.04456788906827569
375883,0.04425117769278586
375887,0.06334904278628528
375929,0.02475487196352333
375934,0.06391901918686926
375936,0.10059305746108294
375937,0.03451966238208115
375948,0.13240256253629923
375951,0.01819365262053907
375953,0.04618447250686586
375964,0.06295645050704479
375969,0.02281497069634497
375970,0.05600887513719499
375973,0.2448651511222124
375976,0.03327557072043419
375997,0.038590977201238275
376000,0.006230962331756018
376011,0.09011006914079189
376019,0.016732972697354853
376035,0.018078716355375946
376036,0.13717436790466309
376041,0.04635878116823733
376042,0.042764978017657995
376045,0.013721478637307882
376047,0.17179107293486595
376060,0.017599313985556364
376061,0.05120731913484633
376067,0.11568711046129465
376068,0.24992297403514385
376070,0.05083990143612027
376074,0.010007356380810961
376075,0.0363374010194093
376076,0.07052173838019371
376078,0.04403828107751906
376080,0.03262612735852599
376081,0.017795393359847367
376082,0.015283171902410686
376083,0.2246853969991207
376084,0.1464503612369299
376086,0.03661762154661119
376087,0.014126328867860138
376088,0.017644599196501076
376089,0.06485235877335072
376090,0.14728731755167246
376091,0.08644890645518899
376092,0.042663436848670244
376093,0.13548529520630836
376094,0.06619845377281308
376095,0.14268960617482662
376096,0.12763667851686478
376097,0.05819943407550454
376098,0.09648810466751456
376206,0.004772479529492557
376209,0.12473623966798186
376225,0.011456948122940958
376239,0.014879724476486444
376247,0.21391420252621174
376248,0.031024061609059572
376252,0.018453982775099576
376257,0.1418029135093093
376273,0.018720734398812056
376274,0.046563778538256884
376275,0.005724936432670802
376279,0.0596781587228179
376283,0.06481071561574936
376284,0.031333364895544946
376288,0.020469266222789884
376289,0.06545404018834233
376292,0.0291417152620852
376298,0.10932785179466009
376301,0.01952976151369512
376311,0.0586242126300931
376312,0.15783926658332348
376313,0.033152282470837235
376316,0.037786964094266295
376317,0.023657084675505757
376319,0.04766386793926358
376320,0.07254882482811809
376321,0.08840840496122837
376322,0.05255217244848609
376325,0.14463000930845737
376326,0.04780844645574689
376328,0.01976749033201486
376329,0.07817038428038359
376330,0.03091975999996066
376332,0.022822773433290422
376334,0.04993520025163889
376335,0.042842498514801264
376336,0.22166297398507595
376337,0.22440596856176853
376338,0.19076481647789478
376339,0.05484077078290284
376340,0.14228083100169897
376341,0.1380612412467599
376343,0.05512230098247528
376344,0.05243492056615651
376345,0.023663680534809828
376346,0.04800063697621226
376347,0.22185388952493668
376348,0.04848117381334305
376349,0.13761189114302397
376350,0.04002566495910287
376351,0.02936029911506921
376352,0.0129504335927777
376353,0.015891884570010006
376354,0.02801981649827212
376355,0.013173022016417235
376356,0.1310548149049282
376357,0.005555163836106658
376360,0.0668520680628717
376445,0.04179716482758522
376447,0.018405007082037628
376449,0.025815882836468518
376470,0.012793078320100904
376483,0.048943429719656706
376484,0.023770140309352428
376486,0.03427808394189924
376487,0.032595227705314755
376488,0.07998164277523756
376491,0.2366992961615324
376492,0.029013460036367178
376494,0.089056515134871
376495,0.11111757159233093
376496,0.10421666549518704
376497,0.12261735554784536
376498,0.005153224163223058
376502,0.026202866109088063
376503,0.10402981005609035
376504,0.07817413285374641
376506,0.025228324462659657
376509,0.014006730634719133
376515,0.06330057699233294
376517,0.016465572523884475
376518,0.17455790471285582
376519,0.13520376943051815
376520,0.06353773502632976
376521,0.02165974455419928
376522,0.03229483845643699
376523,0.017581849126145244
376524,0.0654248227365315
376527,0.05734603223390877
376530,0.026149529381655157
376531,0.061861253809183836
376532,0.13673647958785295
376533,0.07916432060301304
376534,0.033927427139133215
376535,0.05847687041386962
376537,0.19733224250376225
376538,0.039581107906997204
376539,0.054862307384610176
376546,0.0346112463157624
376594,0.06283647520467639
376595,0.10247019492089748
376614,0.018054766405839473
376616,0.009728465927764773
376617,0.008891253499314189
376618,0.14463345985859632
376619,0.08656063303351402
376620,0.021426687017083168
376627,0.050974583718925714
376630,0.010316201951354742
376631,0.1358828954398632
376632,0.0184101591585204
376633,0.02057296340353787
376635,0.0731321987695992
376636,0.07180496864020824
376637,0.00939202937297523
376639,0.19598034396767616
376640,0.035635637352243066
376642,0.01790912135038525
376643,0.043683303287252784
376644,0.04430088447406888
376645,0.04271586425602436
376646,0.04898755834437907
376648,0.13442012201994658
376650,0.006196123460540548
376651,0.029871759470552206
376652,0.029318689717911184
376732,0.037422961788251996
376733,0.12374042998999357
376734,0.13587210420519114
376756,0.036298895720392466
376804,0.013890518224798143
376856,0.09507749462500215
376869,0.03963143448345363
376893,0.02590203273575753
377045,0.01997937459964305
377088,0.02342853939626366
377137,0.16531499568372965
377138,0.011374259018339217
377159,0.02425519155804068
377176,0.05398179730400443
377201,0.01725632243324071
377226,0.13827121537178755
377335,0.030879949685186148
377358,0.2341906875371933
377362,0.024228671216405928
377363,0.003920127637684345
377389,0.19147839024662971
377426,0.11104808934032917
377427,0.023572879726998508
377429,0.03833943116478622
377441,0.04963975795544684
377449,0.01860257179941982
377450,0.17294307611882687
377458,0.0552101512439549
377472,0.19193570502102375
377541,0.20297770109027624
377567,0.028055173810571432
377573,0.01587654324248433
377605,0.044245566008612514
377611,0.13424649834632874
377622,0.02575789368711412
377631,0.037576824659481645
377657,0.020043583470396698
377681,0.029367754934355617
377711,0.0121386528480798
377717,0.08477288065478206
377720,0.12228829320520163
377721,0.20076108817011118
377723,0.15085745602846146
377727,0.022913159453310072
377729,0.045441845431923866
377733,0.026411561528220773
377735,0.022856922005303204
377736,0.012220149743370712
377737,0.07560935989022255
377738,0.009533564269077033
377750,0.11893191654235125
377751,0.04211373068392277
377753,0.05635606870055199
377754,0.02936921501532197
377755,0.02925520110875368
377756,0.049922595266252756
377757,0.13802009914070368
377758,0.04360356950201094
377759,0.02703651343472302
377760,0.03680703975260258
377761,0.1209828918799758
377762,0.03070745652075857
377763,0.018828342435881495
377764,0.06675657071173191
377765,0.12346484139561653
377766,0.11452736333012581
377767,0.016916914377361536
377768,0.01686153403716162
377771,0.018943024333566427
377772,0.009913222020259127
377773,0.10830466821789742
377774,0.0313964121742174
377775,0.0814126031473279
377776,0.06692368816584349
377778,0.06753493566066027
377779,0.03129172895569354
377780,0.012518561095930636
377781,0.025023991940543056
377782,0.016746233799494803
377783,0.012350739969406277
377784,0.08102204697206616
377785,0.03596584848128259
377786,0.04068681923672557
377862,0.0370721856597811
377871,0.0629007238894701
377930,0.016853828448802233
377970,0.00888833252247423
377987,0.04619603743776679
377988,0.12628715811297297
377990,0.08113673934713006
377992,0.056986110750585794
377995,0.022685410222038627
378005,0.021930580493062735
378006,0.007386073470115662
378011,0.06222735904157162
378018,0.028868613997474313
378019,0.037881091237068176
378023,0.011918984877411276
378025,0.1259149145334959
378026,0.06857866188511252
378027,0.017799329245463014
378031,0.021191815612837672
378033,0.014645392599049956
378034,0.02988448622636497
378035,0.006633027398493141
378040,0.09966693678870797
378041,0.2127188853919506
378042,0.03160645184107125
378043,0.07065107254311442
378044,0.03000526688992977
378045,0.11251449212431908
378046,0.030687132733874023
378047,0.017132493085227907
378048,0.011386266472982243
378049,0.04736620374023914
378051,0.053140878677368164
378052,0.027264956384897232
378053,0.03553830273449421
378054,0.1680664410814643
378055,0.027938558720052242
378056,0.02342665975447744
378057,0.03719471103977412
378059,0.09899304434657097
378060,0.023974023177288473
378061,0.3659412432461977
378062,0.06826370675116777
378063,0.0189403616823256
378065,0.0692751812748611
378066,0.10902000684291124
378067,0.03733279276639223
378068,0.007085560238920152
378069,0.04962125374004245
378070,0.06752403313294053
378096,0.014946125214919448
378098,0.07865642104297876
378104,0.22813277319073677
378105,0.12191151920706034
378106,0.05509701417759061
378107,0.11756164487451315
378108,0.06508290208876133
378109,0.025637054815888405
378110,0.06505005015060306
378111,0.08860464254394174
378112,0.02611083269584924
378113,0.05461187404580414
378114,0.04106843308545649
378115,0.07663979474455118
378116,0.11805623304098845
378117,0.07072377018630505
378119,0.055384732550010085
378120,0.04489718726836145
378121,0.09896237123757601
378122,0.024857471988070756
378123,0.10201294347643852
378124,0.023597736144438386
378136,0.03639913978986442
378181,0.022619286086410284
378184,0.07841154979541898
378190,0.01676045369822532
378263,0.031906202202662826
378300,0.01805858634179458
378304,0.3626594077795744
378305,0.16819060686975718
378311,0.041301745688542724
378313,0.07123335963115096
378314,0.042208874598145485
378317,0.08295173523947597
378320,0.07368932571262121
378322,0.0698123318143189
378325,0.04471298959106207
378327,0.24376295693218708
378328,0.1502805994823575
378329,0.03347815340384841
378330,0.01023267355049029
378331,0.029688337119296193
378334,0.011345075792632997
378335,0.014211437432095408
378336,0.010416528850328177
378339,0.049235154408961535
378340,0.03589111124165356
378341,0.03675565612502396
378342,0.12389787659049034
378343,0.010879235051106662
378344,0.0392796928063035
378345,0.17270630318671465
378346,0.014600327063817531
378347,0.23670621030032635
378348,0.026179549982771277
378349,0.20483947545289993
378350,0.3748138900846243
378351,0.04973917664028704
378352,0.02987254154868424
378353,0.013810811913572252
378354,0.024883765261620283
378355,0.12431182339787483
378356,0.14623940270394087
378427,0.08284895308315754
378434,0.16613473743200302
378564,0.015862799424212426
378671,0.05973770236596465
378689,0.016993238707073033
378710,0.2145729698240757
378755,0.0738908932544291
378887,0.009782554698176682
378907,0.12977494578808546
378924,0.01595875492785126
378944,0.09175566444173455
378945,0.15727738663554192
378991,0.006236990753677674
379009,0.03102934453636408
379025,0.04115514340810478
379046,0.03360934229567647
379047,0.0941976010799408
379048,0.05884960643015802
379052,0.10383334569633007
379065,0.021017547696828842
379066,0.06366553157567978
379076,0.021250985097140074
379080,0.08445088472217321
379085,0.17734163999557495
379086,0.040369431022554636
379087,0.1587500600144267
379089,0.02638704690616578
379094,0.023478179704397917
379095,0.3815013915300369
379101,0.026647852268069983
379102,0.036353832110762596
379103,0.01975293946452439
379105,0.19825164321810007
379108,0.0246085193939507
379111,0.1029936671257019
379112,0.1822998970746994
379113,0.24379269964993
379114,0.09759826492518187
379115,0.03750533936545253
379116,0.04188053426332772
379117,0.039332023123279214
379118,0.022768845898099244
379119,0.5126874037086964
379120,0.09055358590558171
379121,0.018403634778223932
379123,0.05993394227698445
379124,0.10816596355289221
379126,0.04208187386393547
379127,0.010795349662657827
379128,0.03611061186529696
379129,0.038632034324109554
379131,0.20455456618219614
379132,0.09692073008045554
379133,0.10980938654392958
379134,0.08996992837637663
379178,0.008082481217570603
379266,0.006709556677378714
379268,0.039551360765472054
379291,0.022159056505188346
379296,0.011811304604634643
379301,0.07781950989738107
379313,0.02441023802384734
379318,0.3177671227604151
379319,0.16573826596140862
379329,0.031893645878881216
379336,0.18623127415776253
379348,0.05914705293253064
379356,0.03928243787959218
379357,0.07527409307658672
379363,0.26641562581062317
379385,0.23956599459052086
379408,0.008798238210147247
379432,0.08427170244976878
379437,0.036983477184548974
379440,0.020438601612113416
379456,0.10114519204944372
379457,0.07664761855266988
379463,0.1491286400705576
379464,0.030670570209622383
379467,0.13638831861317158
379469,0.0668605430983007
379470,0.011507639952469617
379472,0.09062379505485296
379473,0.0504893169272691
379474,0.024640651186928153
379475,0.032062310026958585
379476,0.08004777459427714
379481,0.14369071554392576
379482,0.04105963045731187
379483,0.08019208069890738
379484,0.029134515905752778
379485,0.43151966854929924
379486,0.024570302804931998
379487,0.015150365477893502
379488,0.019549060030840337
379490,0.036976358853280544
379491,0.047813482116907835
379492,0.03367399156559259
379494,0.008897365361917764
379495,0.020023032440803945
379496,0.029590516118332744
379497,0.03690813574939966
379500,0.2036539651453495
379501,0.05474813818000257
379502,0.06483959872275591
379503,0.07408372964709997
379504,0.01155666698468849
379505,0.09487710241228342
379506,0.019313460448756814
379507,0.012903478636872023
379508,0.03988759685307741
379509,0.07964499667286873
379510,0.04999472526833415
379512,0.008349191804882139
379513,0.06964862998574972
379514,0.355562599375844
379515,0.061425677267834544
379516,0.03976046061143279
379517,0.10424810275435448
379518,0.031297098845243454
379520,0.14937217999249697
379627,0.058501132763922215
379673,0.10433315485715866
379674,0.012040947447530925
379720,0.06761716911569238
379726,0.02728737925644964
379730,0.01535202155355364
379746,0.06571017112582922
379775,0.02563764073420316
379776,0.010645614995155483
379778,0.3798883091658354
379841,0.01659027731511742
379921,0.0196194585878402
379951,0.032046998385339975
380002,0.1307118721306324
380003,0.15503474045544863
380005,0.049948777072131634
380006,0.27383157052099705
380010,0.049775286577641964
380012,0.06648969114758074
380014,0.2367070410400629
380015,0.0976300397887826
380017,0.040938313817605376
380018,0.15906308311969042
380019,0.010907289397437125
380020,0.01508412475232035
380022,0.016945973504334688
380023,0.0863644746132195
380025,0.04154232470318675
380026,0.04063042323105037
380028,0.1071183979511261
380030,0.1289938921108842
380031,0.04064663569442928
380032,0.020211821305565536
380033,0.017607191461138427
380034,0.07507787691429257
380035,0.01543722441419959
380037,0.01898221333976835
380038,0.12054548691958189
380039,0.18338200263679028
380040,0.1619248315691948
380064,0.020104486495256424
380065,0.06535721011459827
380121,0.02271558635402471
380122,0.07071167579852045
380130,0.022599716670811176
380219,0.029153807321563363
380228,0.09429071983322501
380229,0.024948380887508392
380366,0.007123776158550754
380408,0.05031605064868927
380414,0.02734689530916512
380487,0.04054186446592212
380488,0.03582465392537415
380489,0.02209967456292361
380494,0.08391220169141889
380543,0.03224583202973008
380553,0.014915510080754757
380600,0.02711930638179183
380625,0.04443948273546994
380635,0.04882174078375101
380643,0.07070238841697574
380762,0.05234272149391472
380773,0.096953677944839
380781,0.20516832172870636
380785,0.08081490686163306
380787,0.026691109756939113
380788,0.03408198757097125
380789,0.0419315118342638
380797,0.039068765472620726
380800,0.04714855132624507
380802,0.046785430284217
380805,0.046846224227920175
380806,0.08073388179764152
380807,0.32888246700167656
380811,0.007259524398250505
380812,0.01761264819651842
380815,0.01221483270637691
380816,0.043169755255803466
380817,0.02826345362700522
380819,0.0895572672598064
380823,0.014029921847395599
380824,0.03265738463960588
380825,0.03362038265913725
380826,0.11390989553183317
380827,0.28994039446115494
380828,0.0485878421459347
380830,0.027480581309646368
380831,0.10013107396662235
380832,0.09915610775351524
380833,0.01108255289727822
380834,0.021639746380969882
380836,0.1287802141159773
380837,0.018525015795603395
380838,0.06935548922047019
380839,0.009549017733661458
380840,0.06587477307766676
380841,0.055509779369458556
380879,0.0192195528652519
380901,0.009400666982401162
380928,0.03794874111190438
380956,0.019853343372233212
380979,0.03898562421090901
381037,0.011332105030305684
381047,0.11698641628026962
381074,0.036568331299349666
381104,0.023704999824985862
381121,0.21624615415930748
381130,0.046803364995867014
381133,0.015324087697081268
381139,0.00817271025152877
381141,0.19439784064888954
381142,0.012814899033401161
381145,0.00671670088195242
381152,0.01936347712762654
381153,0.0982811413705349
381154,0.18488869071006775
381156,0.014616154250688851
381160,0.00973443512339145
381164,0.35570507124066353
381168,0.0347372624091804
381171,0.022634619497694075
381173,0.06477747112512589
381174,0.03844935679808259
381176,0.03560273419134319
381178,0.10517140757292509
381179,0.04216077062301338
381182,0.08494015550240874
381185,0.01177964179078117
381187,0.07353212125599384
381189,0.025297058280557394
381190,0.024495336692780256
381191,0.11137318424880505
381192,0.2490360476076603
381193,0.01957021397538483
381194,0.013643539568874985
381195,0.03472405136562884
381198,0.010729037458077073
381199,0.01774809299968183
381200,0.07907993206754327
381201,0.1904528420418501
381202,0.020472671021707356
381203,0.4202223941683769
381204,0.13312500342726707
381205,0.029304972384124994
381259,0.014648009673692286
381288,0.02045138634275645
381289,0.05119898938573897
381335,0.0463566891849041
381344,0.01744188996963203
381367,0.026590507244691253
381376,0.015651413472369313
381381,0.13697958644479513
381397,0.023112207534722984
381406,0.031042640563100576
381412,0.06526434607803822
381421,0.12793445400893688
381424,0.02975987840909511
381427,0.12975506298244
381428,0.1749281883239746
381429,0.02278467977885157
381430,0.03455577022396028
381434,0.16134596522897482
381435,0.010208196006715298
381436,0.04397175647318363
381437,0.029849996091797948
381438,0.1012267330661416
381439,0.04023626307025552
381444,0.019040637998841703
381446,0.008782162505667657
381447,0.1462548989802599
381449,0.4234981443732977
381450,0.01216804760042578
381453,0.14519923646003008
381454,0.019854013866279274
381455,0.10997247695922852
381456,0.13176724780350924
381457,0.01653236406855285
381458,0.0061702607199549675
381459,0.04381014220416546
381460,0.021902656531892717
381461,0.09054728969931602
381462,0.2408421617001295
381463,0.026405777782201767
381464,0.20076837204396725
381465,0.029261236544698477
381466,0.15065165888518095
381467,0.1686272732913494
381468,0.07279786514118314
381469,0.09182529291138053
381470,0.17595602199435234
381471,0.1155011123046279
381472,0.01997025473974645
381473,0.012827583821490407
381475,0.03073276998475194
381476,0.021102856029756367
381477,0.06809185445308685
381478,0.021877514314837754
381479,0.13398678228259087
381480,0.07443816727027297
381481,0.014436150959227234
381482,0.01229339453857392
381483,0.04388096556067467
381495,0.043895102106034756
381545,0.023467580904252827
381580,0.1548018204048276
381657,0.1552185481414199
381674,0.18724443018436432
381691,0.01957520958967507
381697,0.11133061349391937
381704,0.09623097721487284
381711,0.07229324383661151
381721,0.026732866652309895
381728,0.14213630557060242
381729,0.021837537176907063
381734,0.02222394524142146
381735,0.019208774552680552
381736,0.030645041028037667
381740,0.09967641113325953
381742,0.12552446965128183
381743,0.12210001889616251
381744,0.015499910397920758
381747,0.0064274769683834165
381748,0.13997580390423536
381749,0.018409486510790884
381750,0.07525690598413348
381751,0.02180592983495444
381752,0.09261417901143432
381753,0.10132759809494019
381754,0.3335432168096304
381755,0.11794595699757338
381756,0.08079880801960826
381757,0.012310464691836387
381758,0.012259368610102683
381759,0.059606138383969665
381760,0.030033093178644776
381761,0.2348019890487194
381762,0.021437626448459923
381763,0.08671887079253793
381764,0.11242308281362057
381765,0.12180603761225939
381766,0.011440625123213977
381767,0.062035100534558296
381768,0.05974525189958513
381769,0.040573893347755075
381770,0.030481004854664207
381772,0.010387867805548012
381774,0.014808486099354923
381777,0.05198450945317745
381861,0.019576651277020574
381974,0.12367499154061079
381991,0.035257619339972734
382024,0.09224593685939908
382051,0.04958542110398412
382066,0.018460630089975893
382067,0.03794437414035201
382068,0.02680837200023234
382107,0.0494258226826787
382108,0.060158493695780635
382111,0.02731280610896647
382113,0.01074750383850187
382114,0.0535973368678242
382120,0.029927450697869062
382121,0.08225199021399021
382122,0.035214303992688656
382124,0.1313224146142602
382126,0.03617478511296213
382131,0.010374661069363356
382132,0.10562474559992552
382135,0.06425662059336901
382136,0.01418733992613852
382137,0.00798005162505433
382138,0.010894630453549325
382140,0.09444939764216542
382141,0.09123193984851241
382142,0.0414511130657047
382143,0.10031292447820306
382144,0.2399762086570263
382145,0.03127051191404462
382146,0.18924176506698132
382147,0.045676829759031534
382149,0.1313293380662799
382150,0.07237551361322403
382152,0.0790416426025331
382153,0.01624292036285624
382164,0.3324019070714712
382180,0.07631124928593636
382239,0.16151862312108278
382275,0.03518121165689081
382297,0.012279434537049383
382391,0.042389888083562255
382392,0.1521508079022169
382396,0.16272938530892134
382424,0.00663695513503626
382471,0.12472871411591768
382493,0.05661308625712991
382496,0.03391983895562589
382504,0.038722901372238994
382505,0.0611978224478662
382513,0.010094872151967138
382517,0.2626971658319235
382521,0.1685861200094223
382528,0.013737320085056126
382530,0.08582754526287317
382544,0.1471286742016673
382603,0.2784370817244053
382604,0.032138154841959476
382642,0.02103845856618136
382666,0.022633496206253767
382699,0.017164178658276796
382737,0.03516037273220718
382792,0.134163117967546
382796,0.019762440351769328
382807,0.040593915386125445
382813,0.2510207165032625
382817,0.23884662240743637
382818,0.08049405086785555
382826,0.03713867627084255
382845,0.0292043664958328
382846,0.028474372113123536
382850,0.2308044135570526
382851,0.09123750636354089
382856,0.03432748094201088
382858,0.03756392211653292
382859,0.09383903490379453
382862,0.012062440277077258
382863,0.02917427697684616
382865,0.010710204718634486
382866,0.028865036903880537
382868,0.07752471417188644
382870,0.005651926243444905
382871,0.08667840296402574
382872,0.07082208711653948
382873,0.09034256264567375
382874,0.252493841573596
382875,0.014905296440701932
382876,0.06305279023945332
382877,0.17679681442677975
382878,0.13125668093562126
382879,0.09859158843755722
382880,0.007305147300940007
382882,0.04600650258362293
382883,0.03130112518556416
382884,0.027626726077869534
382885,0.07734511746093631
382886,0.037808461114764214
382887,0.12561454344540834
382989,0.023222109652124345
383009,0.07634596712887287
383039,0.07784805679693818
383068,0.022946068202145398
383072,0.008236231748014688
383093,0.0442354972474277
383099,0.3766392916440964
383167,0.009944076125975698
383168,0.12190962582826614
383170,0.04090781160630286
383171,0.17712486907839775
383174,0.0054082926362752914
383175,0.007926434511318803
383176,0.034190837293863297
383178,0.05529617494903505
383181,0.2002529315650463
383182,0.08988976711407304
383184,0.030318849254399538
383186,0.04561740159988403
383187,0.022460403153672814
383189,0.008051782060647383
383190,0.024028374813497066
383191,0.034677881048992276
383192,0.04817006969824433
383194,0.006955526070669293
383195,0.024946107296273112
383196,0.03038902790285647
383197,0.0694512939080596
383198,0.019658387172967196
383199,0.01923749002162367
383200,0.04043377982452512
383201,0.02736140927299857
383202,0.16383301932364702
383203,0.025329745025373995
383204,0.09243892645463347
383205,0.0738625768572092
383206,0.13926210720092058
383207,0.012138011690694839
383208,0.03812405338976532
383279,0.08635336020961404
383335,0.08185264095664024
383384,0.041618459625169635
383394,0.02502681699115783
383400,0.08732943888753653
383401,0.008449208224192262
383409,0.07932066451758146
383410,0.01642889535287395
383412,0.05043212417513132
383414,0.04520803177729249
383419,0.04783618147484958
383422,0.018914018175564706
383425,0.004962186823831871
383426,0.011786792252678424
383427,0.146871586330235
383428,0.12812378630042076
383429,0.04082062072120607
383430,0.03305717860348523
383431,0.1376230176538229
383433,0.7668171972036362
383434,0.08475961862131953
383435,0.021385783329606056
383436,0.048783392412588
383437,0.0277641573920846
383438,0.032279260689392686
383439,0.10566296987235546
383440,0.026311934809200466
383441,0.017285766080021858
383442,0.03991264430806041
383443,0.0051854950725100935
383444,0.008562478644307703
383445,0.009217641141731292
383446,0.09734498616307974
383447,0.02595818741247058
383448,0.07998653221875429
383449,0.00823702703928575
383450,0.05587627599015832
383451,0.011344537662807852
383452,0.008948906557634473
383453,0.08350183302536607
383454,0.07536576827988029
383533,0.018214146723039448
383583,0.02757346397265792
383608,0.024878507130779326
383622,0.02884255559183657
383673,0.22659790143370628
383804,0.025316708022728562
383806,0.045960009563714266
383812,0.02232839586213231
383814,0.012121886771637946
383816,0.06839402299374342
383825,0.09406599309295416
383827,0.058923055650666356
383833,0.04890549089759588
383841,0.024197986931540072
383842,0.07133415807038546
383849,0.038188268430531025
383859,0.022861396661028266
383883,0.05984672764316201
383891,0.15351583156734705
383910,0.018951713223941624
383925,0.016643331153318286
383943,0.23676884919404984
383946,0.17225772887468338
383959,0.014426499721594155
383960,0.0395199207123369
383961,0.013362647412577644
383962,0.028418152825906873
383979,0.0753388605080545
383985,0.014024549163877964
383990,0.027005946612916887
383999,0.02955863019451499
384001,0.09338244935497642
384003,0.03253916557878256
384008,0.01441882224753499
384019,0.07555014360696077
384020,0.037312369560822845
384065,0.06259857164695859
384102,0.052405609050765634
384154,0.04307511285878718
384155,0.29121286049485207
384171,0.02599185227882117
384177,0.01808664423879236
384183,0.009446325770113617
384186,0.05221735290251672
384198,0.19178735837340355
384199,0.02141506364569068
384201,0.13319755252450705
384203,0.14426915626972914
384204,0.11625736020505428
384205,0.07597499061375856
384207,0.009418543137144297
384208,0.027631745906546712
384209,0.13711516605690122
384210,0.026858409168198705
384211,0.08311485033482313
384212,0.044257430359721184
384215,0.25839305855333805
384216,0.06716668605804443
384220,0.3080821968615055
384221,0.006737183284712955
384226,0.07663085404783487
384273,0.026690513477660716
384287,0.04691544268280268
384288,0.04316211002878845
384332,0.09468790236860514
384365,0.01393861894030124
384380,0.22162088751792908
384392,0.014781593170482665
384412,0.006713345181196928
384424,0.15623565763235092
384428,0.011673128174152225
384429,0.13497979193925858
384430,0.01750458573224023
384434,0.016101792571134865
384480,0.033678602892905474
384502,0.2522943578660488
384503,0.026614737114869058
384504,0.08161402447149158
384505,0.05326722678728402
384508,0.01077791809802875
384519,0.010314851882867515
384520,0.21704171784222126
384524,0.015541728003881872
384528,0.010921211156528443
384532,0.06246362067759037
384539,0.03697188221849501
384542,0.07486924715340137
384543,0.22345640510320663
384544,0.01508454093709588
384546,0.018280295305885375
384547,0.03437433857470751
384548,0.1202186169102788
384549,0.04293920681811869
384552,0.05885506980121136
384554,0.03284370363689959
384556,0.03348025993909687
384557,0.027492679771967232
384558,0.03793933882843703
384559,0.011716048378730193
384560,0.015683106088545173
384561,0.06455335230566561
384562,0.08248392632231116
384563,0.029060559580102563
384564,0.02643035678192973
384565,0.036095135146752
384656,0.025500865885987878
384657,0.013025948021095246
384672,0.25406659953296185
384679,0.06793282413855195
384680,0.011034302471671253
384689,0.01324463076889515
384692,0.08002375066280365
384695,0.17582087218761444
384710,0.2646074462682009
384712,0.025348276016302407
384715,0.06808785535395145
384735,0.012555512075778097
384749,0.0165552725084126
384751,0.05274193431250751
384753,0.0404889527708292
384757,0.00975307440967299
384759,0.014431710238568485
384761,0.01793476822786033
384762,0.060816507786512375
384765,0.028208049130626023
384775,0.09373472118750215
384782,0.10352154541760683
384794,0.027691893745213747
384798,0.01200319454073906
384805,0.03391457488760352
384807,0.12986278254538774
384812,0.011173645907547325
384821,0.05242613470181823
384834,0.014829411986283958
384847,0.04349974473007023
384856,0.0333096522372216
384857,0.13674519397318363
384858,0.03847161610610783
384859,0.08187780296429992
384860,0.17217331938445568
384861,0.26951296441257
384862,0.02397686999756843
384863,0.12283746432512999
384864,0.011092258908320218
384865,0.011530159128597006
384866,0.3747180886566639
384867,0.06867050426080823
384868,0.021850362070836127
384869,0.13741494435817003
384870,0.011421907285694033
384871,0.018736339639872313
384873,0.054509989451617
384874,0.0705986307002604
384876,0.039751912700012326
384877,0.018447884474880993
384878,0.025226109544746578
384880,0.03955361736007035
384881,0.0036846569273620844
384882,0.08130164770409465
384883,0.030534221325069666
384884,0.009698901965748519
384885,0.020966502837836742
384886,0.02837027481291443
384887,0.00603381052496843
384969,0.004294647456845269
385023,0.026821150444447994
385049,0.08203348517417908
385081,0.016647420823574066
385091,0.020757428486831486
385092,0.018842632183805108
385093,0.055877624778077006
385094,0.01665234618121758
385106,0.12715955544263124
385107,0.2553549613803625
385110,0.042679734993726015
385111,0.02034268667921424
385113,0.010933601239230484
385114,0.06472761649638414
385115,0.10194026445969939
385117,0.012667442148085684
385119,0.016932934115175158
385120,0.0729880747385323
385121,0.1391741894185543
385122,0.019721044809557498
385123,0.006731975299771875
385125,0.021550068981014192
385126,0.02538911160081625
385127,0.025311784585937858
385128,0.04515423928387463
385129,0.07026426680386066
385130,0.03134043014142662
385131,0.019993030931800604
385132,0.08931515133008361
385133,0.19853073172271252
385134,0.069061572663486
385135,0.01433344412362203
385136,0.0747372368350625
385137,0.1779431262984872
385138,0.019164371304214
385139,0.12030533980578184
385140,0.22487958706915379
385141,0.0456638194154948
385142,0.01359312905697152
385143,0.006745878694346175
385144,0.04158289567567408
385145,0.19705450534820557
385146,0.13629372604191303
385147,0.0366809107363224
385149,0.03461487707681954
385151,0.01835742825642228
385152,0.015796593739651144
385153,0.05311370128765702
385197,0.015589742048177868
385230,0.02917112922295928
385231,0.1377210794016719
385252,0.2070108037441969
385299,0.05095659359358251
385351,0.05265022302046418
385376,0.08684757072478533
385405,0.05780195747502148
385452,0.03467231267131865
385479,0.022554606315679848
385510,0.03717546141706407
385522,0.20443484373390675
385524,0.01617066317703575
385544,0.10710698738694191
385563,0.03805512352846563
385566,0.03985053696669638
385571,0.005562087841099128
385585,0.010858144145458937
385586,0.10407040966674685
385611,0.004557063803076744
385621,0.025037799612618983
385623,0.11849615722894669
385628,0.19119101762771606
385633,0.014940473309252411
385634,0.010192253394052386
385643,0.044646924594417214
385650,0.06120968051254749
385656,0.0074873486591968685
385666,0.06839786702767015
385693,0.0755564384162426
385705,0.09326026542112231
385706,0.017869398929178715
385835,0.009156267042271793
385847,0.03813533391803503
385867,0.03776455298066139
385871,0.0428039962425828
385872,0.0227554130833596
385879,0.014915489009581506
385883,0.04676846927031875
385884,0.05449107149615884
385885,0.04852583701722324
385889,0.0248583706561476
385893,0.06663169385865331
385894,0.048942815978080034
385898,0.028579723788425326
385899,0.07242219056934118
385902,0.024898126954212785
385903,0.023476515198126435
385904,0.03437121235765517
385905,0.022390143247321248
385906,0.06272819545120001
385907,0.04511673841625452
385908,0.09682264225557446
385909,0.04531606868840754
385910,0.040203534066677094
385973,0.010430860216729343
386003,0.16557390801608562
386013,0.006961245089769363
386023,0.007240880542667583
386065,0.008481893950374797
386072,0.15055501367896795
386077,0.15458443574607372
386135,0.03382943756878376
386141,0.005989112571114674
386178,0.1376131484284997
386198,0.0793011519126594
386200,0.025029516080394387
386203,0.08144805068150163
386223,0.04545492655597627
386225,0.013285718858242035
386245,0.020825756480917335
386250,0.015418530674651265
386253,0.04114271933212876
386254,0.06279920786619186
386255,0.042825185460969806
386262,0.057599279563874006
386263,0.04273191140964627
386264,0.011715661792550236
386267,0.021244915667921305
386268,0.05491990293376148
386276,0.06953794276341796
386279,0.2111557200551033
386281,0.04460624908097088
386282,0.20196755416691303
386283,0.1146205086261034
386284,0.014162429142743349
386285,0.05080600129440427
386286,0.03593055880628526
386287,0.04862228804267943
386288,0.055510430596768856
386289,0.2624946665018797
386290,0.030494651990011334
386292,0.03360051056370139
386293,0.040877833031117916
386294,0.0694512645713985
386295,0.2153509482741356
386296,0.1173221142962575
386297,0.03421697183512151
386299,0.01889961026608944
386300,0.04228210216388106
386301,0.026842945022508502
386302,0.032972554210573435
386303,0.15665936656296253
386304,0.17054061219096184
386305,0.12347024027258158
386307,0.009526716050459072
386308,0.0393424928188324
386309,0.04786612885072827
386310,0.06897296896204352
386311,0.06776246102526784
386347,0.054385260911658406
386350,0.1367004495114088
386352,0.015210916637443006
386365,0.02338096033781767
386378,0.06895903684198856
386380,0.0886108884587884
386399,0.08148969942703843
386458,0.004794207634404302
386523,0.037782819010317326
386531,0.12788621708750725
386545,0.05817961785942316
386546,0.10132264997810125
386547,0.02267860493157059
386549,0.025962643674574792
386550,0.024340013740584254
386551,0.07069725124165416
386552,0.005989049590425566
386633,0.04122409154661
386647,0.0077805842738598585
386665,0.015984391153324395
386767,0.03844694048166275
386773,0.03888947516679764
386774,0.051547810435295105
386775,0.15973920933902264
386777,0.024398921988904476
386785,0.0556388427503407
386791,0.023689272813498974
386792,0.016876925248652697
386795,0.01645649573765695
386798,0.04473537253215909
386803,0.03482603724114597
386805,0.10626964503899217
386806,0.05272399331443012
386808,0.028282656567171216
386811,0.012677374121267349
386813,0.03136258409358561
386814,0.055464135482907295
386817,0.03188328514806926
386819,0.005885775695787743
386820,0.09635643055662513
386821,0.16874685510993004
386822,0.2680128291249275
386824,0.013546300062444061
386825,0.07012045383453369
386826,0.005713385384296998
386827,0.13838570099323988
386828,0.21586937084794044
386830,0.016008049016818404
386831,0.11625185236334801
386832,0.035370933124795556
386833,0.10757309291511774
386834,0.12477495241910219
386835,0.018166061607189476
386836,0.04683878109790385
386837,0.11952872108668089
386838,0.017161175084766
386839,0.08696076460182667
386840,0.02810186566784978
386841,0.14559807255864143
386843,0.07459695218130946
386844,0.04312821268104017
386845,0.014154856209643185
386847,0.060359662398695946
386848,0.02667882852256298
386849,0.03719018050469458
386860,0.14238585624843836
386938,0.007602252473589033
386940,0.020865920465439558
386989,0.031111593591049314
387021,0.047379389172419906
387193,0.11988524347543716
387194,0.059377572033554316
387286,0.11590447090566158
387291,0.00695696662296541
387292,0.029387097340077162
387324,0.0684363660402596
387325,0.017198073910549283
387329,0.027598320972174406
387331,0.05943086673505604
387333,0.020563120720908046
387337,0.17967294715344906
387341,0.06981310900300741
387342,0.03300877404399216
387349,0.04458807432092726
387350,0.020182828418910503
387351,0.026884585386142135
387352,0.021526014897972345
387353,0.07747346488758922
387355,0.22148022428154945
387356,0.10333681479096413
387357,0.01720053784083575
387358,0.01220017165178433
387360,0.16035893186926842
387361,0.0242199714994058
387362,0.01666596275754273
387363,0.011169925681315362
387364,0.023330978234298527
387365,0.059246822725981474
387366,0.03300152986776084
387367,0.02282678848132491
387368,0.015669781889300793
387369,0.018159700906835496
387370,0.01137841132003814
387371,0.06985779153183103
387372,0.04557989817112684
387377,0.060421244241297245
387378,0.02690482628531754
387424,0.013421502488199621
387440,0.019908447400666773
387447,0.04558573476970196
387489,0.03552854713052511
387501,0.039453898556530476
387526,0.23862621933221817
387542,0.011487562966067344
387543,0.051146712619811296
387544,0.05049636494368315
387565,0.03781269886530936
387572,0.06509461952373385
387577,0.057345757726579905
387578,0.0628376598469913
387583,0.007916578906588256
387584,0.008980625687399879
387588,0.05809601512737572
387595,0.13807305414229631
387596,0.1483912281692028
387597,0.07620974350720644
387598,0.011749993544071913
387662,0.07946010306477547
387687,0.061648013535887
387688,0.04570210026577115
387689,0.025569219840690494
387718,0.1097508231177926
387730,0.03534741955809295
387753,0.020145353628322482
387807,0.11941182147711515
387843,0.03653494711034
387848,0.05129389022476971
387882,0.11022188048809767
387884,0.006697634147712961
387892,0.005166746617760509
387896,0.02923143468797207
387916,0.08885038970038295
387920,0.03084662859328091
387927,0.07693730341270566
387928,0.03234661719761789
387929,0.06569289090111852
387932,0.02045739209279418
387934,0.1118222214281559
387937,0.013660248136147857
387942,0.05026170494966209
387947,0.08232876798138022
387948,0.008734953822568059
387952,0.30406823940575123
387953,0.0306736018974334
387954,0.011166451498866081
387955,0.06641247775405645
387956,0.02501051768194884
387957,0.17027649097144604
387958,0.08522620424628258
387960,0.024230667389929295
387961,0.04725170531310141
387962,0.08212511334568262
387963,0.11835875641554594
387964,0.0961028621532023
387965,0.013117311173118651
387966,0.09409064380452037
387967,0.052258015144616365
387968,0.06059777783229947
387969,0.016663618851453066
387970,0.06885822815820575
387971,0.13171971030533314
387972,0.021775997942313552
387973,0.11271147057414055
388053,0.11407894734293222
388056,0.027405856060795486
388057,0.03579464415088296
388078,0.04912013653665781
388079,0.010204376128967851
388127,0.04679819499142468
388155,0.10962866060435772
388159,0.014332513208501041
388169,0.061287461780011654
388170,0.12343457620590925
388173,0.01596427196636796
388174,0.00805395666975528
388176,0.05306243430823088
388179,0.055687427055090666
388182,0.04560380848124623
388183,0.03632308240048587
388187,0.08264706982299685
388189,0.017684485181234777
388191,0.018604205339215696
388193,0.054077111883088946
388194,0.034337176475673914
388195,0.02275742415804416
388196,0.026475272490642965
388198,0.013493381266016513
388199,0.17838083859533072
388201,0.16873777098953724
388202,0.15989479143172503
388203,0.11766727734357119
388204,0.06871834397315979
388206,0.08598959445953369
388208,0.04118314478546381
388209,0.022496037185192108
388210,0.01925093575846404
388211,0.013800832792185247
388212,0.03120673622470349
388213,0.06239596102386713
388214,0.01654633996076882
388215,0.1390281692147255
388216,0.07101198146119714
388217,0.14998032711446285
388218,0.034873038064688444
388219,0.009621197474189103
388220,0.337053956463933
388221,0.054438473423942924
388222,0.020426595699973404
388223,0.0327674524160102
388237,0.13102817628532648
388238,0.027320888242684305
388242,0.022260777768678963
388243,0.050914642633870244
388248,0.052528069354593754
388249,0.2391670811921358
388251,0.01939827064052224
388253,0.04703328851610422
388255,0.03186270548030734
388256,0.0783944115974009
388258,0.023669535177759826
388259,0.047270031878724694
388260,0.09036013949662447
388262,0.29089561104774475
388263,0.13422362320125103
388264,0.011192418402060866
388265,0.2041203286498785
388266,0.044401921797543764
388267,0.18440279364585876
388269,0.22384540736675262
388270,0.020967479271348566
388271,0.03391260630451143
388272,0.06817097309976816
388273,0.014331619837321341
388274,0.10411917883902788
388275,0.06647594319656491
388276,0.04746126243844628
388397,0.07048293855041265
388428,0.09821846708655357
388429,0.04330035927705467
388448,0.016539234318770468
388449,0.009002520993817598
388460,0.10053932387381792
388463,0.23951315693557262
388465,0.1599644124507904
388505,0.15145950764417648
388508,0.11396162398159504
388511,0.010759474243968725
388525,0.024790930561721325
388554,0.09623893070966005
388561,0.17821712512522936
388566,0.07637659786269069
388572,0.005707508651539683
388574,0.04506285162642598
388585,0.017623812542296946
388589,0.014387255301699042
388590,0.08178819669410586
388594,0.03019005199894309
388596,0.03590617631562054
388616,0.17878952156752348
388621,0.03735411260277033
388622,0.06415025377646089
388627,0.05327268876135349
388633,0.09139174642041326
388639,0.007002767728408799
388647,0.04557305620983243
388655,0.06360544869676232
388665,0.06625065580010414
388667,0.0714144236408174
388668,0.02283054357394576
388669,0.1403910182416439
388679,0.047803461318835616
388683,0.035372848506085575
388687,0.009443063871003687
388688,0.026458969921804965
388700,0.08214181009680033
388703,0.1344212470576167
388704,0.0402727946639061
388705,0.1408301331102848
388707,0.013525982270948589
388712,0.016283245873637497
388729,0.016619386500678957
388733,0.025197166251018643
388748,0.04687470872886479
388754,0.049526243936270475
388763,0.07301180623471737
388777,0.036630770890042186
388790,0.02118690509814769
388800,0.17464727628976107
388801,0.02025734120979905
388812,0.09153775312006474
388816,0.10731517989188433
388835,0.09251576010137796
388837,0.02713061368558556
388842,0.014799906872212887
388847,0.02884503419045359
388848,0.016524232225492597
388849,0.12501590512692928
388850,0.18677903711795807
388859,0.21690659038722515
388864,0.019915972836315632
388865,0.08771888539195061
388870,0.07810236979275942
388872,0.036966768093407154
388873,0.07313698250800371
388879,0.010437911609187722
388890,0.0879775807261467
388898,0.06808828702196479
388899,0.047484884737059474
388900,0.0211680238135159
388913,0.22020295821130276
388919,0.03766201180405915
388921,0.13700713869184256
388929,0.029958952916786075
388945,0.09756050165742636
388962,0.21909542940557003
388963,0.032732203137129545
388985,0.06905562011525035
388986,0.01723135111387819
388992,0.0796104702167213
388993,0.0395064486656338
389002,0.1650856090709567
389006,0.00805824383860454
389009,0.1401406852528453
389018,0.03476098878309131
389048,0.07072572316974401
389051,0.10898703429847956
389068,0.06832806346938014
389069,0.03147836937569082
389070,0.004894947342108935
389080,0.048333894694224
389085,0.03940892335958779
389090,0.05395305179990828
389094,0.12914966885000467
389097,0.2274065837264061
389098,0.023672485491260886
389101,0.10621754266321659
389104,0.013050077599473298
389131,0.1983773298561573
389133,0.06295368005521595
389134,0.004195370202069171
389143,0.121553516946733
389176,0.0876240492798388
389181,0.03096639597788453
389192,0.026576852658763528
389202,0.038053980795666575
389222,0.00517797440988943
389225,0.13358410261571407
389227,0.04975905572064221
389239,0.02188163052778691
389245,0.2264954298734665
389248,0.02298695093486458
389258,0.0891191172413528
389266,0.07427003886550665
389268,0.02878745086491108
389277,0.04155499511398375
389280,0.06454263487830758
389300,0.019698256044648588
389319,0.037931847386062145
389330,0.04195327963680029
389338,0.015088847023434937
389356,0.11312676500529051
389363,0.22963634878396988
389371,0.029807663522660732
389377,0.23951319232583046
389398,0.042033057659864426
389409,0.02548652538098395
389415,0.014715446799527854
389418,0.042687004897743464
389420,0.0773658212274313
389426,0.1495188968256116
389433,0.06173646589741111
389434,0.011859151825774461
389440,0.10193403577432036
389441,0.014549818995874375
389443,0.32051872089505196
389448,0.19817272573709488
389464,0.024824779480695724
389466,0.026780477492138743
389471,0.11476028431206942
389473,0.026233462267555296
389480,0.047522863605991006
389481,0.014802107820287347
389483,0.13187697809189558
389486,0.01245343213668093
389490,0.14070891495794058
389500,0.007621547905728221
389507,0.2249429877847433
389509,0.008301924332045019
389515,0.2121695727109909
389517,0.046190193854272366
389523,0.008084082102868706
389527,0.01863834518007934
389529,0.2819150611758232
389532,0.027865272015333176
389539,0.10640862910076976
389550,0.01562830968759954
389551,0.026208880473859608
389552,0.07223292766138911
389554,0.17417535837739706
389563,0.10883104242384434
389566,0.0875168894417584
389572,0.017437330563552678
389573,0.053571518044918776
389585,0.08683555806055665
389587,0.009933546360116452
389589,0.016281335498206317
389592,0.005684820484020747
389601,0.22527106292545795
389603,0.011061448662076145
389604,0.07414268609136343
389617,0.031385593698360026
389618,0.11385633703321218
389619,0.04334403946995735
389622,0.030677221016958356
389623,0.03990281326696277
389627,0.039132425328716636
389644,0.24916072376072407
389667,0.022827285691164434
389678,0.18829766660928726
389694,0.011152564955409616
389700,0.04926984873600304
389707,0.006942026520846412
389714,0.009600844816304743
389717,0.08918457152321935
389732,0.029878375469706953
389737,0.10364487115293741
389741,0.04617348499596119
389755,0.04138595028780401
389756,0.11267483606934547
389763,0.09141100058332086
389772,0.1991482526063919
389777,0.03000733209773898
389778,0.10053597576916218
389796,0.027354024001397192
389798,0.015228466945700347
389805,0.02803636877797544
389807,0.0822060783393681
389815,0.01871787430718541
389818,0.0900940066203475
389823,0.028536963742226362
389824,0.018814116483554244
389831,0.007320889591937885
389856,0.15273943170905113
389860,0.028022149577736855
389862,0.024997697153594345
389872,0.1126643936149776
389875,0.015336581971496344
389878,0.04443020513281226
389879,0.08805145276710391
389881,0.00875585846370086
389895,0.027046260074712336
389897,0.014277931302785873
389898,0.0363026347476989
389924,0.07239745603874326
389929,0.014918877859599888
389934,0.1763322837650776
389947,0.07057833345606923
389962,0.08574163494631648
389981,0.007077397109242156
390003,0.038161927834153175
390006,0.0791843798942864
390011,0.014386459661182016
390041,0.05008890898898244
390044,0.09561276296153665
390045,0.03886115038767457
390047,0.03893198212608695
390048,0.10350449848920107
390052,0.17698235530406237
390056,0.02695961599238217
390061,0.022980268229730427
390065,0.04065857967361808
390070,0.06347037106752396
390073,0.08301796112209558
390076,0.02229458501096815
390087,0.039820150239393115
390092,0.03085295483469963
390095,0.023294796235859394
390099,0.1555201094597578
390107,0.04153531580232084
390116,0.015478586195968091
390130,0.01372706750407815
390133,0.2285250499844551
390144,0.04095536423847079
390155,0.03337075375020504
390159,0.02255415718536824
390181,0.02133454952854663
390183,0.01221731846453622
390214,0.02359765092842281
390222,0.10284911887720227
390230,0.04386228462681174
390235,0.063652214827016
390237,0.008810277504380792
390242,0.46069367229938507
390256,0.012467787077184767
390259,0.18618602212518454
390261,0.052517355885356665
390268,0.12157553900033236
390271,0.022860416676849127
390274,0.04629339068196714
390276,0.04092277120798826
390279,0.08348735608160496
390283,0.25513919070363045
390285,0.014893512125127017
390299,0.057194795459508896
390316,0.01287443347973749
390321,0.018368594464845955
390330,0.04134284402243793
390343,0.13752319756895304
390346,0.198560306802392
390357,0.03998288209550083
390359,0.0795247913338244
390361,0.07378445426002145
390365,0.029662574641406536
390366,0.14431453496217728
390372,0.16026325523853302
390376,0.10101792961359024
390378,0.13670970033854246
390388,0.049755756510421634
390391,0.009622460405807942
390400,0.09515730338171124
390407,0.07119682990014553
390411,0.04441842599771917
390419,0.026034525828436017
390423,0.0126617107889615
390437,0.014948887750506401
390445,0.014823836041614413
390449,0.021076546981930733
390455,0.15066329389810562
390465,0.06331378873437643
390491,0.037266656290739775
390492,0.10196573659777641
390494,0.11219148151576519
390495,0.06602520402520895
390497,0.012459494988434017
390504,0.05746457353234291
390508,0.07739799143746495
390510,0.126948487944901
390512,0.03239686065353453
390524,0.02716598950792104
390531,0.011818080965895206
390558,0.12792299129068851
390561,0.033884335309267044
390564,0.005879852949874476
390569,0.027720321319065988
390574,0.10665073804557323
390575,0.06873536296188831
390587,0.15367995761334896
390620,0.16525196563452482
390621,0.09119056025519967
390633,0.07273094495758414
390634,0.07542208721861243
390638,0.10065883351489902
390639,0.03211078769527376
390642,0.008393308555241674
390647,0.24866359867155552
390648,0.029167996253818274
390663,0.14209355507045984
390686,0.009587996813934296
390688,0.1829016525298357
390690,0.022566930041648448
390691,0.050432424526661634
390696,0.1342291859909892
390703,0.0759499236010015
390711,0.13890163972973824
390722,0.028108889469876885
390736,0.24366407468914986
390747,0.21455711219459772
390752,0.17080821841955185
390760,0.11832244414836168
390774,0.01588331162929535
390777,0.010533496766583994
390781,0.03508318937383592
390793,0.022635270259343088
390838,0.06097002001479268
390847,0.07373936101794243
390851,0.11123097967356443
390854,0.026523942942731082
390858,0.017244151036720723
390864,0.08368560997769237
390871,0.08432355569675565
390905,0.07496794080361724
390908,0.07113985670730472
390910,0.008288085286039859
390917,0.017765362979844213
390919,0.0041693083476275206
390920,0.04113728692755103
390922,0.030635706149041653
390928,0.08687958586961031
390929,0.02856207056902349
390953,0.062316494062542915
390955,0.007336584501899779
390959,0.018341922434046865
390962,0.012618655455298722
390971,0.09422452189028263
390972,0.08635798282921314
390990,0.017128685605712235
390994,0.16225678473711014
390997,0.31486865505576134
391015,0.031094229547306895
391034,0.03026494535151869
391038,0.08367897709831595
391043,0.014854329056106508
391048,0.024960955954156816
391049,0.03540456248447299
391056,0.0567558107431978
391060,0.06879108119755983
391072,0.06180249573662877
391073,0.02300858951639384
391077,0.021607910632155836
391086,0.010427646106109023
391092,0.023480464587919414
391096,0.08202867908403277
391118,0.05495679029263556
391123,0.05697369948029518
391136,0.04250965919345617
391137,0.01760583953000605
391145,0.01285077107604593
391162,0.017962798126973212
391164,0.11050234362483025
391168,0.09909003507345915
391172,0.013903467450290918
391184,0.035929281963035464
391188,0.04587009036913514
391198,0.008453060523606837
391207,0.01756582735106349
391208,0.0073493231611792
391209,0.17506169900298119
391230,0.058262736070901155
391232,0.08385044755414128
391236,0.047687969636172056
391237,0.20659089367836714
391245,0.010714345262385905
391269,0.023598134634085
391274,0.0279488522792235
391275,0.14847246650606394
391276,0.025746267288923264
391279,0.09932894865050912
391285,0.014127388596534729
391306,0.013487755320966244
391310,0.0283364022616297
391321,0.005752765733632259
391327,0.039514784468337893
391341,0.1402943478897214
391350,0.017344003077596426
391353,0.004254806350218132
391354,0.023830345016904175
391357,0.03307430574204773
391367,0.247233672067523
391371,0.06589842680841684
391384,0.09620094392448664
391387,0.027314781676977873
391388,0.20592785999178886
391392,0.015413003508001566
391408,0.005337819020496681
391433,0.009144666488282382
391439,0.031031299382448196
391443,0.08128836331889033
391445,0.02366744924802333
391449,0.049416023306548595
391450,0.03299587918445468
391461,0.06790601368993521
391469,0.021366568747907877
391486,0.0066975372028537095
391487,0.15842906665056944
391500,0.018253006506711245
391501,0.016685175767634064
391505,0.010915852210018784
391516,0.015235509490594268
391517,0.014313051709905267
391522,0.023289876407943666
391539,0.11005088593810797
391543,0.20842243917286396
391546,0.03764751716516912
391552,0.10783123504370451
391555,0.03668117988854647
391564,0.015968472347594798
391565,0.01886969292536378
391570,0.019026065594516695
391586,0.05956796556711197
391587,0.046304068295285106
391588,0.04150577471591532
391590,0.04503251286223531
391613,0.28213902562856674
391614,0.045140476897358894
391617,0.004092760267667472
391623,0.040212170919403434
391635,0.04598611849360168
391653,0.02930607134476304
391661,0.10957931308075786
391670,0.02813420258462429
391682,0.018008776707574725
391713,0.017746501718647778
391717,0.10598279349505901
391726,0.20185371674597263
391738,0.02835841104388237
391740,0.02544379234313965
391741,0.0046322286943905056
391742,0.05959860375151038
391756,0.09415578981861472
391765,0.594990748912096
391766,0.07045603077858686
391768,0.0466959613841027
391771,0.040641345316544175
391784,0.05905696423724294
391786,0.21090394258499146
391791,0.06253614136949182
391798,0.01016532484209165
391820,0.22299350798130035
391831,0.010957000020425767
391842,0.01915492513217032
391843,0.012889397563412786
391853,0.033634348306804895
391858,0.08116965461522341
391866,0.1853209249675274
391867,0.007885229453677312
391870,0.054983041947707534
391879,0.027872292092069983
391903,0.05184877244755626
391915,0.03383521758951247
391920,0.011088279483374208
391929,0.13799650128930807
391935,0.011337830335833132
391944,0.0185667130863294
391945,0.06761999754235148
391947,0.08594245510175824
391957,0.0299639655277133
391960,0.0409446379635483
391966,0.03547286125831306
391977,0.021004135021939874
391983,0.02381677774246782
391990,0.07902851887047291
391999,0.02776048774830997
392010,0.006504582415800542
392011,0.017876866622827947
392012,0.01433217735029757
392013,0.018726035254076123
392015,0.01187671534717083
392027,0.09894559299573302
392029,0.15517672803252935
392031,0.0474351174198091
392035,0.012459259014576674
392042,0.013658722047694027
392049,0.016451793140731752
392050,0.05843192804604769
392062,0.0479092001914978
392068,0.13302529975771904
392071,0.04235568712465465
392079,0.014355962804984301
392087,0.022394611733034253
392106,0.0902115679346025
392111,0.01661817729473114
392123,0.04108654777519405
392127,0.09602749813348055
392132,0.0493608214892447
392149,0.06426615733653307
392151,0.06259788852185011
392175,0.1848278623074293
392186,0.07640956714749336
392190,0.21649161912500858
392196,0.18496542610228062
392202,0.02711883746087551
392212,0.06194807356223464
392221,0.10993704572319984
392224,0.2140927668660879
392230,0.021731461747549474
392232,0.13429696019738913
392234,0.11766606289893389
392239,0.055838767206296325
392240,0.10861051827669144
392241,0.005202669941354543
392243,0.15314015466719866
392250,0.03795191226527095
392253,0.02102354436647147
392258,0.03296891646459699
392260,0.035191568778827786
392270,0.15584776364266872
392280,0.04217465687543154
392283,0.013606825028546154
392293,0.023592634126544
392311,0.12443755194544792
392316,0.02986288326792419
392317,0.09629549970850348
392319,0.17504069674760103
392328,0.015584475477226079
392363,0.041057083290070295
392369,0.03469640458934009
392371,0.018107760115526617
392372,0.05369260907173157
392386,0.06227423157542944
392389,0.11646167002618313
392390,0.15617227740585804
392391,0.18397344928234816
392398,0.005545001913560554
392399,0.0399736356921494
392404,0.1264060828834772
392405,0.014215761329978704
392408,0.0807180367410183
392422,0.02939817658625543
392423,0.02870938554406166
392424,0.04887100914493203
392429,0.027833217289298773
392430,0.11055149976164103
392431,0.0418813843280077
392437,0.026785343186929822
392450,0.020270434906706214
392458,0.016969059477560222
392460,0.08601775439456105
392469,0.10883294139057398
392474,0.051698677241802216
392491,0.12116068974137306
392495,0.007988897996256128
392513,0.18615245446562767
392526,0.15858473256230354
392527,0.1507907435297966
392534,0.035656688967719674
392540,0.26012440770864487
392554,0.0942030856385827
392571,0.015863300068303943
392578,0.04222709755413234
392583,0.03514076839201152
392588,0.14860436879098415
392594,0.10647999867796898
392604,0.010106145055033267
392610,0.08058579778298736
392613,0.024630245519801974
392619,0.10441060410812497
392622,0.15186073444783688
392624,0.011450214544311166
392629,0.22361847758293152
392634,0.09212998580187559
392639,0.013794964295811951
392649,0.02954302926082164
392671,0.10430257208645344
392680,0.250943660736084
392682,0.006609719333937392
392684,0.02897287765517831
392685,0.1836794000118971
392686,0.22708343900740147
392699,0.007446452276781201
392704,0.01357262337114662
392709,0.02163796324748546
392714,0.31602769158780575
392717,0.012238449533469975
392727,0.027081513893790543
392730,0.05254195351153612
392741,0.03378919465467334
392754,0.008365005167433992
392762,0.029456457821652293
392774,0.05166903231292963
392775,0.055648555513471365
392793,0.03946118871681392
392800,0.0975702665746212
392809,0.0721428832039237
392812,0.03195266565307975
392814,0.027201822376810014
392820,0.06800450896844268
392825,0.026282914681360126
392847,0.04260778101161122
392849,0.3338931892067194
392861,0.14600373804569244
392868,0.09717140672728419
392880,0.13346136640757322
392882,0.03530603856779635
392888,0.05891065252944827
392905,0.021107502630911767
392909,0.1607629330828786
392915,0.09539356641471386
392925,0.030028392793610692
392931,0.03224778373260051
392933,0.03223869507201016
392935,0.04334535845555365
392939,0.020143929054029286
392951,0.015517312684096396
392960,0.00473611791676376
392962,0.08736251667141914
392964,0.04822711460292339
392970,0.022015891037881374
392980,0.017589139170013368
392981,0.0351343157235533
392985,0.029197271331213415
392990,0.05036194436252117
392992,0.1466625016182661
392998,0.0753675801679492
392999,0.07563486881554127
393007,0.02996990387327969
393009,0.07700229762122035
393012,0.03603220428340137
393014,0.026975488988682628
393015,0.059384437277913094
393035,0.11434866022318602
393055,0.013894592237193137
393056,0.048573956824839115
393075,0.03651033295318484
393078,0.012287747231312096
393094,0.06643815012648702
393111,0.03375926217995584
393115,0.05303326481953263
393117,0.2423730120062828
393118,0.0178163954988122
393128,0.1547770332545042
393129,0.022364859003573656
393136,0.01806286274222657
393138,0.041059246053919196
393139,0.1585252219811082
393156,0.023522557457908988
393159,0.26306621357798576
393168,0.023370805894955993
393172,0.0788055146113038
393177,0.075187839102
393189,0.003186988164088689
393194,0.22091110982000828
393201,0.021241485024802387
393202,0.038482491159811616
393209,0.025582136935554445
393216,0.10708071757107973
393218,0.19342087674885988
393224,0.008303138019982725
393227,0.07399586262181401
393232,0.026411451632156968
393256,0.06968935392796993
393257,0.07710641250014305
393258,0.19257314503192902
393267,0.02464733913075179
393269,0.03950261208228767
393275,0.11738589871674776
393278,0.03600705973803997
393279,0.06129402224905789
393312,0.05411489587277174
393318,0.03729937970638275
393343,0.038946014596149325
393351,0.05681158183142543
393356,0.009641081793233752
393361,0.10284239519387484
393370,0.038851624354720116
393381,0.02552643627859652
393395,0.07302582915872335
393405,0.011458479973953217
393416,0.049768074648454785
393419,0.016894098254851997
393430,0.1279963245615363
393443,0.07518825028091669
393454,0.1868269918486476
393478,0.01047251041745767
393489,0.007504120731027797
393499,0.039659990929067135
393503,0.034146316116675735
393505,0.07977140555158257
393507,0.03889125562272966
393526,0.049504551803693175
393537,0.01831899071112275
393543,0.010294211795553565
393555,0.022333642467856407
393562,0.021348277921788394
393573,0.14334163255989552
393587,0.16928710602223873
393591,0.0833034897223115
393606,0.01261074241483584
393621,0.09250187734141946
393624,0.032467273995280266
393625,0.3284732047468424
393628,0.11807685438543558
393633,0.031735795782878995
393641,0.059218803187832236
393642,0.03654451621696353
393650,0.017778189620003104
393658,0.09037868212908506
393669,0.027631326229311526
393671,0.06643700925633311
393672,0.0363380687776953
393680,0.01672334532486275
393683,0.22805820778012276
393684,0.10075830155983567
393691,0.01733269274700433
393696,0.007929919083835557
393699,0.02229493367485702
393708,0.044924523681402206
393709,0.07716524926945567
393711,0.13975529931485653
393720,0.12639382015913725
393738,0.014777021831832826
393740,0.020571184461005032
393762,0.0023058500737533905
393774,0.02916255430318415
393776,0.016766060958616436
393778,0.040376612450927496
393793,0.013649658241774887
393804,0.09314971091225743
393818,0.13968819752335548
393821,0.015615786076523364
393822,0.013015090196859092
393833,0.16774796694517136
393839,0.06930981669574976
393840,0.08071869239211082
393843,0.017618598300032318
393852,0.00441817709361203
393855,0.021251942380331457
393860,0.1511518508195877
393864,0.0804993063211441
393877,0.12933033145964146
393882,0.12531825061887503
393884,0.16206285636872053
393886,0.02678877639118582
393892,0.027711163740605116
393894,0.024419231456704438
393902,0.06752623477950692
393909,0.19451688788831234
393910,0.014857881935313344
393911,0.009759759937878698
393934,0.023692559101618826
393936,0.22864404879510403
393939,0.14665089268237352
393940,0.020197864272631705
393943,0.02822573867160827
393946,0.14552984293550253
393950,0.019538659951649606
393953,0.029292356222867966
393959,0.33215042017400265
393974,0.21703116968274117
393980,0.09291934920474887
393983,0.02577340928837657
393985,0.0520455245859921
393992,0.035515293246135116
393995,0.11157076107338071
394008,0.1719101034104824
394010,0.027231025276705623
394022,0.029709328431636095
394062,0.016268839361146092
394063,0.07506980048492551
394066,0.021577178966253996
394069,0.04839517967775464
394071,0.062450600787997246
394082,0.026789111900143325
394087,0.05458073318004608
394095,0.0169428150402382
394097,0.11723861377686262
394106,0.029453757451847196
394113,0.5898320004343987
394115,0.24787639826536179
394125,0.027558075147680938
394131,0.018244377919472754
394132,0.05562456441111863
394141,0.06583457952365279
394145,0.1869870712980628
394153,0.42930547520518303
394159,0.02296357916202396
394180,0.031341038877144456
394186,0.019992803572677076
394200,0.031291845720261335
394203,0.011901035788469017
394210,0.018244437756948173
394214,0.1212536059319973
394218,0.20373262837529182
394231,0.05661132466048002
394240,0.11604570504277945
394248,0.09828168246895075
394249,0.0024804606509860605
394254,0.060381037183105946
394264,0.07789664389565587
394267,0.04276592284440994
394269,0.07508697174489498
394275,0.05284188687801361
394289,0.012344393006060272
394295,0.015805846254806966
394305,0.11222947016358376
394308,0.03906311187893152
394317,0.005378142552217469
394323,0.2624174542725086
394332,0.042836727341637015
394336,0.07828090293332934
394345,0.2639832329005003
394346,0.033534378511831164
394347,0.018729076022282243
394351,0.035239198710769415
394355,0.13425750005990267
394360,0.014751614071428776
394372,0.07680115476250648
394373,0.14885611180216074
394374,0.03307157941162586
394382,0.08180909510701895
394385,0.10627322923392057
394409,0.1514489520341158
394415,0.030382057186216116
394433,0.04001494334079325
394445,0.02563183242455125
394448,0.029668228700757027
394451,0.054206716595217586
394467,0.02527387614827603
394471,0.02329265291336924
394473,0.11226288601756096
394474,0.03159976680763066
394476,0.12215570081025362
394492,0.011240580643061548
394502,0.03732539317570627
394506,0.08185264468193054
394510,0.02257346094120294
394515,0.012005028140265495
394535,0.09019747748970985
394537,0.23338139615952969
394539,0.07581531908363104
394541,0.02442261320538819
394564,0.042852556332945824
394567,0.023588287993334234
394568,0.03887044172734022
394571,0.08123561926186085
394576,0.01912502956110984
394579,0.16818486340343952
394585,0.0462947036139667
394588,0.00579673275933601
394606,0.022601941716857255
394623,0.012446934124454856
394632,0.11047835554927588
394635,0.08240757277235389
394642,0.018235843279398978
394653,0.10719174426048994
394689,0.012910459656268358
394695,0.023675087722949684
394699,0.03440246486570686
394706,0.025999377481639385
394712,0.11468404717743397
394721,0.3092503249645233
394722,0.07060755509883165
394739,0.007350834290264174
394742,0.3516480624675751
394761,0.08306622598320246
394775,0.06130314967595041
394777,0.23577624559402466
394783,0.06590597983449697
394800,0.1337976949289441
394803,0.02284446731209755
394804,0.4574408270418644
394815,0.03643224807456136
394835,0.06247948436066508
394843,0.4391864873468876
394845,0.15640453528612852
394847,0.011620933713857085
394848,0.12738858442753553
394850,0.04035587655380368
394857,0.025162396137602627
394873,0.08487269654870033
394892,0.07017300790175796
394898,0.024469477590173483
394904,0.030724578886292875
394918,0.11544408835470676
394920,0.09046902367845178
394926,0.005839052610099316
394927,0.026087066857144237
394940,0.010793492896482348
394942,0.017242883914150298
394943,0.07914031902328134
394959,0.026061590062454343
394977,0.11736450344324112
394991,0.08407541317865252
395014,0.18991077970713377
395027,0.023321728804148734
395042,0.14956067595630884
395062,0.0966533413156867
395063,0.23489194363355637
395064,0.05799851147457957
395076,0.07925716647878289
395085,0.07902653608471155
395095,0.056781040504574776
395100,0.011825055989902467
395105,0.0926440516486764
395108,0.011089461389929056
395110,0.09844398684799671
395114,0.11744159087538719
395123,0.31572300009429455
395131,0.07696224376559258
395144,0.015622323844581842
395152,0.09297328162938356
395159,0.03388760262168944
395166,0.0523627067450434
395197,0.014460711739957333
395210,0.03569161705672741
395212,0.030187027878127992
395216,0.07797145936638117
395218,0.08383005578070879
395224,0.011713948100805283
395225,0.10471230652183294
395233,0.08748835185542703
395237,0.010637215746100992
395246,0.033426336478441954
395248,0.16689762566238642
395262,0.027416373370215297
395271,0.029432802693918347
395275,0.022841427475214005
395286,0.03464311733841896
395316,0.0909375105984509
395318,0.2857739720493555
395328,0.07655237382277846
395334,0.05058450112119317
395337,0.22785649821162224
395338,0.05301466630771756
395346,0.07195229455828667
395365,0.11203153245151043
395373,0.0625801517162472
395383,0.3237124737352133
395387,0.02434162748977542
395391,0.007470904907677323
395401,0.13230516109615564
395432,0.009017308941110969
395443,0.008051786106079817
395447,0.02421186782885343
395448,0.1580547597259283
395450,0.038226384203881025
395456,0.014946977666113526
395459,0.086638362146914
395462,0.039796999422833323
395488,0.22280204109847546
395492,0.032698317896574736
395495,0.025356814614497125
395504,0.08925642166286707
395507,0.01387653878191486
395508,0.09455741476267576
395509,0.03505619731731713
395513,0.09490768704563379
395515,0.04704984277486801
395517,0.3365836702287197
395520,0.06223925109952688
395524,0.012414891738444567
395525,0.007610780390677974
395533,0.024560815654695034
395538,0.01103669498115778
395545,0.0165559976012446
395553,0.03407955775037408
395576,0.07676063058897853
395585,0.07865301100537181
395590,0.026405421434901655
395593,0.022088820347562432
395595,0.0132809157948941
395603,0.040440140292048454
395604,0.1395797859877348
395611,0.10244874283671379
395612,0.025082455133087933
395617,0.026815897086635232
395624,0.015274306177161634
395653,0.12110283225774765
395665,0.029593819053843617
395668,0.08964043762534857
395672,0.06838960014283657
395677,0.026018451200798154
395692,0.021745512378402054
395693,0.12782169226557016
395694,0.033654911909252405
395696,0.03745806240476668
395699,0.0163150176522322
395703,0.021485303295776248
395712,0.08343059616163373
395731,0.011002145416568965
395732,0.047291127033531666
395735,0.014062346424907446
395736,0.012605972529854625
395744,0.09275541175156832
395763,0.024381755152717233
395771,0.019614373799413443
395774,0.026497403625398874
395784,0.037792408373206854
395790,0.03759582922793925
395792,0.3472719322890043
395796,0.07086550677195191
395808,0.06630994006991386
395810,0.044118257937952876
395814,0.08363322680816054
395831,0.05484128883108497
395836,0.05814090417698026
395837,0.04701103991828859
395852,0.059039413928985596
395854,0.004802204843144864
395856,0.082785754930228
395857,0.07433410454541445
395860,0.01019157434348017
395862,0.020374239655211568
395875,0.03588353609666228
395880,0.03411457547917962
395893,0.19671466387808323
395900,0.025703578838147223
395908,0.12172093708068132
395921,0.2821218501776457
395922,0.009607119747670367
395926,0.14021447580307722
395933,0.019527171389199793
395936,0.012849369551986456
395940,0.023333126795478165
395951,0.1027878550812602
395964,0.01118963211774826
395969,0.06694039516150951
395971,0.04129038844257593
395973,0.028054399183019996
395975,0.06387503119185567
395984,0.22051641531288624
395993,0.017477002867963165
396012,0.1203749468550086
396033,0.20117030572146177
396035,0.051260421285405755
396036,0.06980572873726487
396041,0.03329801629297435
396048,0.052639712346717715
396049,0.0626119514927268
396057,0.04352156212553382
396060,0.06176080368459225
396063,0.02366671129129827
396078,0.07757918769493699
396085,0.10525839310139418
396087,0.05479075270704925
396094,0.05211667506955564
396104,0.010665911133401096
396110,0.041584890335798264
396123,0.1575019732117653
396139,0.05699867894873023
396160,0.022977911634370685
396165,0.05736843403428793
396169,0.05170820141211152
396182,0.026691689155995846
396200,0.35688772797584534
396201,0.010676582925952971
396202,0.030357914743945003
396216,0.080415821634233
396227,0.07043428719043732
396236,0.009171444369712844
396240,0.17642435431480408
396249,0.03026402462273836
396252,0.06292438833042979
396253,0.1034861858934164
396276,0.0335101461969316
396297,0.06586550176143646
396301,0.008784985693637282
396310,0.009203383466228843
396327,0.05620986269786954
396330,0.020269088097847998
396331,0.06208223570138216
396334,0.032378224190324545
396337,0.02968286839313805
396343,0.053300739731639624
396346,0.012739378376863897
396350,0.23121382854878902
396368,0.0116368243470788
396375,0.20998022332787514
396378,0.04808067763224244
396380,0.1372651131823659
396393,0.020924628828652203
396397,0.0277094435878098
396403,0.017974438378587365
396404,0.20139255933463573
396408,0.05224186577834189
396414,0.056941630551591516
396418,0.2933232467621565
396420,0.03510459582321346
396426,0.0380115588195622
396428,0.022486308589577675
396434,0.06555518647655845
396435,0.024353582761250436
396437,0.007677374902414158
396442,0.014125321351457387
396444,0.009638018382247537
396449,0.01334951986791566
396453,0.06356520904228091
396464,0.03679186198860407
396474,0.018700167653150856
396483,0.026050341548398137
396496,0.04956068517640233
396501,0.03387320158071816
396505,0.042584419483318925
396506,0.013340624514967203
396512,0.007300278259208426
396513,0.20555217191576958
396518,0.019772638916037977
396530,0.13098863791674376
396542,0.06262705055996776
396549,0.01579727977514267
396553,0.008910700504202396
396555,0.1350851794704795
396557,0.03155482455622405
396562,0.1560955010354519
396566,0.07962283212691545
396588,0.08567011263221502
396589,0.12970018666237593
396590,0.07865688437595963
396597,0.017116778588388115
396602,0.011689766542986035
396609,0.13266044482588768
396614,0.19295585341751575
396617,0.07601658347994089
396620,0.1588693456724286
396625,0.15538814291357994
396638,0.030524043599143624
396640,0.028479337226599455
396646,0.09773147059604526
396648,0.029725995380431414
396653,0.013849074603058398
396663,0.07974105095490813
396668,0.04078767099417746
396670,0.045888362219557166
396678,0.02355224289931357
396681,0.02831609221175313
396698,0.014283689088188112
396699,0.1567291785031557
396710,0.08831675257533789
396713,0.057786245830357075
396729,0.029494262649677694
396732,0.08871626853942871
396735,0.1675849761813879
396752,0.1014957893639803
396754,0.02554536669049412
396761,0.017184847383759916
396769,0.04873149166814983
396777,0.012836053501814604
396789,0.1403586696833372
396790,0.022648240788839757
396792,0.03093606303445995
396824,0.04138909326866269
396829,0.029605845687910914
396830,0.0651851394213736
396844,0.12961775809526443
396849,0.03667259146459401
396855,0.4201994799077511
396864,0.08907561283558607
396865,0.05180883267894387
396866,0.02187251695431769
396883,0.03484627045691013
396889,0.07558380998671055
396893,0.03712917771190405
396900,0.20292268879711628
396904,0.026542811654508114
396912,0.009335982671473175
396916,0.005174066434847191
396922,0.006503689364762977
396926,0.02433952782303095
396928,0.025378713733516634
396931,0.07127406541258097
396944,0.020091783604584634
396949,0.04068479570560157
396952,0.1982454853132367
396979,0.11343988915905356
396984,0.007474560989066958
396986,0.034283758606761694
396992,0.012278993322979659
396995,0.3752647712826729
397014,0.052825239952653646
397025,0.02245290484279394
397046,0.11450747027993202
397047,0.03517750045284629
397051,0.024639047915115952
397052,0.07691894844174385
397058,0.018761412473395467
397071,0.03246136545203626
397081,0.06673106690868735
397084,0.01683238218538463
397086,0.3111417479813099
397088,0.037120144348591566
397090,0.22426559776067734
397093,0.043553444324061275
397106,0.013528255221899599
397109,0.19881054386496544
397110,0.09310287330299616
397118,0.007908978499472141
397119,0.03623054060153663
397120,0.00517819871311076
397127,0.009789430216187611
397128,0.04279500897973776
397129,0.0926249073818326
397132,0.0244777649641037
397138,0.01998995488975197
397139,0.08808073261752725
397146,0.2136166412383318
397148,0.1503256894648075
397149,0.1084285993129015
397166,0.025565372314304113
397167,0.23021910339593887
397168,0.031286100624129176
397171,0.013336107891518623
397178,0.2912078034132719
397185,0.022758311592042446
397191,0.03764739749021828
397195,0.0328788326587528
397197,0.08227665768936276
397198,0.0393846919760108
397211,0.05009975144639611
397213,0.020917985122650862
397216,0.014151806593872607
397219,0.13117060996592045
397226,0.017294517252594233
397241,0.07288825465366244
397249,0.05413007060997188
397261,0.011642546742223203
397265,0.011146043601911515
397281,0.009828856273088604
397304,0.03646922833286226
397306,0.02510004409123212
397325,0.05019877990707755
397327,0.019792184932157397
397345,0.19321515038609505
397360,0.022770388750359416
397378,0.0111748919589445
397383,0.029065862065181136
397384,0.031248081591911614
397399,0.10815773298963904
397415,0.01577510329661891
397433,0.007968515303218737
397444,0.27081528306007385
397452,0.20038190111517906
397458,0.014404352579731494
397460,0.03955913661047816
397462,0.022931802668608725
397464,0.014934804989024997
397466,0.29093253426253796
397472,0.014072501217015088
397474,0.032231397926807404
397476,0.10708561167120934
397482,0.09638459421694279
397492,0.12755008786916733
397494,0.01027441638871096
397501,0.14956274535506964
397507,0.12851277645677328
397512,0.14991988614201546
397513,0.026085516554303467
397517,0.010753319395007566
397533,0.06337197218090296
397549,0.14119439851492643
397560,0.05466300481930375
397562,0.01999693864490837
397570,0.15814521256834269
397575,0.018428206676617265
397584,0.08083479292690754
397585,0.008372525742743164
397593,0.007672487234231085
397609,0.04072325024753809
397615,0.00937520427396521
397630,0.1359249036759138
397631,0.02659868262708187
397633,0.11604440351948142
397641,0.00992959993891418
397664,0.015570849529467523
397668,0.011417181114666164
397674,0.02612174756359309
397679,0.037640523398295045
397681,0.11347444355487823
397694,0.016140565858222544
397695,0.04990188172087073
397707,0.3058992773294449
397713,0.040828765369951725
397714,0.06839574268087745
397715,0.012998782389331609
397724,0.01813181582838297
397726,0.16378788277506828
397729,0.017261625383980572
397739,0.01669613621197641
397741,0.013677373994141817
397759,0.050481167156249285
397761,0.03646338381804526
397767,0.08543669804930687
397776,0.0907840202562511
397782,0.17755014449357986
397785,0.050847546895965934
397789,0.04383525555022061
397793,0.06805368978530169
397794,0.1072548353113234
397804,0.013889497320633382
397815,0.02853946597315371
397816,0.017542746441904455
397825,0.02853079792112112
397857,0.06459755543619394
397861,0.06006555166095495
397890,0.04552807821892202
397891,0.18840672820806503
397900,0.05618573119863868
397903,0.05028036911971867
397911,0.018599139293655753
397925,0.04666084120981395
397928,0.045702757546678185
397954,0.0064348611631430686
397955,0.005461673077661544
397962,0.04100357694551349
397971,0.02226105926092714
397975,0.10487283673137426
397984,0.05692676082253456
397989,0.01868745789397508
397993,0.10096072778105736
398004,0.03643809678032994
398032,0.20225822273641825
398038,0.01441085513215512
398043,0.025858940673060715
398046,0.0174349577864632
398051,0.06644775299355388
398061,0.018745303037576377
398082,0.044570391066372395
398086,0.030362856341525912
398087,0.04014758742414415
398088,0.0374848588835448
398093,0.02448422962334007
398103,0.014793376438319683
398106,0.053662408608943224
398109,0.04451959254220128
398110,0.016786054824478924
398113,0.030153144616633654
398116,0.07195235462859273
398132,0.022502386709675193
398135,0.027832650812342763
398138,0.032791791250929236
398159,0.09306409629061818
398163,0.13268158491700888
398165,0.020187810761854053
398166,0.0688018025830388
398173,0.10291448794305325
398179,0.05233932426199317
398181,0.04369386890903115
398189,0.013925003469921649
398196,0.05401902738958597
398206,0.06333359377458692
398208,0.05525474576279521
398220,0.027700284379534423
398231,0.03008451545611024
398234,0.3303642217069864
398239,0.014524291851557791
398254,0.005172014731215313
398260,0.012912617647089064
398261,0.010073940269649029
398269,0.17491399496793747
398274,0.01430222624912858
398279,0.010722517094109207
398280,0.0909507554024458
398292,0.12462711706757545
398293,0.11225329618901014
398295,0.16802762169390917
398329,0.031912781996652484
398337,0.062271465780213475
398344,0.022402332862839103
398347,0.017489976133219898
398348,0.48213279619812965
398352,0.004400779798743315
398355,0.10430132132023573
398360,0.23787975870072842
398363,0.03581612650305033
398368,0.053705868776887655
398373,0.09421281423419714
398377,0.05207138042896986
398384,0.02544762915931642
398389,0.02242921228753403
398394,0.17097978480160236
398397,0.024086092016659677
398400,0.04012351087294519
398409,0.02187952643726021
398429,0.047428788617253304
398432,0.11891831830143929
398444,0.4781609922647476
398446,0.21199047565460205
398456,0.016712403274141252
398461,0.016981241176836193
398473,0.042729116044938564
398480,0.02648897678591311
398481,0.09296134021133184
398485,0.07177247758954763
398488,0.41975879669189453
398500,0.024074696353636682
398520,0.1516043096780777
398524,0.05740712839178741
398534,0.046585217816755176
398554,0.006493656896054745
398572,0.0768631836399436
398580,0.0312129280064255
398586,0.026345327380113304
398592,0.17832844611257315
398606,0.1120288660749793
398619,0.02846626890823245
398621,0.11683826427906752
398625,0.03654934628866613
398645,0.17123383656144142
398652,0.21173257566988468
398656,0.007508957554819062
398661,0.10276588844135404
398667,0.022659486159682274
398669,0.08520697569474578
398676,0.026202557375654578
398690,0.022350528044626117
398699,0.1559204813092947
398715,0.08580237254500389
398718,0.009353252477012575
398721,0.022509505390189588
398729,0.053323559230193496
398737,0.03379924804903567
398738,0.020542372250929475
398752,0.15612143743783236
398757,0.030913020251318812
398759,0.02915821596980095
398764,0.17500378098338842
398771,0.0426686683204025
398773,0.024562876671552658
398775,0.029835162218660116
398779,0.1508694076910615
398791,0.22590674832463264
398807,0.059497667010873556
398811,0.03683615010231733
398814,0.046879871748387814
398817,0.019387390930205584
398829,0.015814002486877143
398830,0.025050233234651387
398838,0.011621649377048016
398839,0.08474488835781813
398841,0.0743967262096703
398850,0.027483270037919283
398852,0.01601221488090232
398858,0.059176398906856775
398859,0.05610581208020449
398862,0.08335757674649358
398870,0.09975132718682289
398875,0.02381544071249664
398902,0.0062873768038116395
398910,0.004148158128373325
398919,0.12051698099821806
398929,0.05079360678792
398935,0.21495585329830647
398940,0.020718874875456095
398953,0.15094127226620913
398956,0.032575339544564486
398963,0.0034797529078787193
398966,0.13424168527126312
398967,0.08775446051731706
398968,0.07132840529084206
398974,0.05511464970186353
398976,0.020655685337260365
398982,0.02490941365249455
398993,0.042102365754544735
399011,0.05829948512837291
399016,0.04347738646902144
399017,0.024739078944548965
399020,0.07315638242289424
399047,0.06870935345068574
399053,0.3503153044730425
399056,0.01888749352656305
399061,0.05006846971809864
399066,0.17713768407702446
399074,0.05361250462010503
399086,0.027442499296739697
399088,0.09086669562384486
399091,0.10174898756667972
399092,0.21190859749913216
399093,0.048196287360042334
399100,0.010686322930268943
399124,0.02360586146824062
399131,0.06591650797054172
399142,0.01867726375348866
399149,0.012602587521541864
399158,0.11391915194690228
399160,0.011531185475178063
399167,0.0068577423808164895
399169,0.023782818112522364
399171,0.003281272205640562
399174,0.0678279185667634
399178,0.08148513454943895
399179,0.24531392939388752
399184,0.04237501136958599
399185,0.018856118549592793
399186,0.07505205972120166
399191,0.02981080673635006
399192,0.024391525774262846
399195,0.3605618607252836
399212,0.2582654748111963
399221,0.09982971660792828
399223,0.11636434495449066
399230,0.12281997688114643
399246,0.06087545305490494
399260,0.05842932593077421
399261,0.06216121418401599
399266,0.01701248821336776
399289,0.09591809287667274
399293,0.03250289335846901
399299,0.03135359287261963
399306,0.031061642221175134
399321,0.023798147100023925
399328,0.022090184851549566
399344,0.025499010924249887
399352,0.05860595125705004
399358,0.029903003945946693
399374,0.06742499116808176
399382,0.20615414157509804
399385,0.06823563389480114
399388,0.03691000025719404
399399,0.019351230410393327
399410,0.006823290575994179
399417,0.0064719053625594825
399423,0.019680650671944022
399427,0.007280911173438653
399429,0.0472887500654906
399435,0.031703243032097816
399439,0.024379553855396807
399451,0.10391742456704378
399454,0.027923223562538624
399458,0.06305837258696556
399468,0.016550884465686977
399477,0.041450177086517215
399483,0.06178726768121123
399493,0.012754763418342918
399494,0.050735900178551674
399499,0.0708894869312644
399503,0.0366933261975646
399510,0.040762743912637234
399511,0.020297011244110763
399525,0.03737369203008711
399528,0.046497306087985635
399533,0.049865893786773086
399538,0.09503491502255201
399551,0.0647035064175725
399568,0.13652839232236147
399571,0.020015092683024704
399585,0.004589081072481349
399589,0.1601266823709011
399595,0.009024975559441373
399598,0.015744297532364726
399605,0.04835654376074672
399616,0.04834305658005178
399617,0.013028477784246206
399622,0.02840001485310495
399627,0.0984522863291204
399635,0.06127783516421914
399639,0.20264337211847305
399641,0.03764809062704444
399643,0.03242803807370365
399659,0.010011001490056515
399667,0.040910245617851615
399683,0.028328522574156523
399702,0.13830706663429737
399706,0.18139576353132725
399720,0.022585403872653842
399727,0.05674543743953109
399730,0.1900703413411975
399734,0.03566810395568609
399751,0.04014342627488077
399754,0.16351290978491306
399759,0.10100300377234817
399768,0.020623551798053086
399770,0.11183011205866933
399781,0.08229921106249094
399786,0.09960088785737753
399799,0.04758932627737522
399811,0.020404553157277405
399813,0.030205218004994094
399820,0.08647740632295609
399832,0.011021135898772627
399851,0.1861579455435276
399853,0.0128347979625687
399855,0.06923093786463141
399860,0.05683008208870888
399876,0.22049167566001415
399877,0.023493479704484344
399881,0.002831036334100645
399882,0.0535069783218205
399903,0.037431730539537966
399906,0.04246652219444513
399912,0.0953920679166913
399915,0.07677031541243196
399921,0.007421056710882112
399935,0.06439205072820187
399936,0.16377197671681643
399938,0.034002290572971106
399939,0.023356963181868196
399940,0.00876289396546781
399949,0.037391338497400284
399953,0.005386410834034905
399959,0.2267544660717249
399968,0.03032420016825199
399969,0.006161960598547012
399972,0.011096961097791791
399974,0.009831029630731791
399976,0.019411676563322544
399979,0.0884973518550396
399988,0.10830982401967049
399994,0.23730771988630295
399996,0.0930873891338706
399997,0.051114155212417245
400000,0.027215118403546512
400004,0.020951072103343904
400011,0.04512073169462383
400014,0.2371289823204279
400015,0.011505189526360482
400017,0.041773844975978136
400046,0.06726541230455041
400063,0.06672716420143843
400065,0.03461755090393126
400069,0.02285011950880289
400075,0.010034373262897134
400088,0.01173574011772871
400091,0.02096990728750825
400105,0.018129296018742025
400108,0.11685097310692072
400113,0.05961900623515248
400119,0.043052721535786986
400123,0.04213169007562101
400127,0.0246996667701751
400136,0.028728943783789873
400137,0.2411474622786045
400138,0.08385335607454181
400158,0.09552450990304351
400172,0.025935078505426645
400174,0.049010155722498894
400224,0.06670448137447238
400229,0.1589365666732192
400236,0.24058924615383148
400240,0.009410116937942803
400249,0.008103114494588226
400258,0.09208212792873383
400268,0.08573032496497035
400272,0.012170515023171902
400284,0.04523240518756211
400292,0.03350038267672062
400295,0.07130903331562877
400308,0.0420248347800225
400314,0.05427204165607691
400315,0.013889883877709508
400331,0.3289770111441612
400332,0.016861004289239645
400339,0.02488875121343881
400342,0.04908955818973482
400361,0.08078310079872608
400363,0.08861998049542308
400365,0.013846622197888792
400374,0.07187249884009361
400379,0.03829239006154239
400382,0.022611788474023342
400416,0.039458683459088206
400422,0.06482262955978513
400436,0.044127607019618154
400460,0.03777532000094652
400462,0.21372789330780506
400468,0.12214545253664255
400482,0.03529316233471036
400489,0.02703262190334499
400490,0.07518131379038095
400501,0.022056119982153177
400519,0.046327058458700776
400525,0.17413530964404345
400526,0.007936104229884222
400529,0.17502105608582497
400540,0.03776882099919021
400543,0.0758505049161613
400545,0.03650485328398645
400556,0.040088057052344084
400572,0.07289740396663547
400584,0.01230155979283154
400589,0.08074411330744624
400593,0.2845404874533415
400597,0.017860653577372432
400616,0.07520155748352408
400642,0.12108573131263256
400643,0.07352972589433193
400649,0.01744414074346423
400672,0.04925482743419707
400685,0.019768326310440898
400693,0.10913308244198561
400695,0.12305277399718761
400701,0.0204505305737257
400720,0.03957195929251611
400741,0.03361728135496378
400745,0.09842484444379807
400750,0.009087118378374726
400779,0.06796282017603517
400784,0.026568659581243992
400792,0.031740290112793446
400800,0.02305609150789678
400811,0.025890744174830616
400813,0.320973614230752
400820,0.002227331991889514
400830,0.05606496939435601
400833,0.022116799897048622
400834,0.025576225598342717
400841,0.020188929862342775
400855,0.20570008549839258
400856,0.037649719044566154
400860,0.018977456842549145
400866,0.0226585753262043
400869,0.042695032665506005
400870,0.04959541978314519
400880,0.03450796823017299
400882,0.025671801064163446
400915,0.07522433483973145
400921,0.16717254556715488
400923,0.06263365130871534
400925,0.01713775540702045
400936,0.02464281185530126
400943,0.0731478095985949
400962,0.020059615490026772
400963,0.08273044042289257
400967,0.03329492430202663
400970,0.05545651726424694
400975,0.01411127345636487
400981,0.213752755895257
400983,0.2879826743155718
400987,0.03956671361811459
400988,0.028241882100701332
400994,0.05856058606877923
400998,0.10508727934211493
401002,0.019296828424558043
401003,0.05242605344392359
401005,0.048705189023166895
401007,0.032638455741107464
401022,0.21505541168153286
401029,0.31083435006439686
401035,0.04748496552929282
401036,0.1734826508909464
401040,0.011595353716984391
401045,0.025876415777020156
401053,0.01882656605448574
401065,0.021629028022289276
401067,0.06098876753821969
401069,0.017044579843059182
401073,0.24843963235616684
401074,0.06207660585641861
401078,0.030865060398355126
401082,0.2023463100194931
401086,0.024037258932366967
401092,0.03866700339131057
401097,0.03645841171965003
401098,0.020227110595442355
401099,0.14311924297362566
401100,0.03996644401922822
401107,0.0792642729356885
401119,0.16926983837038279
401120,0.01930906588677317
401137,0.11757499352097511
401142,0.12668801005929708
401162,0.038830062840133905
401163,0.14105001371353865
401172,0.010976686491630971
401179,0.0791333056986332
401182,0.03099750028923154
401184,0.0641287830658257
401190,0.021815295331180096
401207,0.020094735780730844
401210,0.030396442743949592
401220,0.033943474874831736
401225,0.046150967944413424
401230,0.27919781766831875
401240,0.008805014775134623
401246,0.08432974992319942
401256,0.2507679667323828
401273,0.02412451128475368
401274,0.06147183175198734
401287,0.02959901513531804
401292,0.07354942709207535
401305,0.14868556894361973
401310,0.006852839229395613
401311,0.03740250505506992
401321,0.03368426952511072
401332,0.019276914070360363
401338,0.0064626945240888745
401345,0.03835534770041704
401368,0.10805847495794296
401375,0.6450612545013428
401378,0.017810561577789485
401379,0.04273384902626276
401395,0.03759878990240395
401403,0.025117672747001052
401406,0.006641243933700025
401415,0.027501094271428883
401424,0.016325956443324685
401425,0.04392391489818692
401428,0.19874392915517092
401430,0.04962496110238135
401436,0.019267907249741256
401440,0.0911457589827478
401443,0.1197478398680687
401447,0.022193905198946595
401448,0.0266661683563143
401450,0.011271154566202313
401459,0.025722693651914597
401462,0.0603950060904026
401470,0.24389544315636158
401479,0.05425659543834627
401481,0.012573146785143763
401486,0.10305742314085364
401496,0.01476949022617191
401497,0.02973970479797572
401502,0.018737268284894526
401508,0.04076024843379855
401513,0.04544826131314039
401517,0.33781384490430355
401519,0.25933536514639854
401533,0.2219414310529828
401536,0.3373201861977577
401547,0.0074920550105161965
401581,0.027286076452583075
401582,0.03799324971623719
401586,0.09305209340527654
401593,0.20382466539740562
401603,0.07829324807971716
401621,0.11747543420642614
401625,0.039249463472515345
401635,0.3302615210413933
401646,0.045635857386514544
401649,0.03841116977855563
401660,0.04524183180183172
401668,0.11099294573068619
401686,0.003446390706812963
401706,0.2382776029407978
401712,0.08115309802815318
401721,0.02791410102508962
401725,0.0765627077780664
401730,0.23052608221769333
401741,0.025732976850122213
401743,0.03251411020755768
401748,0.015056835894938558
401751,0.014466800726950169
401770,0.03915064316242933
401791,0.01040841214125976
401792,0.11989591270685196
401808,0.08464317815378308
401816,0.013952089298982173
401820,0.10121066914871335
401821,0.00899058990762569
401828,0.020827022497542202
401830,0.14043552987277508
401832,0.01828771678265184
401839,0.1628134772181511
401852,0.005921083647990599
401868,0.019896516227163374
401876,0.027946462854743004
401879,0.23971321061253548
401882,0.0069900298549328
401894,0.018401349429041147
401899,0.07706417609006166
401901,0.20623387955129147
401913,0.016723914653994143
401919,0.00995117548154667
401920,0.020135389640927315
401923,0.007135110587114468
401924,0.1201815027743578
401932,0.1663834834471345
401942,0.47757159918546677
401949,0.028437879867851734
401950,0.13709981925785542
401951,0.022121936082839966
401952,0.039850818226113915
401971,0.13789818808436394
401972,0.016453675110824406
401973,0.060897157061845064
401974,0.036251957062631845
401983,0.10392960533499718
401984,0.016361876972950995
401988,0.02564594359137118
401989,0.05939958617091179
401990,0.01332629972603172
402024,0.06389765115454793
402029,0.07244053203612566
402030,0.1404986409470439
402041,0.03233105898834765
402042,0.08576323185116053
402043,0.01305319630773738
402052,0.07906122505664825
402053,0.009168177988613024
402054,0.020638112910091877
402057,0.01440806093160063
402067,0.02022018446587026
402068,0.0059873627906199545
402069,0.14504993706941605
402070,0.12733248714357615
402071,0.015055595838930458
402073,0.014216567215044051
402074,0.03771954542025924
402075,0.12871221359819174
402076,0.07079513557255268
402077,0.024884601123631
402078,0.2597792148590088
402079,0.11524023348465562
402080,0.027170670218765736
402081,0.004194262102828361
402082,0.03188578598201275
402089,0.10485870763659477
402090,0.046944697853177786
402091,0.09569212794303894
402092,0.06475672638043761
402094,0.033128103939816356
402095,0.01824238186236471
402096,0.022938796551898122
402109,0.022685069823637605
402151,0.06530058151111007
402152,0.01307235041167587
402153,0.04749659774824977
402155,0.018984382855705917
402201,0.026572572765871882
402210,0.02946798922494054
402212,0.04976116516627371
402218,0.03748151031322777
402227,0.07796193566173315
402234,0.07358358148485422
402236,0.01764661562629044
402242,0.029756499221548438
402243,0.013164449599571526
402244,0.25153519958257675
402245,0.008419890102231875
402250,0.03910546354018152
402251,0.05784120783209801
402254,0.1951413843780756
402255,0.13338085543364286
402256,0.19090558215975761
402257,0.18074985407292843
402258,0.11310997046530247
402259,0.03948225686326623
402260,0.028740009758621454
402261,0.17100050300359726
402262,0.017725139041431248
402263,0.12759134080260992
402264,0.014263793535064906
402265,0.03643132885918021
402266,0.12918362300843
402267,0.12285416852682829
402268,0.010973501950502396
402270,0.020216854056343436
402271,0.01876114180777222
402272,0.22003578767180443
402273,0.02010482258629054
402274,0.014775807387195528
402275,0.028389420360326767
402276,0.03342339023947716
402277,0.03055430273525417
402278,0.022018324467353523
402279,0.027000237139873207
402280,0.01474116079043597
402362,0.22005730401724577
402363,0.012432798161171377
402364,0.02374733320903033
402370,0.005786108551546931
402376,0.02686471212655306
402381,0.10441434476524591
402384,0.10582555737346411
402389,0.011721330229192972
402414,0.028640887001529336
402416,0.0108106080442667
402417,0.03087473101913929
402420,0.02878759428858757
402426,0.02637888351455331
402436,0.17547811288386583
402444,0.02135752991307527
402447,0.040238663321360946
402449,0.04061372554861009
402454,0.13351694587618113
402458,0.18292870372533798
402460,0.062326238956302404
402466,0.018632302526384592
402475,0.08953560143709183
402498,0.17943009920418262
402502,0.02846281137317419
402505,0.14148852787911892
402509,0.044825418619439006
402513,0.10414126608520746
402517,0.010245792742352933
402519,0.027308068005368114
402522,0.08983679860830307
402523,0.025548163102939725
402525,0.03523161099292338
402528,0.1320053217932582
402534,0.10105243232101202
402536,0.02003306243568659
402542,0.015746129909530282
402548,0.20055305305868387
402552,0.08612820087000728
402559,0.021883716923184693
402563,0.0172712478088215
402568,0.03866853704676032
402573,0.03206537966616452
402574,0.024782786960713565
402575,0.09000962693244219
402577,0.06359578086994588
402602,0.013216914143413305
402603,0.15723657887429
402604,0.037920130882412195
402614,0.07875643484294415
402615,0.06691470928490162
402616,0.014699076709803194
402617,0.14130039047449827
402618,0.0870697284117341
402619,0.0202223751693964
402639,0.03083532419987023
402640,0.027828627731651068
402641,0.37264599464833736
402642,0.009066702798008919
402643,0.008010725025087595
402644,0.025609877076931298
402645,0.02308791782706976
402649,0.01974741113372147
402650,0.12903911527246237
402653,0.025379774160683155
402654,0.011818589176982641
402655,0.11908555403351784
402656,0.10090171592310071
402657,0.029607519623823464
402658,0.014358211774379015
402659,0.037261190824210644
402662,0.010685986082535237
402696,0.012793869944289327
402705,0.031088683870621026
402707,0.09358345391228795
402708,0.092469347640872
402709,0.018699957989156246
402729,0.09353697299957275
402730,0.09912302065640688
402732,0.044962696731090546
402739,0.043613184709101915
402740,0.09079465176910162
402741,0.04398765554651618
402744,0.18898451048880816
402745,0.163506792858243
402746,0.022381441900506616
402772,0.12679809238761663
402773,0.05290142120793462
402774,0.04165254929102957
402780,0.030709649436175823
402781,0.052792822709307075
402782,0.06917247362434864
402790,0.033454122953116894
402803,0.07896314701065421
402808,0.14073743298649788
402809,0.014383619767613709
402810,0.17301345523446798
402811,0.045437521766871214
402815,0.05374288698658347
402820,0.03702254802919924
402821,0.11260202620178461
402822,0.03398526064120233
402824,0.07993415975943208
402825,0.01163438952062279
402870,0.03934305184520781
402875,0.01497307262616232
402924,0.18305708561092615
402925,0.029525137273594737
402926,0.007376587862381712
402927,0.03432405577041209
402928,0.032787475269287825
402929,0.07833900861442089
402930,0.0965334651991725
402931,0.01449365058215335
402932,0.046207868959754705
402933,0.09447494987398386
402940,0.07603570958599448
402953,0.037643712013959885
402954,0.01670095755252987
402955,0.01812182238791138
402956,0.0555007157381624
402957,0.007192132354248315
402970,0.017237987369298935
402973,0.07226198678836226
402974,0.04619234218262136
402975,0.011955136607866734
402976,0.10850911634042859
402977,0.010071646887809038
402978,0.04174988251179457
402979,0.13477475848048925
402980,0.10880034463480115
402981,0.030199235770851374
402982,0.029510533437132835
402993,0.12903297785669565
402994,0.09156922716647387
403099,0.02099181921221316
403137,0.007824440515832976
403138,0.07336005102843046
403165,0.04615869699046016
403192,0.25265482999384403
403214,0.028926131781190634
403223,0.016138947859872133
403238,0.03844179958105087
403244,0.2424250077456236
403246,0.023091047420166433
403252,0.05448805191554129
403254,0.11414961377158761
403255,0.017504691379144788
403259,0.06394106894731522
403262,0.06538077304139733
403277,0.01823871780652553
403280,0.12914655916392803
403281,0.06879882188513875
403287,0.016488576831761748
403315,0.11199223063886166
403318,0.0821445626206696
403319,0.01937991671729833
403327,0.014208139618858695
403331,0.012713466247078031
403342,0.17845970299094915
403349,0.06546036992222071
403353,0.03157982183620334
403364,0.027342382702045143
403369,0.03280180040746927
403373,0.15802146214991808
403376,0.02257225348148495
403378,0.023103821789845824
403384,0.04190495749935508
403385,0.005987267417367548
403386,0.02567397675011307
403388,0.05628231540322304
403396,0.018640922964550555
403398,0.07591121969744563
403404,0.05566767742857337
403410,0.04555025789886713
403414,0.037395172752439976
403417,0.06375821586698294
403422,0.015905152074992657
403424,0.06075873738154769
403438,0.048382236855104566
403451,0.027874684426933527
403452,0.03567345975898206
403453,0.03353485302068293
403454,0.07726093288511038
403455,0.06719085946679115
403464,0.026481537614017725
403465,0.02551844879053533
403466,0.008124578424030915
403500,0.0955103375017643
403501,0.08336129644885659
403524,0.16062041744589806
403525,0.04624620056711137
403526,0.011815705220215023
403527,0.015715168323367834
403542,0.0525986566208303
403543,0.025110848946496844
403549,0.010902875452302396
403550,0.03210488962940872
403551,0.07907963311299682
403552,0.08084711991250515
403553,0.020283372956328094
403554,0.03788068820722401
403558,0.00598966954567004
403559,0.03546954714693129
403560,0.3788185063749552
403561,0.3773043993860483
403562,0.10132826725021005
403564,0.06452521542087197
403565,0.023400703677907586
403566,0.01575399748980999
403600,0.03582668397575617
403602,0.0326161680277437
403603,0.03029789635911584
403662,0.014301622577477247
403685,0.034769879188388586
403686,0.0035183259897166863
403687,0.012025859614368528
403688,0.13867045938968658
403689,0.5041735619306564
403690,0.29284357093274593
403691,0.07135103736072779
403692,0.05067939357832074
403696,0.016023227130062878
403697,0.11488912627100945
403698,0.010140147031052038
403699,0.10370304249227047
403701,0.09190780622884631
403702,0.026897086994722486
403703,0.11395931337028742
403704,0.050946216098964214
403705,0.027998508885502815
403712,0.03562442446127534
403713,0.01697041798615828
403714,0.15327548887580633
403715,0.024080444243736565
403718,0.03785601491108537
403722,0.28343177028000355
403723,0.030954608228057623
403724,0.0713443192653358
403725,0.018194556701928377
403726,0.0250936730299145
403764,0.022448622388765216
403765,0.0097506720921956
403766,0.06383597245439887
403770,0.15758128091692924
403771,0.009889130189549178
403772,0.09877724573016167
403795,0.035081177949905396
403799,0.02453579381108284
403800,0.07528447220101953
403801,0.008798005641438067
403802,0.18919326551258564
403803,0.21100462600588799
403811,0.04645874537527561
403814,0.022507972782477736
403815,0.011032066540792584
403816,0.012586131109856069
403817,0.025942258653230965
403818,0.01884159364271909
403820,0.031924322713166475
403821,0.06235902803018689
403822,0.04066985007375479
403823,0.012058231979608536
403824,0.17069284990429878
403825,0.006864101393148303
403826,0.008740194200072438
403828,0.054453578777611256
403834,0.035635033156722784
403836,0.10590588673949242
403837,0.05063235550187528
403838,0.032356638461351395
403839,0.028136727632954717
403873,0.019818524015136063
403876,0.14598210714757442
403902,0.05723123857751489
403918,0.030180567177012563
403922,0.026131835533306003
403928,0.11302813701331615
403929,0.14542821422219276
403931,0.0033892502542585135
403932,0.018268400221131742
403933,0.04302091780118644
403935,0.019333779462613165
403936,0.2627281919121742
403937,0.0243897462496534
403938,0.02476099249906838
403943,0.05323944962583482
403944,0.01944209507200867
403945,0.022707245079800487
403946,0.08774044504389167
403948,0.11770778801292181
403951,0.1392568377777934
403955,0.05656251311302185
403956,0.12571105919778347
403957,0.1036383593454957
403958,0.03138941386714578
403960,0.0948547893203795
403961,0.018557054921984673
403962,0.08665910363197327
403963,0.010508434555958956
403964,0.132557125762105
403965,0.03155029937624931
403966,0.05338909104466438
403967,0.022570167784579098
403968,0.1931274775415659
403969,0.06385390064679086
403970,0.080604855902493
403971,0.04594876593910158
403972,0.17008141428232193
403973,0.07641875417903066
403974,0.2885009031742811
403975,0.005988643795717508
403976,0.011871689930558205
403977,0.04386967117898166
403978,0.04357889061793685
403979,0.003450084666837938
403980,0.3217489290982485
403981,0.04189129872247577
403982,0.008998891193186864
404062,0.05574229825288057
404067,0.006275221530813724
404070,0.018928129284176975
404079,0.021387562504969537
404084,0.014545420475769788
404108,0.1900646723806858
404112,0.03570368606597185
404118,0.13209344167262316
404121,0.023774342145770788
404122,0.05426547210663557
404126,0.08826389396563172
404140,0.035652294754981995
404152,0.04708878416568041
404156,0.19084619171917439
404158,0.02987380069680512
404160,0.022657227818854153
404172,0.020321493269875646
404174,0.04063313896767795
404180,0.05843562679365277
404186,0.03997299959883094
404190,0.08537460770457983
404192,0.03710808977484703
404206,0.01871932833455503
404207,0.1991735976189375
404213,0.07398427464067936
404216,0.06636530021205544
404220,0.08752639824524522
404227,0.02318447467405349
404235,0.015632870490662754
404247,0.216691667214036
404259,0.019232411636039615
404266,0.10023464448750019
404267,0.08520658314228058
404274,0.4355442635715008
404276,0.09115540375933051
404277,0.00902592670172453
404278,0.022453394602052867
404279,0.015547933871857822
404280,0.14566717017441988
404287,0.09814519807696342
404288,0.191288479603827
404289,0.008421715581789613
404290,0.17474787589162588
404291,0.009796878730412573
404293,0.04975557257421315
404302,0.03043290856294334
404303,0.01804675697349012
404304,0.09893620107322931
404307,0.03405447886325419
404308,0.028416760032996535
404309,0.13343521859496832
404310,0.13246028497815132
404311,0.30658127181231976
404312,0.19166319072246552
404323,0.04519098182208836
404324,0.0366798653267324
404325,0.041581564117223024
404326,0.03209036123007536
404327,0.15455757454037666
404328,0.023706278996542096
404329,0.00931214791489765
404330,0.08880158700048923
404331,0.021064752247184515
404335,0.06991247087717056
404336,0.04135029227472842
404337,0.20946269668638706
404364,0.07636060426011682
404379,0.0284240182954818
404380,0.3508658092468977
404381,0.2542372867465019
404382,0.06355776218697429
404385,0.023069268208928406
404390,0.019235298736020923
404391,0.024999307584948838
404392,0.1677633486688137
404393,0.02320102823432535
404396,0.0695917746052146
404400,0.009882614074740559
404401,0.018253980088047683
404402,0.02712930948473513
404403,0.26474924199283123
404404,0.06347203068435192
404405,0.10990791441872716
404406,0.007183537702076137
404437,0.09925775369629264
404439,0.07755498448386788
404461,0.19916503131389618
404462,0.11109045799821615
404464,0.009272721305023879
404468,0.10207310598343611
404469,0.026696572662331164
404470,0.09458341635763645
404471,0.01369169563986361
404472,0.07941463636234403
404473,0.025966469896957278
404474,0.02647829963825643
404475,0.04769041063264012
404477,0.047567205503582954
404478,0.06429875968024135
404554,0.030967338709160686
404555,0.024004474165849388
404556,0.01697508618235588
404557,0.02305532491300255
404569,0.0696851396933198
404571,0.030549502931535244
404585,0.033732400042936206
404586,0.008776784670772031
404592,0.14823272731155157
404595,0.010204047488514334
404596,0.1389864245429635
404597,0.024990973062813282
404603,0.2150572994723916
404606,0.04511793330311775
404607,0.1306389719247818
404608,0.0651687819045037
404609,0.015383208927232772
404620,0.08909182203933597
404689,0.021861924324184656
404708,0.020204383763484657
404734,0.1232670433819294
404771,0.0462401167023927
404806,0.015595789882354438
404818,0.055349973030388355
404850,0.013307292072568089
404870,0.05242963577620685
404923,0.020645048818551004
404934,0.19173951633274555
404938,0.024095324566587806
404954,0.022751803859137
404957,0.09272841364145279
404963,0.07541771698743105
404964,0.014580278715584427
404969,0.0797546599060297
404970,0.09081135597079992
404979,0.021401213947683573
404997,0.01908826909493655
404998,0.06072116829454899
405009,0.12063207291066647
405016,0.012202877609524876
405018,0.012708607187960297
405035,0.0928752813488245
405036,0.03859410458244383
405038,0.07455208012834191
405047,0.03289837297052145
405055,0.012509038497228175
405060,0.1014050766825676
405066,0.036185385659337044
405081,0.0590946851298213
405084,0.08243723027408123
405089,0.10213469434529543
405098,0.055864866357296705
405100,0.047626146115362644
405114,0.01770113193197176
405118,0.07085754536092281
405119,0.11776073556393385
405120,0.07511872006580234
405121,0.18094709515571594
405124,0.026840482838451862
405125,0.08487353241071105
405132,0.03917993372306228
405179,0.006176140886964276
405193,0.04052974074147642
405194,0.13411218207329512
405195,0.023435616516508162
405206,0.0334887228673324
405207,0.020465366658754647
405211,0.008303401409648359
405215,0.004958828096278012
405217,0.16464420408010483
405219,0.0536040379665792
405220,0.04010077379643917
405231,0.0677995877340436
405232,0.076673180796206
405291,0.03402918204665184
405316,0.033235953422263265
405317,0.023914476274512708
405318,0.024231179617345333
405319,0.016419778286945075
405320,0.028861208469606936
405325,0.007406743650790304
405326,0.012435475597158074
405333,0.023022997309453785
405334,0.22421235777437687
405349,0.21083916909992695
405351,0.07273068325594068
405353,0.02705211821012199
405354,0.30230784229934216
405361,0.06328324927017093
405362,0.015335007745306939
405363,0.08045468293130398
405364,0.15019098110496998
405365,0.06119762593880296
405366,0.07270922558382154
405372,0.09819464758038521
405397,0.012090964592061937
405402,0.07428001100197434
405409,0.047246223548427224
405410,0.3317209705710411
405411,0.03433415200561285
405412,0.026916239876300097
405435,0.020402392372488976
405436,0.025499329902231693
405438,0.013394676730968058
405442,0.03192240511998534
405443,0.18187899608165026
405444,0.03178276703692973
405445,0.07105350401252508
405446,0.02085308963432908
405468,0.010645457543432713
405489,0.08210248174145818
405490,0.09838298987597227
405498,0.01058125012787059
405509,0.016173496143892407
405510,0.011963960307184607
405511,0.09772026166319847
405512,0.007321654527913779
405517,0.051181953866034746
405518,0.03216781129594892
405523,0.012735222291667014
405544,0.021132306894287467
405546,0.023981557576917112
405552,0.2027046550065279
405583,0.025154803413897753
405592,0.037548147374764085
405599,0.020257124793715775
405602,0.024248218862339854
405607,0.008012799371499568
405613,0.08573403907939792
405620,0.14437735732644796
405624,0.07722514262422919
405625,0.05111290072090924
405626,0.01794701220933348
405632,0.040622561471536756
405633,0.01716048299567774
405637,0.19562234543263912
405640,0.11433503311127424
405642,0.12637532129883766
405646,0.01369146560318768
405647,0.028514395002275705
405650,0.3002152629196644
405653,0.04146787920035422
405654,0.06562553159892559
405660,0.052142921136692166
405666,0.10031368909403682
405667,0.15310683753341436
405668,0.03374179662205279
405669,0.029127190122380853
405671,0.04508892120793462
405672,0.01175062800757587
405673,0.038268189411610365
405674,0.013555795361753553
405675,0.0495174340903759
405676,0.08804777916520834
405677,0.033397526713088155
405679,0.017879442137200385
405680,0.2523146942257881
405682,0.04991880804300308
405683,0.03725614561699331
405684,0.05551822856068611
405685,0.06629739329218864
405687,0.012611927348189056
405689,0.004349171445937827
405690,0.017756674089469016
405691,0.14463424868881702
405692,0.07234889408573508
405693,0.03007135633379221
405695,0.044510351959615946
405696,0.07973319757729769
405697,0.02758886490482837
405698,0.19604933634400368
405699,0.020625612000003457
405700,0.12924446817487478
405701,0.12111643981188536
405702,0.1092765973880887
405761,0.06631039222702384
405765,0.027506068348884583
405769,0.044571585254743695
405784,0.08000506088137627
405811,0.009097601228859276
405814,0.010842411837074906
405816,0.04392910446040332
405818,0.07875366974622011
405821,0.01785457314690575
405822,0.007060900999931619
405838,0.022205345332622528
405841,0.015692721004597843
405846,0.029555721790529788
405855,0.021047547226771712
405857,0.03903083340264857
405858,0.09590658824890852
405860,0.02701239357702434
405861,0.04875740292482078
405871,0.08941768808290362
405879,0.010372017393819988
405880,0.052879830123856664
405886,0.02265071962028742
405901,0.033259110525250435
405904,0.05691849533468485
405905,0.010979445010889322
405906,0.027682741289027035
405927,0.01451908948365599
405930,0.05019456380978227
405944,0.03935970505699515
405946,0.00870357354870066
405954,0.11640162952244282
405963,0.05598926171660423
405964,0.005717398569686338
405965,0.01811663492117077
405966,0.07239448744803667
405970,0.01892832829616964
405971,0.05915419664233923
405992,0.028168689575977623
405996,0.015021596802398562
405999,0.020565264741890132
406002,0.04423565324395895
406003,0.014031308935955167
406004,0.018204065039753914
406005,0.023157975054346025
406006,0.04673434258438647
406007,0.2239170279353857
406008,0.1307996017858386
406028,0.013162080605980009
406029,0.03142774221487343
406043,0.027452878304757178
406044,0.011702593590598553
406045,0.11007548402994871
406046,0.06833453383296728
406048,0.01718245423398912
406050,0.0356952385045588
406051,0.03248154674656689
406052,0.13821443542838097
406053,0.09526137122884393
406077,0.03982542268931866
406082,0.1262946678325534
406083,0.42254962399601936
406084,0.026851763017475605
406098,0.01582515414338559
406099,0.05504252202808857
406100,0.24454195983707905
406113,0.09512905962765217
406114,0.054487474262714386
406115,0.04017354152165353
406116,0.031070713652297854
406117,0.007601271150633693
406127,0.044227484613657
406128,0.09866131190210581
406129,0.07410564040765166
406132,0.014049985795281827
406133,0.0160644972929731
406134,0.04383744718506932
406135,0.20603429805487394
406136,0.06140250572934747
406137,0.09953717328608036
406138,0.06184819154441357
406139,0.1258836891502142
406142,0.0801248624920845
406143,0.1860272828489542
406175,0.03369377413764596
406176,0.04485170100815594
406177,0.02078686049208045
406194,0.019255102146416903
406195,0.01776170200901106
406208,0.04223588015884161
406210,0.05176606774330139
406216,0.10901656653732061
406217,0.11679104901850224
406227,0.021233116858638823
406228,0.013089697109535336
406253,0.051716046407818794
406254,0.006238415080588311
406260,0.08455977868288755
406267,0.07593640498816967
406269,0.01446796947857365
406276,0.23301294259727
406277,0.03457969054579735
406279,0.018616773886606097
406288,0.03292934549972415
406297,0.06748752342537045
406308,0.09189066756516695
406310,0.16722571197897196
406320,0.02039330778643489
406336,0.030857608653604984
406352,0.012532648630440235
406365,0.03428835095837712
406369,0.06606280477717519
406371,0.0539169090334326
406401,0.04943137220107019
406408,0.06358865718357265
406409,0.00688288762466982
406475,0.5447702631354332
406492,0.030693252803757787
406510,0.1324700377881527
406519,0.10768672171980143
406565,0.22700769640505314
406584,0.06501613976433873
406596,0.02636302588507533
406598,0.009811237861867994
406605,0.11507933773100376
406609,0.028164536226540804
406610,0.06674546329304576
406611,0.012178364209830761
406654,0.07871022820472717
406670,0.07874752627685666
406675,0.14269105810672045
406681,0.023532600491307676
406682,0.012691018404439092
406695,0.02746855211444199
406697,0.03859517606906593
406712,0.13795060943812132
406719,0.045073501765728
406725,0.08371061831712723
406734,0.02689404645934701
406743,0.10988719947636127
406778,0.1178299430757761
406784,0.08302828436717391
406786,0.055089725414291024
406791,0.07995312754064798
406792,0.05357322562485933
406803,0.16689855884760618
406812,0.022884530597366393
406813,0.04627434769645333
406814,0.044870550744235516
406841,0.042138270335271955
406842,0.11063737981021404
406843,0.013953536923509091
406848,0.07678346987813711
406861,0.019760378287173808
406862,0.06463450472801924
406863,0.0073404875583946705
406864,0.01120771950809285
406865,0.1055919025093317
406871,0.05071490746922791
406872,0.08267164463177323
406873,0.2413166295737028
406893,0.01958732446655631
406919,0.01606269006151706
406920,0.02532619214616716
406921,0.07712590787559748
406923,0.1251530172303319
406924,0.09323409013450146
406925,0.005482526612468064
406926,0.04685248527675867
406927,0.1414984744042158
406936,0.007453015132341534
406937,0.1995062679052353
406938,0.010412452567834407
406939,0.026296405238099396
406940,0.030380748445168138
406941,0.03265305096283555
406952,0.028153001563623548
406953,0.042963973013684154
406954,0.03869416855741292
406962,0.0717124892398715
406963,0.2701895460486412
406964,0.03709938866086304
406965,0.15416663978248835
406966,0.06128891697153449
406967,0.028590851929038763
406968,0.15747958607971668
406969,0.17723671719431877
406970,0.0356350839138031
406971,0.05889145121909678
406972,0.16056985594332218
406973,0.03083298751153052
406974,0.06604434084147215
406975,0.05051351059228182
406976,0.01433216326404363
406977,0.009706326469313353
406985,0.012881283182650805
406987,0.02308754646219313
407025,0.08202487090602517
407031,0.07596935098990798
407033,0.21012057270854712
407039,0.04714982956647873
407041,0.045243374072015285
407044,0.04895068798214197
407046,0.031051799189299345
407053,0.04319396545179188
407061,0.026479613268747926
407069,0.025447743013501167
407070,0.0572155574336648
407072,0.022472274606116116
407073,0.031511928886175156
407081,0.16135357599705458
407082,0.07273949682712555
407088,0.013437210058327764
407091,0.12116248812526464
407097,0.01596933009568602
407104,0.09287895495072007
407105,0.3324485793709755
407106,0.024836724973283708
407121,0.03146518999710679
407128,0.012620914669241756
407137,0.02324532810598612
407144,0.1604203451424837
407145,0.09798106225207448
407154,0.06154620600864291
407162,0.040609780233353376
407164,0.12168513424694538
407168,0.1954175215214491
407203,0.06433359999209642
407210,0.10175663186237216
407215,0.03327390691265464
407218,0.021311397780664265
407228,0.01790663809515536
407262,0.04346059472300112
407274,0.24359512142837048
407280,0.1879190756008029
407288,0.018416855367831886
407298,0.01402642362518236
407299,0.2908323220908642
407302,0.22368166595697403
407303,0.14192447997629642
407305,0.24446720071136951
407306,0.13315008953213692
407307,0.04600912402383983
407313,0.009407515812199563
407314,0.011481318157166243
407315,0.019700340810231864
407316,0.019756319583393633
407322,0.08947393763810396
407323,0.05167039041407406
407324,0.02578470972366631
407325,0.0229347194544971
407329,0.10478429449722171
407330,0.06819625291973352
407332,0.02689493796788156
407333,0.1054276842623949
407334,0.04669838538393378
407335,0.1370768053457141
407336,0.041083711199462414
407337,0.0511057258117944
407338,0.14464449230581522
407339,0.009997566870879382
407340,0.027939514024183154
407341,0.05311838653869927
407342,0.013945385289844126
407343,0.10630684345960617
407344,0.014349525677971542
407345,0.011900211160536855
407346,0.20073969010263681
407353,0.05512718576937914
407364,0.02627799694892019
407365,0.0300065113697201
407366,0.022654653526842594
407370,0.042359181912615895
407373,0.1313209543004632
407376,0.15113456081598997
407386,0.015670660126488656
407388,0.008183213998563588
407391,0.009794068988412619
407393,0.02691462403163314
407427,0.05027346592396498
407452,0.04643466020934284
407454,0.029933041892945766
407457,0.009613506379537284
407462,0.01424062327714637
407463,0.03432372189126909
407468,0.16554275900125504
407469,0.1172506264410913
407478,0.035698703955858946
407482,0.018819862860254943
407487,0.07420690078288317
407489,0.11405103141441941
407498,0.21659350953996181
407516,0.12545711733400822
407519,0.024974518571980298
407528,0.10628503933548927
407532,0.16919238679111004
407534,0.09297657012939453
407543,0.02520516444928944
407546,0.37038093991577625
407550,0.020015529356896877
407555,0.01987409743014723
407558,0.03639213601127267
407587,0.019984239246696234
407588,0.034818935208022594
407594,0.17498474568128586
407596,0.03245921107009053
407598,0.03981789783574641
407602,0.026342189637944102
407605,0.04375660163350403
407613,0.11602146504446864
407619,0.1880483916029334
407625,0.0381006458774209
407627,0.018721395870670676
407629,0.021347393398173153
407631,0.015948988846503198
407633,0.024897197145037353
407636,0.14260242506861687
407645,0.5698421485722065
407648,0.022825913736596704
407669,0.016490655136294663
407674,0.008777184266364202
407675,0.030608888482674956
407676,0.027586759999394417
407677,0.1622183844447136
407678,0.4089908469468355
407679,0.051740179071202874
407680,0.1965428814291954
407681,0.009929389925673604
407682,0.056579265277832747
407684,0.12057126453146338
407692,0.03749215672723949
407693,0.2548280078917742
407694,0.040182253113016486
407695,0.017839131993241608
407696,0.10203865077346563
407697,0.09176472807303071
407698,0.025113937561400235
407699,0.07855202769860625
407702,0.028613958740606904
407703,0.061098717618733644
407725,0.055251216515898705
407726,0.11888259649276733
407729,0.12203219253569841
407731,0.022351861698552966
407745,0.13894125446677208
407749,0.021163804573006928
407750,0.012168433400802314
407751,0.08098756987601519
407752,0.32430582493543625
407753,0.2594293784350157
407754,0.12787342350929976
407755,0.14033325109630823
407756,0.029255035798996687
407765,0.041248557856306434
407766,0.03493910771794617
407767,0.014658850617706776
407768,0.023884727153927088
407773,0.08142292406409979
407774,0.06268643867224455
407778,0.1323609696701169
407779,0.044113529147580266
407780,0.2357550784945488
407781,0.05285965767689049
407782,0.008695847704075277
407783,0.15002346690744162
407784,0.02199060993734747
407825,0.11476674489676952
407826,0.010124186694156379
407828,0.03628539596684277
407829,0.03037911979481578
407830,0.10758139844983816
407831,0.020109947421588004
407832,0.03181290521752089
407838,0.018851865432225168
407839,0.03842538129538298
407840,0.01320245343958959
407841,0.05559211224317551
407842,0.049010423477739096
407855,0.09256228478625417
407857,0.08662556251510978
407881,0.05835380684584379
407882,0.10744170192629099
407885,0.00871668109903112
407915,0.01261544250883162
407916,0.015585163957439363
407918,0.07590032322332263
407919,0.02894477266818285
407920,0.04377894219942391
407921,0.11122194025665522
407922,0.008643138920888305
407927,0.027518476475961506
407934,0.035222416976466775
407941,0.06455500423908234
407942,0.012421572930179536
407943,0.03640617267228663
407944,0.04502855031751096
407946,0.031474516494199634
407947,0.03287668037228286
407952,0.007295819115824997
407955,0.05290752951987088
407978,0.10436469502747059
407986,0.026976674795150757
408003,0.07149414159357548
408006,0.014959307969547808
408008,0.004051315991091542
408015,0.01278354023816064
408016,0.01641777774784714
408028,0.043438046239316463
408035,0.01441712980158627
408042,0.0194523548707366
408044,0.29636832140386105
408052,0.006524280790472403
408053,0.03388067870400846
408056,0.019623709726147354
408068,0.02680600224994123
408071,0.018875549139920622
408074,0.029154455987736583
408085,0.12271377351135015
408089,0.01957640773616731
408091,0.03474655468016863
408098,0.016817408031783998
408106,0.03959278715774417
408108,0.18838687613606453
408116,0.16693086735904217
408126,0.04253838583827019
408130,0.0997395608574152
408135,0.010819364048074931
408148,0.05627812328748405
408168,0.06860205391421914
408170,0.06440549856051803
408172,0.05735288793221116
408176,0.017379691009409726
408181,0.038126975297927856
408191,0.006217169255251065
408194,0.032944315345957875
408213,0.060928825521841645
408248,0.021228911355137825
408249,0.008270499500213191
408250,0.0458366833627224
408256,0.17149600572884083
408261,0.07703874167054892
408262,0.1229687537997961
408268,0.086997848469764
408269,0.022603745106607676
408273,0.04712587222456932
408280,0.06748547172173858
408286,0.05684602586552501
408347,0.08603091398254037
408349,0.007512797805247828
408350,0.006970052316319197
408351,0.02703870483674109
408352,0.010680182836949825
408355,0.04748580954037607
408356,0.03432118007913232
408357,0.04569675540551543
408384,0.046748033026233315
408385,0.014713701326400042
408386,0.07221693499013782
408387,0.009853176132310182
408388,0.028705613454803824
408389,0.043598576448857784
408390,0.023458509473130107
408391,0.08237944589927793
408392,0.20922349393367767
408393,0.04029745818115771
408398,0.027475512819364667
408399,0.024281407706439495
408400,0.030747581273317337
408405,0.024465971742756665
408406,0.02252139733172953
408437,0.017519869725219905
408459,0.024796167388558388
408460,0.10533498879522085
408463,0.05874923150986433
408467,0.018408390693366528
408468,0.05820408556610346
408471,0.05871557258069515
408477,0.12058720551431179
408478,0.03795834188349545
408479,0.017164003453217447
408481,0.015137792739551514
408482,0.014740024867933244
408483,0.02735282643698156
408484,0.02672375284601003
408485,0.03987847804091871
408486,0.020727028721012175
408489,0.09125619335100055
408490,0.02168546209577471
408504,0.005891640961635858
408506,0.06799842091277242
408508,0.09287851490080357
408514,0.018954627797938883
408515,0.035215573851019144
408516,0.15221921168267727
408517,0.0653277076780796
408518,0.04155057808384299
408523,0.06210256414487958
408524,0.013061232748441398
408525,0.033264357363805175
408526,0.14786999579519033
408531,0.04493260523304343
408579,0.022492633666843176
408580,0.055404159938916564
408581,0.01795349840540439
408599,0.03611077065579593
408615,0.09113789768889546
408616,0.021283235982991755
408617,0.061198349576443434
408619,0.006624554342124611
408622,0.06664103083312511
408624,0.06192414555698633
408625,0.032546678092330694
408626,0.0129850497469306
408627,0.06718953279778361
408651,0.038847923977300525
408658,0.04027101304382086
408659,0.09754023235291243
408660,0.10725641623139381
408661,0.008700360544025898
408662,0.08426024857908487
408688,0.024451408302411437
408689,0.2356081809848547
408690,0.03009749238844961
408695,0.04398484225384891
408696,0.0320366988889873
408701,0.08885532431304455
408702,0.021674130810424685
408705,0.0397705992218107
408728,0.07062008045613766
408742,0.03616346465423703
408759,0.061572033911943436
408766,0.041319961193948984
408768,0.1319706253707409
408774,0.020156475948169827
408775,0.28963946737349033
408780,0.006493510591099039
408790,0.0256898058578372
408791,0.013761450187303126
408792,0.023211086867377162
408794,0.03651344287209213
408797,0.05657831020653248
408808,0.07187860272824764
408830,0.055583649314939976
408857,0.0073301059019286186
408863,0.07420459762215614
408874,0.2871089484542608
408880,0.04498279304243624
408885,0.01898441056255251
408890,0.018867649836465716
408898,0.055263794492930174
408902,0.0268086678115651
408903,0.03341123997233808
408905,0.03506840975023806
408908,0.01887526805512607
408911,0.008777081384323537
408921,0.19335733633488417
408932,0.040843992959707975
408933,0.1274829227477312
408935,0.139373573474586
408960,0.09858346357941628
408968,0.01955459197051823
408985,0.008929579460527748
408986,0.039204418659210205
408990,0.021622272324748337
408993,0.08470822963863611
409001,0.038136054994538426
409003,0.009711571503430605
409008,0.06408926844596863
409010,0.07262221304699779
409015,0.005490816023666412
409017,0.08853544713929296
409028,0.020502743078395724
409034,0.017033543321304023
409035,0.02674899122212082
409041,0.03532612882554531
409054,0.033449363661929965
409057,0.016519098659045994
409064,0.07511968817561865
409065,0.4058576263487339
409066,0.022838211501948535
409068,0.14081044029444456
409076,0.0175153145682998
409080,0.030881874496117234
409083,0.04630143870599568
409084,0.08369210036471486
409085,0.07496967073529959
409088,0.015044219384435564
409105,0.09436479536816478
409121,0.009940566844306886
409123,0.5273386165499687
409133,0.025702493614517152
409153,0.03869637008756399
409156,0.021259021246805787
409157,0.34294538758695126
409158,0.021614584256894886
409163,0.2027844451367855
409167,0.05471646343357861
409168,0.07197468588128686
409169,0.03467326844111085
409172,0.16580622270703316
409173,0.01414734433637932
409174,0.01443852309603244
409175,0.011847064248286188
409192,0.30913891084492207
409193,0.060895021073520184
409197,0.03956253780052066
409204,0.017417200724594295
409206,0.02162488375324756
409208,0.058801963459700346
409209,0.031326127354986966
409212,0.07317287661135197
409213,0.0656384420581162
409214,0.06780186807736754
409217,0.018893330241553485
409218,0.031867949408479035
409220,0.031176542048342526
409221,0.0142031594295986
409227,0.015045694075524807
409228,0.010598269815091044
409229,0.06503055617213249
409230,0.12413689447566867
409259,0.03396232845261693
409261,0.03185901674441993
409269,0.3113492503762245
409277,0.023837336571887136
409278,0.008213195600546896
409285,0.1313335206359625
409286,0.022931858082301915
409287,0.13744847662746906
409293,0.05374824581667781
409297,0.022014130256138742
409298,0.06168513558804989
409299,0.03173330519348383
409340,0.027983264299109578
409377,0.07792593818157911
409383,0.021800925373099744
409384,0.024362330907024443
409409,0.02149116643704474
409412,0.014738951460458338
409413,0.10785691253840923
409414,0.13040020316839218
409415,0.029630999779328704
409423,0.040137640200555325
409428,0.1903316993266344
409429,0.01067116268677637
409430,0.0377834637183696
409431,0.00729829870397225
409432,0.09911237377673388
409433,0.03290146519429982
409434,0.09714743122458458
409442,0.21595007181167603
409443,0.15698610991239548
409446,0.016481788479723036
409463,0.03950750222429633
409482,0.01587731554172933
409507,0.10623848903924227
409508,0.06522149313241243
409509,0.006404150015441701
409514,0.051250512478873134
409535,0.06658035982400179
409536,0.04205269971862435
409537,0.01313729991670698
409538,0.06369103817269206
409541,0.062103009317070246
409542,0.023722820449620485
409543,0.032023794716224074
409545,0.06794501189142466
409550,0.013919329619966447
409551,0.019692768226377666
409552,0.048624917631968856
409553,0.22487908601760864
409558,0.02840130648110062
409563,0.027775385649874806
409574,0.03374251234345138
409607,0.10160443931818008
409608,0.20977679453790188
409628,0.008995656593469903
409632,0.09104960644617677
409633,0.11721562035381794
409636,0.13191782217472792
409676,0.017873065313324332
409691,0.024779870873317122
409694,0.06996665569022298
409707,0.027105580316856503
409723,0.013262695283629
409741,0.029851998202502728
409743,0.08018673723563552
409747,0.06796896317973733
409773,0.0658601108007133
409777,0.18627040274441242
409778,0.13804972264915705
409804,0.07409332832321525
409805,0.008037904044613242
409812,0.02107951301150024
409817,0.022274879389442503
409836,0.031315844506025314
409846,0.14149480406194925
409850,0.07209884561598301
409852,0.010894422826822847
409861,0.26132842153310776
409864,0.18618352245539427
409871,0.0812408896163106
409891,0.03521759179420769
409896,0.04633248504251242
409917,0.09377166302874684
409918,0.01667627412825823
409923,0.08341720188036561
409941,0.009302595455665141
409949,0.06134206894785166
409953,0.0168591495603323
409958,0.018200610182248056
409972,0.07537587825208902
409979,0.1764669669792056
409983,0.1831063237041235
409984,0.06057240813970566
409985,0.011385954217985272
409986,0.07202871283516288
409994,0.17877884209156036
409999,0.042839915258809924
410019,0.1393904034048319
410024,0.03313866246026009
410025,0.02793166332412511
410039,0.01725823973538354
410044,0.059766277205199
410045,0.033821747405454516
410046,0.04802169534377754
410047,0.01786749716848135
410048,0.062143155839294195
410065,0.04657612927258015
410066,0.14447610825300217
410073,0.025600609253160655
410087,0.017318524071015418
410089,0.1523952428251505
410092,0.06280951434746385
410093,0.09037197753787041
410094,0.030504725873470306
410095,0.0627142102457583
410096,0.021273959195241332
410101,0.06341151613742113
410102,0.02071104187052697
410103,0.020213525858707726
410107,0.012523913057520986
410110,0.072561364620924
410111,0.044751792680472136
410112,0.09743725974112749
410142,0.016224745952058583
410143,0.009492221695836633
410161,0.06030237418599427
410162,0.03476627194322646
410165,0.014091560675296932
410166,0.3281591162085533
410167,0.09708845801651478
410184,0.05261021526530385
410185,0.01279039029031992
410186,0.007326439023017883
410187,0.08714249869808555
410223,0.033779101679101586
410256,0.15876541007310152
410257,0.18021723441779613
410258,0.01349033002043143
410259,0.005471534124808386
410269,0.1790858395397663
410270,0.024400136433541775
410273,0.06825249502435327
410274,0.057076910976320505
410275,0.014947755262255669
410276,0.14434790797531605
410277,0.06344390520825982
410295,0.03479354898445308
410296,0.024415114778093994
410297,0.1771722324192524
410298,0.04022056399844587
410300,0.07597581623122096
410301,0.025294951745308936
410302,0.15272764395922422
410303,0.027484648860991
410304,0.037311864318326116
410305,0.02067541389260441
410306,0.05593749321997166
410307,0.02635187259875238
410308,0.09770939545705914
410309,0.04592696251347661
410316,0.018617008230648935
410317,0.05665647448040545
410358,0.09463022602722049
410359,0.016549685737118125
410360,0.025575003819540143
410368,0.24547742493450642
410369,0.08386261854320765
410370,0.01453032362041995
410372,0.012988812639378011
410373,0.006285693030804396
410378,0.28178651072084904
410379,0.018253156333230436
410380,0.20962387323379517
410387,0.20227499585598707
410388,0.4362352043390274
410389,0.037328785518184304
410390,0.029024010756984353
410405,0.037663796450942755
410411,0.01749061222653836
410416,0.01869844936300069
410418,0.08809648733586073
410424,0.09810271579772234
410429,0.03259455203078687
410438,0.02510822005569935
410442,0.022219285601750016
410448,0.027682386338710785
410456,0.08777169650420547
410464,0.024106867262162268
410467,0.16471246909350157
410473,0.10916908830404282
410476,0.006958686251891777
410479,0.14111825916916132
410499,0.1969210710376501
410526,0.0879073697142303
410528,0.04492809367366135
410546,0.17305305786430836
410564,0.01395967131247744
410567,0.012344876944553107
410571,0.10045253671705723
410572,0.16626743506640196
410573,0.06298845261335373
410577,0.02630338235758245
410581,0.03378625260666013
410587,0.05176751222461462
410588,0.029373138677328825
410595,0.056490423856303096
410602,0.010200874996371567
410606,0.010365747497417033
410616,0.0227440019370988
410624,0.19193674623966217
410626,0.08940759301185608
410637,0.03705574246123433
410660,0.07658298453316092
410661,0.017271028482355177
410663,0.02317971852608025
410664,0.07692193565890193
410669,0.02824289072304964
410675,0.07678529899567366
410679,0.11075748410075903
410684,0.016375041683204472
410689,0.00812254601623863
410693,0.020175779587589204
410697,0.02102289372123778
410698,0.029954811208881438
410699,0.017029207781888545
410706,0.03225422487594187
410710,0.09771725721657276
410712,0.011850050534121692
410716,0.008520709758158773
410725,0.057789551792666316
410735,0.08115658350288868
410742,0.051056509371846914
410745,0.0055209664278663695
410746,0.010003139555919915
410751,0.060702760238200426
410753,0.033816151320934296
410759,0.03439381439238787
410761,0.1939611965790391
410770,0.031469594687223434
410778,0.06294763856567442
410784,0.018008056795224547
410786,0.06865180749446154
410789,0.019608189235441387
410800,0.031663525151088834
410811,0.01964965939987451
410813,0.02100332931149751
410821,0.1047057113610208
410822,0.02488391171209514
410879,0.1664969427511096
410880,0.038374168099835515
410900,0.052987870294600725
410901,0.09444239363074303
410908,0.04110727156512439
410909,0.01957587036304176
410910,0.046848117373883724
410911,0.10728682205080986
410912,0.012779829907231033
410913,0.024908347171731293
410914,0.12085045222193003
410915,0.017817955696955323
410916,0.008067368878982961
410917,0.05942073976621032
410918,0.049344633938744664
410919,0.004972596390871331
410922,0.04034252604469657
410923,0.05003755213692784
410940,0.01787960494402796
410955,0.07177479425445199
410956,0.2326366174966097
410959,0.09507596399635077
410960,0.10452658776193857
410961,0.08483354700729251
410962,0.06804048409685493
410963,0.12575929146260023
410964,0.017328512971289456
410968,0.04831424402073026
410970,0.013272225274704397
410971,0.020392286824062467
410972,0.065581607632339
410975,0.06757259462028742
410994,0.10886897146701813
410999,0.10073586367070675
411011,0.17060947231948376
411012,0.06351093389093876
411014,0.10054145846515894
411021,0.015706307371146977
411022,0.13589800894260406
411023,0.12697950098663568
411024,0.11450786609202623
411025,0.01714803755749017
411026,0.31404291838407516
411027,0.20312998350709677
411028,0.014635149389505386
411030,0.037910221610218287
411031,0.08141148462891579
411032,0.01775042002554983
411033,0.04679470113478601
411049,0.017462728545069695
411050,0.023095407523214817
411051,0.13790742587298155
411052,0.06287632742896676
411073,0.049886526772752404
411074,0.04307296150363982
411076,0.017494156258180737
411080,0.016239081975072622
411081,0.03586202720180154
411082,0.008069818461081013
411093,0.0953195970505476
411094,0.03123789164237678
411095,0.05775771290063858
411099,0.01591882621869445
411102,0.03638247959315777
411103,0.08066877536475658
411112,0.0097707265522331
411114,0.100845898501575
411115,0.04496520012617111
411116,0.07510033994913101
411168,0.04747664206661284
411169,0.21941134706139565
411170,0.0325680518290028
411189,0.02713788952678442
411190,0.022620903910137713
411195,0.17605315893888474
411196,0.04962904658168554
411197,0.04610663908533752
411205,0.004074796583154239
411206,0.15816519409418106
411215,0.03657271573320031
411216,0.014547999540809542
411217,0.03966019116342068
411218,0.07282460806891322
411222,0.006410187546862289
411238,0.016383297508582473
411239,0.025062355445697904
411240,0.042951565934345126
411248,0.007709295372478664
411274,0.06729440111666918
411275,0.02506781741976738
411293,0.019100044039078057
411299,0.046600051457062364
411300,0.008787055499851704
411301,0.027571377577260137
411302,0.074969288893044
411305,0.10323431715369225
411309,0.1717178812250495
411334,0.021095079951919615
411343,0.03055419120937586
411349,0.016346101532690227
411360,0.04808025364764035
411363,0.009487777191679925
411364,0.04571705823764205
411384,0.07870001532137394
411402,0.03088187542743981
411424,0.04380282084457576
411425,0.13299155049026012
411430,0.07844927348196507
411432,0.03017391706816852
411434,0.25478994473814964
411447,0.029662022134289145
411450,0.009844364947639406
411452,0.08334529912099242
411463,0.0904042231850326
411467,0.10644849669188261
411474,0.014954102807678282
411478,0.006902255641762167
411480,0.021464799297973514
411481,0.06455671228468418
411502,0.06213614251464605
411509,0.023333364981226623
411511,0.1838769968599081
411515,0.049241772620007396
411516,0.06476421467959881
411532,0.03352200100198388
411565,0.010618295054882765
411570,0.08150380663573742
411600,0.02663709467742592
411608,0.0564054399728775
411613,0.02472994534764439
411614,0.008096914738416672
411620,0.07524786470457911
411634,0.019008597591891885
411639,0.01194741774816066
411645,0.042776026064530015
411648,0.006195322406711057
411660,0.049330264097079635
411668,0.004094501244253479
411672,0.111144017893821
411673,0.00988588115433231
411674,0.27599967271089554
411675,0.011976719426456839
411676,0.011870910529978573
411677,0.14104302786290646
411715,0.02217707922682166
411718,0.016907689860090613
411719,0.11954546719789505
411720,0.023736966773867607
411730,0.04492884804494679
411731,0.09472916927188635
411740,0.05410453211516142
411746,0.04747505788691342
411748,0.013016600219998509
411749,0.014253231522161514
411752,0.06293385848402977
411753,0.013281649618875235
411754,0.014832480403129011
411755,0.015176720567978919
411767,0.012237507675308734
411768,0.037719537038356066
411819,0.15629540104418993
411826,0.0847787787206471
411827,0.010287197132129222
411841,0.012510046421084553
411842,0.5005538165569305
411843,0.05077842948958278
411844,0.0726086045615375
411845,0.05239169066771865
411846,0.15861394628882408
411850,0.1600076723843813
411852,0.058640964329242706
411853,0.0726351197808981
411854,0.025710939546115696
411855,0.029771314468234777
411856,0.02812539553269744
411860,0.025175841758027673
411883,0.03262478648684919
411938,0.025047138915397227
411939,0.1656715776771307
411940,0.03355145896784961
411957,0.11490936577320099
411958,0.052516520489007235
411959,0.06433559767901897
411963,0.027692314004525542
411969,0.02807386079803109
411970,0.05434700660407543
411971,0.027458372758701444
411972,0.1226687366142869
411973,0.015107695362530649
411974,0.04836403205990791
411975,0.026304894126951694
411977,0.054703531321138144
411978,0.1846499927341938
411979,0.09334978787228465
412004,0.040695623960345984
412008,0.02401287527754903
412009,0.10306967841461301
412010,0.01655580452643335
412030,0.0723768942989409
412031,0.0969706904143095
412032,0.009728410048410296
412036,0.014143853972200304
412038,0.060251259710639715
412047,0.025372995994985104
412049,0.2521192580461502
412082,0.023671134491451085
412092,0.07808684324845672
412098,0.10766337998211384
412101,0.08247198816388845
412108,0.4369954951107502
412111,0.08488611411303282
412119,0.09142589615657926
412128,0.00781371962511912
412139,0.10870745126157999
412152,0.06592804566025734
412154,0.031136506237089634
412178,0.08677787706255913
412180,0.04926962265744805
412193,0.035340458853170276
412199,0.02286108792759478
412204,0.046483562560752034
412206,0.020937596447765827
412207,0.014799646043684334
412211,0.07047975482419133
412220,0.0040294995123986155
412221,0.0343942588660866
412229,0.10897050146013498
412234,0.04605458420701325
412235,0.049967492232099175
412236,0.1312438054010272
412251,0.039262980222702026
412262,0.0686170682311058
412270,0.09604197321459651
412280,0.03287359816022217
412289,0.18827584385871887
412305,0.023411249043419957
412310,0.04052750929258764
412345,0.029778205207549036
412348,0.11729720141738653
412361,0.062060991767793894
412367,0.07607574155554175
412368,0.03074352629482746
412370,0.04862672439776361
412372,0.25042894296348095
412377,0.11764278262853622
412380,0.020799307036213577
412382,0.00759470448247157
412391,0.036374971736222506
412393,0.010628306248690933
412411,0.14801667537540197
412412,0.05332288192585111
412415,0.1914622848853469
412416,0.21094278246164322
412422,0.08775508496910334
412428,0.031081041088327765
412430,0.010820320283528417
412436,0.05304290261119604
412447,0.048929463140666485
412451,0.013252141536213458
412456,0.018458991195075214
412470,0.13020397629588842
412472,0.02492468198761344
412478,0.0073710421565920115
412487,0.04704956291243434
412490,0.1503292629495263
412494,0.11176097579300404
412516,0.09153840690851212
412519,0.0338370141107589
412525,0.10898194462060928
412527,0.15391654334962368
412528,0.04447345994412899
412551,0.3155925739556551
412552,0.016328044119291008
412557,0.023130443529225886
412558,0.02115234441589564
412559,0.08658357057720423
412561,0.010637518542353064
412563,0.035818735137581825
412564,0.012497932533733547
412565,0.0688375299796462
412593,0.03052584733814001
412598,0.16508078295737505
412602,0.02396218804642558
412610,0.04931864654645324
412611,0.08533824235200882
412612,0.014876148547045887
412613,0.05507520493119955
412621,0.042446612380445004
412622,0.004934073469485156
412623,0.050132856937125325
412624,0.17539150547236204
412637,0.04001936153508723
412638,0.09652981301769614
412639,0.1561963241547346
412640,0.018309369625058025
412641,0.02786111645400524
412642,0.017332309973426163
412643,0.0758048933930695
412644,0.08135430188849568
412651,0.030987639911472797
412667,0.03393079712986946
412669,0.08076707925647497
412686,0.10357173066586256
412712,0.0077672600746154785
412713,0.06532988976687193
412714,0.01293436874402687
412715,0.013882307976018637
412720,0.14777210913598537
412728,0.02831188077107072
412738,0.020216032629832625
412739,0.048262338852509856
412740,0.09945489000529051
412741,0.04515617084689438
412753,0.015449058671947569
412754,0.04373287898488343
412762,0.020906647783704102
412764,0.03797892504371703
412765,0.041330564534291625
412775,0.03373225778341293
412776,0.038332048105075955
412777,0.009145905554760247
412778,0.2059268094599247
412800,0.005921967793256044
412801,0.03965249261818826
412802,0.09236811101436615
412829,0.04302276857197285
412854,0.09692006697878242
412855,0.044051108649000525
412861,0.102548161521554
412862,0.03130599996075034
412863,0.02242713829036802
412883,0.01916687481570989
412884,0.022779911174438894
412886,0.22450427152216434
412898,0.08948927838355303
412899,0.00903650204418227
412900,0.032284019282087684
412922,0.090964260045439
412941,0.06262745521962643
412959,0.02925126370973885
412967,0.06880847411230206
412980,0.15568449720740318
412997,0.04076589364558458
413016,0.01979351381305605
413017,0.15474117826670408
413027,0.02230590023100376
413034,0.05379135231487453
413038,0.1323009543120861
413054,0.13863098248839378
413059,0.016923919320106506
413065,0.026925165439024568
413073,0.037664483301341534
413075,0.2446514181792736
413081,0.07142852386459708
413089,0.08520841179415584
413091,0.13312426023185253
413094,0.05135193793103099
413104,0.05950418161228299
413107,0.27405836060643196
413110,0.037016070913523436
413113,0.10551938135176897
413117,0.04258590214885771
413124,0.01845108508132398
413126,0.19580535776913166
413137,0.057172789704054594
413145,0.0479616925586015
413146,0.014658809348475188
413147,0.04245884693227708
413150,0.005637376511003822
413159,0.08439362654462457
413160,0.03401473257690668
413172,0.3226957730948925
413179,0.022926430217921734
413181,0.027969702379778028
413185,0.029079758562147617
413188,0.06710420222952962
413197,0.047371088061481714
413208,0.20632016472518444
413215,0.10218344628810883
413216,0.10153033677488565
413219,0.01517785678151995
413232,0.04840736021287739
413237,0.04131966317072511
413243,0.35764800757169724
413249,0.07089757965877652
413262,0.04138024849817157
413263,0.0722303744405508
413271,0.0448430934920907
413274,0.04677051003091037
413280,0.07608588179573417
413296,0.1801960114389658
413299,0.046291220001876354
413303,0.015616650285664946
413320,0.11193521320819855
413324,0.027606889372691512
413325,0.021324789617210627
413335,0.037312192376703024
413341,0.15872961934655905
413342,0.01753968035336584
413351,0.14345687441527843
413352,0.011482032481580973
413359,0.03881022916175425
413373,0.07380879367701709
413374,0.051542054396122694
413375,0.018327411264181137
413376,0.03971854783594608
413377,0.09155723266303539
413383,0.11037955526262522
413384,0.09379265271127224
413392,0.033757546450942755
413393,0.09647864336147904
413395,0.052087983349338174
413424,0.036573008401319385
413425,0.039685953641310334
413457,0.008126432221615687
413458,0.022754466044716537
413459,0.17231352627277374
413460,0.011046806583181024
413465,0.02798013761639595
413466,0.18806766718626022
413467,0.032711180625483394
413468,0.016984469024464488
413475,0.03230204025749117
413476,0.10949432756751776
413477,0.3287720028311014
413478,0.02220351784490049
413479,0.023400799720548093
413489,0.0666060852818191
413491,0.07423197012394667
413492,0.09709576098248363
413493,0.040770739782601595
413494,0.07372313691303134
413495,0.04448552755638957
413498,0.04329134477302432
413499,0.07853133836761117
413545,0.03665516781620681
413549,0.01164752192562446
413550,0.10838456498458982
413551,0.014648834359832108
413552,0.25040058605372906
413553,0.04794808244332671
413554,0.04274330800399184
413558,0.12273617926985025
413559,0.15535895992070436
413562,0.0312924284953624
413563,0.11379764601588249
413564,0.011814801837317646
413592,0.05586292268708348
413593,0.028640127973631024
413594,0.036517754197120667
413595,0.023289528442546725
413596,0.0605896795168519
413597,0.02287877700291574
413604,0.012858915550168604
413605,0.0854053613729775
413606,0.019149217405356467
413607,0.014139619539491832
413616,0.14248390402644873
413617,0.07599594816565514
413618,0.05037872237153351
413625,0.027523842873051763
413626,0.13851273339241743
413627,0.04482148098759353
413628,0.10926075931638479
413629,0.026221733074635267
413630,0.045039053773507476
413631,0.013664298050571233
413632,0.09441155986860394
413633,0.1540771033614874
413634,0.19572245888412
413635,0.12730818893760443
413636,0.06409133644774556
413644,0.012517645431216806
413645,0.010082977067213506
413646,0.027003557421267033
413683,0.05299822986125946
413685,0.03006734326481819
413686,0.18999113887548447
413690,0.02130715420935303
413691,0.01835630356799811
413692,0.01860803214367479
413693,0.09754020813852549
413694,0.1841236064210534
413695,0.007357728434726596
413696,0.16155187878757715
413702,0.04103660676628351
413707,0.01759095164015889
413708,0.0941401026211679
413709,0.10095613170415163
413730,0.01752207602839917
413731,0.12115649972110987
413732,0.016244195052422583
413733,0.028003684361465275
413734,0.047525772359222174
413736,0.036013413686305285
413748,0.018463965272530913
413749,0.11203458346426487
413751,0.25173066928982735
413752,0.287718815729022
413754,0.06132422015070915
413755,0.17038989160209894
413756,0.03501156554557383
413757,0.036596914287656546
413758,0.06728043779730797
413759,0.07279541436582804
413760,0.027248231344856322
413764,0.01509221235755831
413765,0.03650483605451882
413766,0.04061983386054635
413767,0.10047993389889598
413768,0.03436422278173268
413769,0.04415924148634076
413770,0.013836941565386951
413776,0.015480960835702717
413777,0.00991769740357995
413778,0.010361549851950258
413797,0.12548261415213346
413824,0.03061805700417608
413828,0.08041939744725823
413831,0.13675882015377283
413834,0.010393345088232309
413841,0.014398383034858853
413848,0.015988476458005607
413850,0.022299054195173085
413851,0.23208041302859783
413857,0.006277164531638846
413860,0.005693670216714963
413867,0.058983724331483245
413868,0.06075316807255149
413871,0.023913147626444697
413878,0.04886218253523111
413882,0.019920717808417976
413885,0.007855833042412996
413886,0.09723103465512395
413892,0.06332910340279341
413896,0.1393243120983243
413897,0.04932084516622126
413917,0.1346412217244506
413921,0.018434719182550907
413934,0.2375679314136505
413941,0.014542076387442648
413953,0.019811933860182762
413958,0.02908848982769996
413967,0.13754589390009642
413971,0.009937923401594162
413975,0.059938803780823946
413978,0.061881634406745434
413983,0.08423716574907303
413984,0.011679012270178646
413989,0.013806448550894856
413992,0.02342733065597713
414001,0.059535850305110216
414002,0.024623594945296645
414003,0.06796131515875459
414007,0.22790482826530933
414008,0.07970971893519163
414016,0.10400182660669088
414022,0.02896690566558391
414026,0.051702711498364806
414041,0.040230334270745516
414042,0.13600647635757923
414045,0.01772175042424351
414047,0.07306334981694818
414050,0.3865625336766243
414061,0.01192964770598337
414068,0.044657652731984854
414076,0.055036399979144335
414093,0.10192573769018054
414102,0.014318171888589859
414109,0.13915594387799501
414117,0.027995700831525028
414144,0.026631548767909408
414149,0.0191402513301
414160,0.0118089314782992
414166,0.3502873629331589
414171,0.191061076708138
414172,0.0530340310651809
414183,0.06542736291885376
414186,0.03526177629828453
414192,0.02061885956209153
414194,0.09150528674945235
414203,0.2207623552531004
414206,0.018436493701301515
414207,0.02294867322780192
414229,0.023408429813571274
414231,0.01754306606017053
414248,0.03077998838853091
414251,0.08878852054476738
414252,0.02458232280332595
414253,0.3924936894327402
414254,0.06737227039411664
414255,0.07709034299477935
414262,0.04139782371930778
414265,0.2341549452394247
414266,0.11665398627519608
414267,0.016413398436270654
414269,0.06363899121060967
414270,0.028469580225646496
414271,0.053793997038155794
414272,0.06933332979679108
414273,0.04308677278459072
414275,0.022078872774727643
414323,0.428740456700325
414324,0.029828303726390004
414328,0.02306160854641348
414329,0.05934789963066578
414333,0.017984148347750306
414341,0.019087765831500292
414357,0.035858150804415345
414358,0.011402967327740043
414359,0.0469776252284646
414362,0.08570002624765038
414363,0.02194086939562112
414368,0.016376579413190484
414372,0.037773760268464684
414375,0.05207560444250703
414376,0.012578648398630321
414382,0.08068204345181584
414383,0.20551814138889313
414480,0.015616688877344131
414481,0.0515234163030982
414484,0.26532821357250214
414485,0.022782508400268853
414486,0.01691225456306711
414487,0.07900139037519693
414488,0.046738154953345656
414489,0.018960255663841963
414492,0.005362473690183833
414493,0.05434787948615849
414497,0.010266211640555412
414501,0.0422548521310091
414543,0.1372345145791769
414544,0.1045034946873784
414559,0.029346093302592635
414560,0.06374632101505995
414561,0.00750968448119238
414573,0.08299843734130263
414574,0.01820010505616665
414575,0.18328566290438175
414577,0.0409673023968935
414584,0.4102165810763836
414585,0.013636001443956047
414586,0.08906170725822449
414590,0.006312556739430875
414591,0.028243832755833864
414593,0.08270112797617912
414597,0.028335447423160076
414598,0.39801887050271034
414621,0.10522726690396667
414635,0.09381013223901391
414639,0.02408937318250537
414640,0.01820225326810032
414648,0.05873025767505169
414656,0.01782905717846006
414659,0.10403491603210568
414660,0.009778417355846614
414663,0.03176484373398125
414683,0.09201907040551305
414691,0.08845362672582269
414700,0.053062425227835774
414705,0.006735401693731546
414708,0.05705586448311806
414711,0.023575562983751297
414712,0.049734670436009765
414716,0.032729499973356724
414720,0.014563357923179865
414733,0.006656611192738637
414740,0.08617012854665518
414748,0.05297878431156278
414767,0.22408408671617508
414771,0.13258520513772964
414779,0.05069757695309818
414785,0.10734550468623638
414787,0.1230459469370544
414793,0.009052261535543948
414816,0.07665006257593632
414830,0.04394155368208885
414831,0.33452551625669
414859,0.017207539058290422
414864,0.01592987554613501
414867,0.026026004692539573
414871,0.025508933584205806
414879,0.06961529050022364
414892,0.21058791503310204
414895,0.05204348312690854
414911,0.07840938633307815
414915,0.031865332974120975
414922,0.0836361083202064
414939,0.024272942100651562
414945,0.03363530780188739
414960,0.03501595929265022
414969,0.030103599885478616
414973,0.014225087244994938
414979,0.045891014859080315
414985,0.017029339680448174
414992,0.01507153466809541
414996,0.046930541982874274
415000,0.010448662505950779
415001,0.04634239757433534
415005,0.01656554313376546
415024,0.049745169933885336
415038,0.02314762561582029
415041,0.1195754548534751
415049,0.04019341035746038
415055,0.0802826602011919
415061,0.0352198826149106
415064,0.06249345280230045
415069,0.10297468956559896
415070,0.0739141246303916
415071,0.007290439360076562
415072,0.025066919741220772
415074,0.00924258169834502
415078,0.08606581017374992
415079,0.036122464342042804
415080,0.12833520025014877
415081,0.22016424499452114
415082,0.10797695675864816
415085,0.08367830887436867
415086,0.02550431073177606
415089,0.053916196106001735
415090,0.029913553968071938
415091,0.05107377213425934
415092,0.08534742426127195
415095,0.06204351829364896
415100,0.09280057065188885
415101,0.005855062016053125
415102,0.11999177280813456
415103,0.025672804680652916
415104,0.018749855807982385
415106,0.07353486679494381
415107,0.01767406379804015
415108,0.129064304754138
415109,0.17453752644360065
415110,0.030905372928828
415111,0.009478684107307345
415113,0.014141115476377308
415114,0.036975306924432516
415115,0.04291823133826256
415116,0.03439328074455261
415117,0.009639189869631082
415118,0.18160144798457623
415119,0.33135196194052696
415120,0.015598425408825278
415121,0.058864249382168055
415122,0.06409371085464954
415123,0.012833401444368064
415124,0.22011243365705013
415126,0.11412821570411325
415152,0.032272524666041136
415205,0.030241454718634486
415209,0.030210427241399884
415326,0.07316918857395649
415409,0.03455146006308496
415414,0.00645574287045747
415430,0.02891037263907492
415466,0.11849287617951632
415467,0.2087333407253027
415473,0.030292273499071598
415474,0.009048420935869217
415479,0.00915358794736676
415480,0.05523425969295204
415486,0.007164429989643395
415488,0.04404746484942734
415489,0.024576678406447172
415490,0.009857473836746067
415493,0.03215525858104229
415494,0.05879976972937584
415497,0.028217354672960937
415498,0.10732769872993231
415499,0.021375633194111288
415505,0.03391689097043127
415506,0.08621906023472548
415509,0.039658462163060904
415511,0.07583052339032292
415514,0.02502239856403321
415517,0.14657285436987877
415519,0.12275571003556252
415521,0.26557434909045696
415522,0.010106253088451922
415523,0.034733220119960606
415525,0.015899292193353176
415527,0.042610079515725374
415529,0.018957589520141482
415531,0.04306293441914022
415533,0.07269057165831327
415534,0.06624654307961464
415536,0.006210457009728998
415537,0.08219177508726716
415539,0.06772979674860835
415540,0.04004295077174902
415541,0.17297688126564026
415542,0.05928928614594042
415543,0.024082354037091136
415544,0.017097689385991544
415545,0.07053562812507153
415546,0.1808036919683218
415547,0.015349157154560089
415548,0.013031463488005102
415549,0.1566820926964283
415550,0.11426484305411577
415652,0.01985342043917626
415654,0.04753228975459933
415686,0.022952809114940464
415687,0.05483938823454082
415695,0.07197663513943553
415698,0.13580626714974642
415701,0.06970662716776133
415705,0.17422658577561378
415707,0.01695902703795582
415709,0.02764633938204497
415712,0.01968211366329342
415718,0.029473518952727318
415724,0.013414878631010652
415729,0.02468669309746474
415730,0.23246384225785732
415731,0.0480543018784374
415733,0.019036091049201787
415736,0.026975686894729733
415737,0.01927106932271272
415738,0.03683164739049971
415741,0.016389312280807644
415742,0.14265088643878698
415743,0.07706598471850157
415744,0.031077329069375992
415745,0.005610944266663864
415746,0.0632143933326006
415747,0.07119124755263329
415749,0.07002651132643223
415750,0.0315964980982244
415751,0.1778571093454957
415752,0.041471028700470924
415753,0.17657798156142235
415754,0.016537907300516963
415755,0.052882084622979164
415756,0.14203132968395948
415757,0.02999825868755579
415850,0.1526982430368662
415874,0.09673845861107111
415930,0.04086600663140416
415962,0.24242607690393925
415994,0.2007259950041771
415995,0.07023052917793393
416088,0.0577893671579659
416129,0.15137267764657736
416228,0.022076338878832757
416229,0.03448026697151363
416239,0.08169950172305107
416243,0.03784419223666191
416245,0.05132766533643007
416253,0.04366328381001949
416263,0.03202534141018987
416264,0.09641632717102766
416265,0.1516855526715517
416269,0.20555095560848713
416272,0.10284273605793715
416273,0.03183626011013985
416274,0.11384605057537556
416275,0.03609897359274328
416276,0.042681868420913815
416277,0.08933948492631316
416278,0.08704154612496495
416280,0.020090808277018368
416283,0.0427024879027158
416287,0.019379522185772657
416288,0.08807315211743116
416291,0.010547245154157281
416292,0.09486238146200776
416294,0.1829543737694621
416295,0.409903671592474
416296,0.04551109089516103
416300,0.03192813857458532
416301,0.08517705742269754
416302,0.0565192261710763
416303,0.0555849764496088
416305,0.1095703337341547
416306,0.06894135614857078
416307,0.07544397376477718
416309,0.03241613192949444
416310,0.19648619182407856
416311,0.0368610480800271
416312,0.03511745040304959
416313,0.5289555042982101
416314,0.010563950490904972
416315,0.14223092328757048
416316,0.06115876045078039
416426,0.030708547681570053
416435,0.018092355341650546
416444,0.022534751798957586
416477,0.15613415464758873
416484,0.06363248033449054
416488,0.07282121200114489
416502,0.025711418711580336
416542,0.11641280073672533
416582,0.03159495396539569
416647,0.013696988753508776
416658,0.022433695383369923
416659,0.03065306763164699
416675,0.06363358022645116
416676,0.13607849087566137
416696,0.2450705301016569
416721,0.015620059217326343
416729,0.02207389986142516
416743,0.06350211007520556
416744,0.1387278288602829
416761,0.042816391214728355
416793,0.048807910876348615
416826,0.015390995482448488
416848,0.06557035725563765
416850,0.0629179049283266
416860,0.09288825932890177
416861,0.1948749953880906
416862,0.030586349545046687
416865,0.06466748518869281
416870,0.09932440519332886
416871,0.05638103932142258
416872,0.029229409992694855
416874,0.08991828095167875
416877,0.01114833023166284
416879,0.012324959388934076
416881,0.029689272865653038
416882,0.011399509909097105
416883,0.032363122794777155
416884,0.018553808331489563
416885,0.032770129619166255
416886,0.20241915248334408
416887,0.04576796852052212
416888,0.16292571928352118
416890,0.030175763880833983
416893,0.04263690998777747
416894,0.038307489827275276
416895,0.047723966650664806
416896,0.007304225058760494
416897,0.1006955374032259
416899,0.0499964440241456
416900,0.010700147307943553
416901,0.02282878232654184
416902,0.007155843370128423
416903,0.04940865631215274
417043,0.019105854677036405
417159,0.016030253027565777
417182,0.04276937083341181
417183,0.11267752945423126
417187,0.018782270839437842
417209,0.013078589516226202
417226,0.24466215632855892
417228,0.14315965212881565
417232,0.01102126092882827
417234,0.020486870547756553
417241,0.025154160801321268
417245,0.018350667087361217
417246,0.08115869294852018
417247,0.1510306280106306
417250,0.26666729152202606
417251,0.021108723827637732
417253,0.0033726344991009682
417254,0.028187123243696988
417255,0.08335424400866032
417256,0.06623421097174287
417257,0.12821136321872473
417258,0.10291146766394377
417259,0.006873695645481348
417260,0.08709120703861117
417261,0.013555253855884075
417263,0.08940514782443643
417264,0.019160485127940774
417265,0.02340741641819477
417266,0.03201611037366092
417267,0.06440643919631839
417268,0.03448096406646073
417338,0.019249508972279727
417342,0.06660843919962645
417349,0.04475478152744472
417382,0.07561196573078632
417388,0.062320231925696135
417389,0.08439211873337626
417393,0.10673772171139717
417395,0.11974285636097193
417397,0.016316295601427555
417398,0.008437449054326862
417401,0.07042261632159352
417403,0.13744402397423983
417406,0.09784966241568327
417407,0.40419815108180046
417408,0.11755150463432074
417409,0.029631237033754587
417411,0.019708011066541076
417412,0.09981935378164053
417414,0.04671103390865028
417416,0.12815004959702492
417417,0.07018812419846654
417420,0.025878844317048788
417421,0.19943829625844955
417422,0.25403380766510963
417423,0.02612734609283507
417426,0.008298150554765016
417427,0.05415068380534649
417428,0.030333365546539426
417429,0.016659433720633388
417430,0.11367134749889374
417431,0.020163242355920374
417432,0.01443662226665765
417433,0.06941158976405859
417435,0.04723634640686214
417436,0.05877199932001531
417438,0.04127841396257281
417439,0.030848496593534946
417440,0.02507239847909659
417441,0.012765136547386646
417442,0.19005939085036516
417443,0.05074794963002205
417444,0.048414223827421665
417445,0.11349726235494018
417446,0.07260355679318309
417447,0.07234631944447756
417448,0.06199512118473649
417449,0.06246351031586528
417450,0.047175613697618246
417451,0.04123409138992429
417452,0.05197661346755922
417453,0.08248666487634182
417454,0.13828857149928808
417455,0.23221317119896412
417456,0.034531663404777646
417457,0.01803130062762648
417513,0.0062684378935955465
417544,0.22730709053575993
417555,0.07375741843134165
417567,0.13120109122246504
417612,0.0183577366406098
417625,0.1740404162555933
417626,0.051109330262988806
417627,0.16651693731546402
417648,0.03451576689258218
417735,0.04529441986232996
417736,0.10993915610015392
417749,0.02025506878271699
417778,0.011884013598319143
417863,0.05393906915560365
417893,0.02775604068301618
417895,0.019808678654953837
417903,0.01818998350063339
417910,0.05340774683281779
417915,0.18764927797019482
417925,0.029376898892223835
417927,0.007440393848810345
417940,0.163733652792871
417949,0.023326652823016047
417950,0.01060526113724336
417952,0.01930548169184476
417956,0.021407396881841123
417969,0.06595854694023728
417970,0.04441085294820368
417974,0.04905675374902785
417975,0.009234764671418816
417976,0.08474715799093246
417980,0.012570105260238051
417982,0.0775964711792767
417983,0.017849131603725255
417987,0.024202218977734447
417988,0.08887862740084529
417989,0.03338303614873439
417990,0.6925311237573624
417993,0.05053599481470883
417994,0.019171979161910713
417995,0.00808683957438916
417996,0.03053284017369151
417997,0.018344676354900002
417998,0.13182965107262135
417999,0.044034336460754275
418000,0.06024650181643665
418001,0.06259117554873228
418002,0.029452941613271832
418003,0.05982773844152689
418004,0.12693962454795837
418005,0.17799523193389177
418006,0.03073395462706685
418009,0.2248038575053215
418011,0.09833728102967143
418012,0.013317830860614777
418013,0.06244813441298902
418014,0.1141588082537055
418015,0.11287032160907984
418029,0.10674983076751232
418030,0.047324383864179254
418132,0.13131650164723396
418217,0.1341570047661662
418222,0.035582427168264985
418237,0.03136968531180173
418272,0.1169674126431346
418343,0.17307218257337809
418344,0.16330887470394373
418345,0.09714202908799052
418386,0.06159156165085733
418387,0.04772201948799193
418402,0.013584724976681173
418436,0.009008282999275252
418456,0.09885275643318892
418458,0.059264200972393155
418460,0.06632651807740331
418487,0.15279571898281574
418514,0.023487057420425117
418519,0.009393555752467364
418532,0.0353050094563514
418539,0.029491536552086473
418549,0.017744199256412685
418555,0.01458653068402782
418556,0.3306574672460556
418558,0.04535376187413931
418559,0.015730672574136406
418562,0.010364084446337074
418568,0.3126066755503416
418576,0.006608790863538161
418578,0.1617448627948761
418580,0.11984683759510517
418581,0.18901472818106413
418582,0.011344870668835938
418584,0.02683883416466415
418585,0.04418409103527665
418587,0.025198121438734233
418591,0.026130833197385073
418592,0.02881257701665163
418593,0.039952173829078674
418595,0.007071460073348135
418596,0.07580946804955602
418597,0.02211180655285716
418598,0.03267084411345422
418599,0.038408143911510706
418600,0.03420920087955892
418601,0.08719016937538981
418602,0.32242901995778084
418603,0.20198329538106918
418604,0.008550377475330606
418606,0.1342052323743701
418607,0.008056283870246261
418608,0.06298763630911708
418609,0.06639374792575836
418610,0.1216781958937645
418611,0.12221845332533121
418612,0.022837479948066175
418613,0.05620770202949643
418614,0.13028632197529078
418615,0.021835855557583272
418616,0.02905824629124254
418618,0.206820048391819
418651,0.015582875814288855
418652,0.014836232352536172
418653,0.03786181192845106
418658,0.16562216728925705
418692,0.15221757721155882
418749,0.17953797988593578
418820,0.09231425449252129
418843,0.06497370079159737
418863,0.03452038741670549
418915,0.01852377224713564
418938,0.0922525660134852
418957,0.052941153291612864
419024,0.1744999010115862
419061,0.01251297228736803
419063,0.04136934084817767
419076,0.0640364307910204
419093,0.021708078566007316
419131,0.033832495333626866
419132,0.005950385035248473
419138,0.026246285531669855
419139,0.08179813623428345
419141,0.034338563214987516
419142,0.008958779857493937
419143,0.022878264426253736
419145,0.01335143466712907
419149,0.026518779573962092
419151,0.01955690945032984
419152,0.02273248229175806
419153,0.0381423020735383
419154,0.06179716414771974
419155,0.027529824059456587
419156,0.03571033291518688
419157,0.012321210524532944
419158,0.3919222727417946
419159,0.23316769488155842
419162,0.010479146207217127
419163,0.01756141777150333
419165,0.20013168919831514
419168,0.09497239021584392
419169,0.01952934276778251
419170,0.17837967537343502
419171,0.14755308162420988
419172,0.07703432254493237
419173,0.0507147591561079
419174,0.04857728001661599
419175,0.016627625736873597
419176,0.14869602490216494
419177,0.19461166858673096
419178,0.0971684679389
419270,0.22127834148705006
419305,0.16117346566170454
419330,0.05585047788918018
419485,0.05478235753253102
419491,0.09511383576318622
419499,0.06094874441623688
419513,0.13046468328684568
419514,0.04961952590383589
419535,0.013407027232460678
419538,0.01603923854418099
419582,0.2696049679070711
419601,0.02107596874702722
419611,0.11608850490301847
419644,0.27990358881652355
419648,0.042356949765235186
419649,0.03915379964746535
419656,0.04748666123487055
419671,0.01206769107375294
419677,0.07480112137272954
419685,0.13937175925821066
419688,0.10009665694087744
419689,0.10585721582174301
419690,0.024185589514672756
419691,0.058949403930455446
419698,0.3562176115810871
419699,0.010737421049270779
419701,0.201349675655365
419703,0.2871472518891096
419704,0.0347955230390653
419705,0.12201157584786415
419746,0.17275165859609842
419750,0.004588997311657295
419767,0.010016839602030814
419775,0.06386477360501885
419783,0.02982808672823012
419787,0.30679394863545895
419788,0.03932975511997938
419790,0.03449521725997329
419791,0.05212922184728086
419792,0.02644044952467084
419794,0.20824959687888622
419795,0.14536439254879951
419797,0.020434418343938887
419798,0.03612223616801202
419799,0.017433714237995446
419804,0.18320216238498688
419805,0.12350733019411564
419806,0.0764051266014576
419808,0.02050187753047794
419810,0.08551338454708457
419811,0.056403168477118015
419812,0.20918238908052444
419815,0.03818724164739251
419816,0.024563156417571008
419817,0.05947812460362911
419818,0.13654260616749525
419820,0.029611350735649467
419821,0.0530500179156661
419824,0.14222523290663958
419825,0.04457494686357677
419826,0.04236348555423319
419827,0.004066978188348003
419828,0.013653177302330732
419829,0.04147121915593743
419830,0.30399920977652073
419831,0.02188635803759098
419832,0.08686111588031054
419833,0.10262612719088793
419834,0.05108180921524763
419835,0.01686232176143676
419836,0.03539131279103458
419837,0.061566323041915894
419838,0.017213693936355412
419839,0.09491426078602672
419840,0.03568809945136309
419841,0.06030139606446028
419842,0.12183666694909334
419843,0.17837682366371155
419913,0.08194509521126747
419916,0.06851878622546792
419955,0.009265824046451598
419956,0.02874978492036462
419992,0.02353035588748753
420150,0.05900266068056226
420160,0.14209599141031504
420190,0.026267135050147772
420195,0.05620293552055955
420204,0.07757293712347746
420207,0.1273097386583686
420210,0.01683859305921942
420214,0.05165701871737838
420218,0.0113918132847175
420219,0.03268429962918162
420220,0.03307204111479223
420242,0.010577669483609498
420249,0.01964152231812477
420254,0.01862476672977209
420255,0.010116930992808193
420258,0.22073045372962952
420260,0.005296756979078054
420263,0.13243022095412016
420265,0.025804962613619864
420271,0.027339271502569318
420273,0.07393444189801812
420274,0.03354149335063994
420275,0.014381676039192826
420277,0.0031023674237076193
420278,0.135833696462214
420279,0.028946482692845166
420280,0.0772634232416749
420281,0.03333192365244031
420283,0.04605724988505244
420284,0.013012544193770736
420285,0.028981000650674105
420286,0.02871213317848742
420287,0.047931174049153924
420288,0.007616276270709932
420290,0.019673478207550943
420291,0.026347033097408712
420293,0.07839695084840059
420294,0.008756645082030445
420295,0.20125183183699846
420296,0.015006805886514485
420297,0.08634598320350051
420298,0.03162938426248729
420299,0.15611805208027363
420300,0.07310863910242915
420344,0.07231252500787377
420345,0.1845758929848671
420347,0.006287905795034021
420348,0.07336185174062848
420349,0.02154646400595084
420350,0.010794464556965977
420351,0.01112232351442799
420352,0.010707486362662166
420353,0.016123983776196837
420354,0.126319183036685
420355,0.034476751112379134
420356,0.245862590149045
420357,0.05105921812355518
420358,0.07900846330448985
420359,0.08885479159653187
420360,0.007909932552138343
420361,0.01638489169999957
420362,0.029443932813592255
420363,0.05384416691958904
420364,0.09607921168208122
420365,0.03392041381448507
420366,0.04606879502534866
420383,0.03995962836779654
420436,0.08902269089594483
420446,0.019659637357108295
420554,0.047003855695948005
420565,0.040682570077478886
420569,0.07630532002076507
420573,0.014911023783497512
420574,0.09004244534298778
420587,0.12508211378008127
420589,0.056255458388477564
420593,0.02389361208770424
420594,0.057055692886933684
420595,0.02911780937574804
420598,0.0068879874888807535
420601,0.055521663976833224
420602,0.13926335982978344
420603,0.03339885058812797
420607,0.011243604240007699
420611,0.009010756271891296
420613,0.02763733034953475
420614,0.05728541500866413
420615,0.1034338129684329
420616,0.03484372468665242
420617,0.28064384311437607
420618,0.008738411706872284
420619,0.049063178012147546
420620,0.01784138596849516
420621,0.06074705393984914
420622,0.04757172823883593
420623,0.03501317068003118
420624,0.029631483368575573
420625,0.013725428667385131
420626,0.05621967511251569
420627,0.21311399340629578
420628,0.023506535566411912
420629,0.009247306094039232
420631,0.03069423558190465
420633,0.08810891397297382
420634,0.03730476857163012
420635,0.03392966417595744
420636,0.028908301377668977
420637,0.08444602834060788
420662,0.01493476185714826
420727,0.026702377828769386
420728,0.11230666562914848
420733,0.15241094585508108
420787,0.018751276773400605
420789,0.021613244549371302
420792,0.0679572643712163
420797,0.04537278972566128
420814,0.024065980804152787
420833,0.1936691077426076
420839,0.020950196660123765
420841,0.3158517722040415
420843,0.04822639818303287
420844,0.0597099126316607
420847,0.1203441433608532
420849,0.01945810066536069
420851,0.07730922847986221
420853,0.034012416610494256
420854,0.0369290707167238
420855,0.023366101551800966
420856,0.014836344809737056
420857,0.027718626195564866
420858,0.012368676660116762
420859,0.0192050103796646
420860,0.3703003376722336
420861,0.09389021806418896
420862,0.043868279084563255
420863,0.05492002912797034
420864,0.021903940942138433
420866,0.5070204846560955
420867,0.019647952634841204
420868,0.034352496499195695
420869,0.044536438304930925
420870,0.00821281154640019
420871,0.047699640737846494
420872,0.04000305966474116
420873,0.026518675265833735
420874,0.0791696272790432
420875,0.10043454077094793
420876,0.03518375940620899
420878,0.031797626754269004
420879,0.12309392355382442
420880,0.02012488362379372
420881,0.10577728413045406
420882,0.021437092684209347
420883,0.15455540549010038
420884,0.186941497027874
420885,0.021524391369894147
420886,0.08631592569872737
420887,0.14768179319798946
420888,0.019628295907750726
420905,0.02523503638803959
421015,0.016752280294895172
421200,0.24971063807606697
421269,0.0960141271352768
421272,0.022167035844177008
421290,0.21465723402798176
421323,0.2045812401920557
421342,0.00826289039105177
421349,0.030031868373043835
421355,0.035945295821875334
421356,0.04234348959289491
421363,0.22648463025689125
421365,0.14217085018754005
421381,0.09644220769405365
421383,0.029995787423104048
421386,0.3649723641574383
421394,0.0041205826855730265
421395,0.08830833295360208
421399,0.06294828001409769
421431,0.2497364841401577
421467,0.07447753380984068
421554,0.20562900975346565
421557,0.06827195035293698
421558,0.07640113634988666
421562,0.010916646861005574
421614,0.11383587587624788
421690,0.0073708100826479495
421758,0.19007947482168674
421776,0.032458129804581404
421827,0.1400373224169016
421828,0.09621944604441524
421829,0.02483703347388655
421848,0.03441963577643037
421862,0.037341729970648885
421863,0.03135484177619219
421868,0.005117060136399232
421884,0.059995605843141675
421921,0.048093129182234406
421924,0.12961864518001676
421958,0.12421917356550694
421961,0.009016644064104185
421964,0.024008070467971265
421968,0.05288918316364288
421974,0.1091910838149488
421975,0.005824530613608658
421977,0.15435320045799017
421978,0.277770821005106
421979,0.005358844413422048
421980,0.017813496524468064
421982,0.056481421925127506
421985,0.0334406578913331
421986,0.1253742938861251
421987,0.06646382017061114
421988,0.012995983299333602
421989,0.13223863299936056
421990,0.03677909425459802
421991,0.028321715188212693
421993,0.046072559198364615
421994,0.048643672838807106
421996,0.4363773427903652
421997,0.00885286249103956
421998,0.11895561777055264
421999,0.14714917540550232
422000,0.14053176622837782
422001,0.0374885811470449
422002,0.08256368897855282
422004,0.08285953011363745
422005,0.1886932086199522
422007,0.059510120656341314
422008,0.033804896054789424
422010,0.06966804200783372
422011,0.021683760453015566
422012,0.04295485210604966
422014,0.04225887730717659
422015,0.1862509399652481
422016,0.07374192448332906
422017,0.011607500491663814
422018,0.027198590571060777
422019,0.14992942940443754
422039,0.00510831389692612
422041,0.019022355671040714
422042,0.022120228270068765
422043,0.02567196497693658
422044,0.062028872314840555
422045,0.10252546705305576
422047,0.06538270832970738
422048,0.01745649753138423
422049,0.022524620755575597
422050,0.05029282812029123
422051,0.11968838144093752
422053,0.04428507178090513
422054,0.12793593108654022
422055,0.012735257332678884
422056,0.07401231676340103
422057,0.06731392117217183
422058,0.08938342519104481
422059,0.051111367996782064
422060,0.01951279875356704
422063,0.0709651131182909
422064,0.006199537368956953
422065,0.07767713349312544
422066,0.018308184342458844
422067,0.027951997006312013
422068,0.03383878152817488
422069,0.06147995684295893
422070,0.02939784259069711
422071,0.006490194005891681
422072,0.029321696376428008
422074,0.05110471532680094
422152,0.006314731610473245
422210,0.08469271380454302
422227,0.20292361825704575
422308,0.06498482916504145
422339,0.04732481180690229
422368,0.04509182507172227
422391,0.012438387959264219
422407,0.07471990259364247
422485,0.020442886860109866
422491,0.07739766873419285
422506,0.03670058655552566
422508,0.09140376886352897
422512,0.06649538944475353
422513,0.03562246775254607
422514,0.01768020400777459
422518,0.020724711590446532
422519,0.006928327842615545
422523,0.020951401791535318
422524,0.08331081969663501
422525,0.02623998955823481
422526,0.011419585149269551
422527,0.03520928812213242
422531,0.3740093968808651
422533,0.005264866020297632
422534,0.055185985984280705
422536,0.047715113731101155
422537,0.012736211705487221
422538,0.21088680624961853
422540,0.05278143333271146
422541,0.25293361954391
422543,0.05730997980572283
422544,0.27726741693913937
422545,0.03433454944752157
422546,0.019143795827403665
422547,0.19209088571369648
422548,0.07894539553672075
422549,0.10012679407373071
422550,0.03733784519135952
422551,0.03290360141545534
422552,0.02738690422847867
422553,0.04891734360717237
422554,0.11152592394500971
422555,0.09353037644177675
422556,0.012581092887558043
422639,0.019026578753255308
422667,0.09039309853687882
422734,0.09183218702673912
422748,0.12571167573332787
422749,0.16737585794180632
422796,0.02039643400348723
422810,0.02184345875866711
422839,0.036607425194233656
422850,0.08247179724276066
422891,0.062354537192732096
422940,0.083533875644207
422962,0.015794920618645847
422964,0.11632857425138354
423009,0.10059140808880329
423022,0.018935963627882302
423041,0.19473821856081486
423046,0.08324169460684061
423052,0.07954847300425172
423055,0.014569538412615657
423061,0.2832979951053858
423075,0.016748313675634563
423076,0.03963189199566841
423077,0.14056098833680153
423081,0.06331216590479016
423083,0.06793076172471046
423087,0.02241087192669511
423089,0.009594209084752947
423091,0.030033059185370803
423098,0.08428809139877558
423105,0.019755131448619068
423106,0.08241983875632286
423107,0.0824186815880239
423114,0.06481796316802502
423116,0.015335877309553325
423120,0.054469584953039885
423121,0.1814299114048481
423125,0.03309856657870114
423132,0.05212537478655577
423133,0.015749125042930245
423134,0.25827286019921303
423135,0.04948456771671772
423137,0.022500655031763017
423138,0.023172859335318208
423139,0.0410799530800432
423140,0.04782727546989918
423141,0.10213851183652878
423143,0.01674673438537866
423144,0.0896027460694313
423145,0.018765929504297674
423146,0.14039129484444857
423147,0.056278896518051624
423148,0.07529972214251757
423149,0.021154118119738996
423150,0.08880803966894746
423151,0.013633960101287812
423152,0.00971259264042601
423153,0.2391594834625721
423154,0.0033614021813264117
423155,0.03906198707409203
423156,0.044620511354878545
423157,0.04596145497635007
423158,0.023611627868376672
423159,0.08363541821017861
423228,0.0441000540740788
423237,0.1886595580726862
423386,0.2069045528769493
423416,0.21932883374392986
423417,0.07425006944686174
423489,0.07482150522992015
423503,0.17689010221511126
423522,0.08528438117355108
423571,0.03808449534699321
423574,0.05022043059580028
423580,0.03923014923930168
423621,0.24851210042834282
423622,0.0938925314694643
423624,0.026341613847762346
423629,0.03937885048799217
423631,0.08038145443424582
423648,0.01620364806149155
423651,0.036500770365819335
423652,0.04298052377998829
423658,0.15327984001487494
423663,0.007601152057759464
423664,0.010097255231812596
423665,0.09469939488917589
423668,0.04196660150773823
423670,0.0714667309075594
423671,0.06137205008417368
423672,0.060764085967093706
423679,0.02380613994318992
423681,0.1366863939911127
423687,0.04196646576747298
423688,0.042832155944779515
423690,0.017811050289310515
423691,0.03540097502991557
423693,0.020510445232503116
423696,0.1534461723640561
423698,0.08838662039488554
423699,0.2629113607108593
423700,0.027237073285505176
423701,0.03709889855235815
423702,0.16381746158003807
423703,0.019673962146043777
423704,0.012702199688646942
423706,0.019281658809632063
423707,0.03799291653558612
423708,0.008567621349357069
423709,0.21876347623765469
423710,0.09844521107152104
423711,0.052718018647283316
423712,0.16339974757283926
423713,0.009231126285158098
423714,0.23784544132649899
423715,0.037727869232185185
423717,0.07130147144198418
423718,0.03819484869018197
423719,0.10665512271225452
423720,0.06508793262764812
423721,0.04363195598125458
423722,0.030895366799086332
423723,0.10171709582209587
423724,0.04582748259417713
423726,0.013491322519257665
423730,0.013533116492908448
423734,0.020895315799862146
423735,0.04307368234731257
423736,0.05786629067733884
423737,0.005797197867650539
423738,0.041320716263726354
423739,0.02608784381300211
423740,0.022102792747318745
423741,0.010628782503772527
423742,0.05486398562788963
423743,0.033278342336416245
423746,0.00927820330252871
423747,0.00932630489114672
423748,0.10668734647333622
423749,0.029390697833150625
423750,0.16444082371890545
423751,0.010277833906002343
423752,0.0098578684264794
423753,0.2839868478477001
423754,0.05503321229480207
423755,0.0069033881300129
423756,0.09894553385674953
423800,0.021772260311990976
423894,0.010511917294934392
423938,0.1611388549208641
423939,0.054320009890943766
423940,0.03411362902261317
423947,0.015006381727289408
423957,0.11733525805175304
423959,0.073474595323205
423966,0.2486033160239458
423968,0.04987661144696176
423972,0.01514944527298212
423978,0.0916416090913117
423979,0.027710764668881893
423982,0.03867848194204271
423983,0.0750635415315628
423986,0.03879403043538332
423990,0.05113844480365515
423993,0.008741032390389591
423994,0.054108062759041786
423996,0.01634787057992071
423998,0.022431654622778296
423999,0.0967247816734016
424000,0.01691514439880848
424001,0.042438716627657413
424002,0.014559936011210084
424003,0.07125771138817072
424004,0.02480740682221949
424005,0.03917036019265652
424006,0.14637711830437183
424007,0.05808345880359411
424008,0.06880973558872938
424009,0.04061000281944871
424010,0.06584778893738985
424011,0.01881902536842972
424012,0.006360785599099472
424013,0.029379287967458367
424014,0.08504760917276144
424015,0.060181141598150134
424016,0.08161767665296793
424161,0.050332944840192795
424189,0.2023909781128168
424192,0.04621810116805136
424198,0.01522221730556339
424202,0.017514239065349102
424203,0.01334385058726184
424207,0.11129263555631042
424208,0.029742580489255488
424211,0.0074680306715890765
424214,0.07286498975008726
424215,0.06586370803415775
424216,0.032180585665628314
424220,0.037073416635394096
424222,0.06113431416451931
424223,0.01840879872906953
424232,0.02343008981551975
424234,0.011724412674084306
424235,0.012230025720782578
424236,0.010175868344958872
424241,0.020081792143173516
424244,0.01769931649323553
424245,0.06673948047682643
424246,0.015926075517199934
424248,0.27321556210517883
424249,0.025666435132734478
424251,0.020102507201954722
424252,0.032269801828078926
424253,0.05188800278119743
424254,0.040264901937916875
424255,0.03465396258980036
424256,0.11241019889712334
424257,0.008506774582201615
424258,0.1863044099882245
424259,0.05612568184733391
424260,0.01085530046839267
424261,0.026695351814851165
424262,0.041828599059954286
424264,0.03546990198083222
424265,0.05643263179808855
424266,0.2290281429886818
424267,0.008157902426319197
424268,0.009329921042080969
424270,0.0847923825494945
424271,0.1253227200359106
424272,0.017927857115864754
424273,0.053173304768279195
424274,0.060576971620321274
424275,0.09738119645044208
424320,0.11200319789350033
424354,0.03926284261979163
424359,0.0425975217949599
424360,0.040839076740667224
424361,0.11532934848219156
424362,0.049021418672055006
424363,0.015508703887462616
424364,0.04966745735146105
424365,0.03085398324765265
424491,0.1655464405193925
424576,0.0854424461722374
424639,0.033693437930196524
424640,0.027907441486604512
424653,0.04018377931788564
424672,0.09263538336381316
424708,0.010798351955600083
424724,0.03008191124536097
424725,0.13341514021158218
424734,0.2546805404126644
424755,0.00971116655273363
424758,0.13576014805585146
424765,0.03167296061292291
424770,0.13079051952809095
424773,0.08167098695412278
424780,0.04207605472765863
424784,0.008332653611432761
424791,0.030449127312749624
424797,0.046958874678239226
424800,0.034978551091626287
424807,0.010870555997826159
424809,0.061020827386528254
424812,0.06788529315963387
424813,0.049161460250616074
424816,0.020617061760276556
424817,0.0504804328083992
424820,0.06912741996347904
424822,0.03167945868335664
424823,0.06297292513772845
424825,0.03362672496587038
424826,0.11113571934401989
424827,0.01716731966007501
424828,0.0455658754799515
424830,0.04734144150279462
424831,0.016405422997195274
424832,0.07413744553923607
424833,0.024329941370524466
424834,0.035150275100022554
424835,0.1586233228445053
424836,0.04841749928891659
424837,0.15376786515116692
424838,0.12612864933907986
424839,0.01723285741172731
424840,0.05419554142281413
424841,0.12708597350865602
424843,0.008598714077379555
424845,0.19564811140298843
424846,0.02165637176949531
424847,0.012740473495796323
424848,0.02132419403642416
424849,0.3037306144833565
424850,0.19464357569813728
424851,0.02513348392676562
424852,0.016864006989635527
424853,0.014679949614219368
424854,0.03164879768155515
424856,0.009146002790657803
424857,0.031978886341676116
424947,0.08582234755158424
425037,0.043515373254194856
425039,0.18326971679925919
425096,0.0419618533924222
425107,0.034876517951488495
425156,0.022387002129107714
425191,0.02823653887026012
425192,0.03387239063158631
425230,0.009418169676791877
425231,0.061094272416085005
425237,0.01052170860930346
425281,0.030137533089146018
425301,0.04263515863567591
425306,0.11052584182471037
425312,0.024635163135826588
425313,0.007568244182039052
425317,0.03325855825096369
425326,0.023894953075796366
425330,0.011558669561054558
425336,0.17332080937922
425338,0.04320952296257019
425343,0.059736963361501694
425345,0.007257664517965168
425360,0.1258442411199212
425364,0.100221395958215
425368,0.038727933540940285
425369,0.01389328739605844
425371,0.1021909425035119
425372,0.012520286662038416
425373,0.08919212780892849
425374,0.06795200519263744
425376,0.1025935523211956
425379,0.032362570287659764
425380,0.010569355974439532
425381,0.03615760849788785
425382,0.025963952532038093
425383,0.022899322328157723
425384,0.0445496893953532
425385,0.017400087439455092
425388,0.11992970295250416
425389,0.019950849353335798
425390,0.033021756215021014
425391,0.09184464532881975
425392,0.10845396853983402
425394,0.11752773588523269
425395,0.07250560796819627
425396,0.018930167658254504
425397,0.005410016397945583
425398,0.08314311923459172
425399,0.05173960933461785
425400,0.01869202544912696
425403,0.02087083808146417
425404,0.05595584027469158
425405,0.021408563712611794
425406,0.04196093953214586
425407,0.12154598347842693
425408,0.020589238731190562
425409,0.017316087032668293
425411,0.016804402926936746
425412,0.05651908367872238
425413,0.148034387268126
425414,0.07709221355617046
425415,0.11802761163562536
425416,0.1077129952609539
425418,0.015492649166844785
425419,0.01691178884357214
425423,0.03410505084320903
425424,0.04005737556144595
425425,0.5362346097826958
425426,0.04321558494120836
425429,0.039080674294382334
425430,0.00622061820467934
425431,0.07817070418968797
425432,0.007911729218903929
425433,0.0930253155529499
425434,0.019019433646462858
425435,0.0984504409134388
425437,0.015905472566373646
425438,0.003392514438019134
425439,0.024511051713488996
425440,0.04212944582104683
425441,0.024030451430007815
425442,0.07669605268165469
425444,0.08447735197842121
425446,0.014830514730419964
425447,0.08592789061367512
425448,0.1411847099661827
425449,0.09075242327526212
425450,0.049368899781256914
425451,0.010220503871096298
425453,0.09892890229821205
425454,0.08903424488380551
425455,0.06728721410036087
425456,0.10063423961400986
425457,0.06394898914732039
425458,0.17108313087373972
425459,0.1291697220876813
425460,0.005896275077247992
425461,0.01845229754690081
425462,0.006892655859701335
425511,0.06120012607425451
425601,0.025682845036499202
425810,0.049858569633215666
425824,0.06857527419924736
425830,0.1393816787749529
425835,0.10383793292567134
425838,0.031353922095149755
425865,0.11550235189497471
425877,0.13807031232863665
425904,0.13111055176705122
425905,0.015803744841832668
425906,0.0549572363961488
425909,0.10098418733105063
425911,0.11501967906951904
425913,0.0376726349350065
425923,0.04819017695263028
425932,0.058839105535298586
425938,0.007243858999572694
425939,0.06970394775271416
425943,0.03858570381999016
425944,0.010144293657504022
425945,0.005215601820964366
425946,0.023776433779858053
425948,0.03999002696946263
425950,0.011674812471028417
425952,0.05558045208454132
425954,0.07542854640632868
425955,0.020115192513912916
425957,0.08974562585353851
425958,0.011576662946026772
425959,0.20103185810148716
425960,0.11340606026351452
425961,0.10823769588023424
425962,0.008152605674695224
425964,0.07974524796009064
425965,0.05503313150256872
425966,0.10020860470831394
425967,0.027296169428154826
425968,0.061503415228798985
425969,0.09998046886175871
425970,0.07058623945340514
425971,0.15016844402998686
425972,0.007878149743191898
425976,0.04625465162098408
426050,0.007461173227056861
426051,0.19546552933752537
426052,0.015544206369668245
426053,0.008378506259759888
426124,0.03030257043428719
426132,0.0455903687980026
426154,0.08125525619834661
426192,0.027114433934912086
426235,0.03643773263320327
426297,0.14628888946026564
426387,0.06887293746694922
426396,0.015677992370910943
426436,0.0444151908159256
426437,0.020390864927321672
426460,0.025100123835727572
426466,0.07820654846727848
426469,0.023710441426374018
426510,0.06131124263629317
426617,0.0678385840728879
426630,0.024308640975505114
426631,0.007814710843376815
426650,0.039821400539949536
426688,0.024486578651703894
426691,0.01569329045014456
426855,0.2811341732740402
426873,0.44075555726885796
426890,0.03516731411218643
426891,0.08771520899608731
426895,0.009846755536273122
426928,0.24943980015814304
426929,0.03428661893121898
426955,0.04307704186066985
426957,0.07931224722415209
427007,0.11214715475216508
427009,0.02703970589209348
427021,0.16516351513564587
427023,0.011968834849540144
427032,0.044988821260631084
427036,0.009484974056249484
427040,0.022952917614020407
427041,0.03722120402380824
427042,0.029466242529451847
427044,0.018007244681939483
427048,0.13488100562244654
427050,0.1505424464121461
427054,0.012320815352723002
427057,0.048980162711814046
427058,0.01820716605288908
427059,0.07393481116741896
427060,0.30992243997752666
427062,0.046997444005683064
427063,0.14690016210079193
427064,0.015404555015265942
427065,0.01708386675454676
427067,0.08348368247970939
427069,0.009383312310092151
427070,0.009665773482993245
427071,0.047247809590771794
427072,0.02421907347161323
427073,0.09695652266964316
427074,0.04978761030361056
427075,0.030816387617960572
427076,0.026484438218176365
427077,0.03396095521748066
427078,0.09316699160262942
427079,0.03668646898586303
427080,0.00645482559048105
427081,0.06594259734265506
427082,0.0901513029821217
427088,0.06931560905650258
427109,0.029831429244950414
427110,0.09873437695205212
427111,0.018241399666294456
427114,0.028889946406707168
427115,0.05730223236605525
427120,0.006514130829600617
427121,0.017378160497173667
427122,0.3779599014669657
427125,0.01633479108568281
427126,0.02180751261767
427127,0.09150513680651784
427128,0.017826548079028726
427129,0.03504986106418073
427130,0.139342887327075
427131,0.008535127621144056
427132,0.018503059167414904
427133,0.014012227766215801
427134,0.042503285920247436
427135,0.03493972937576473
427137,0.08498454838991165
427138,0.018046744633466005
427139,0.011680686206091195
427140,0.04341919277794659
427142,0.015569109993521124
427143,0.05802302248775959
427144,0.13397164829075336
427145,0.030299244448542595
427146,0.0716463178396225
427147,0.045032734517008066
427148,0.007844963693059981
427149,0.13547437079250813
427150,0.12312030605971813
427151,0.010235567693598568
427152,0.01592568150954321
427153,0.009031332680024207
427154,0.2133809942752123
427155,0.06789038563147187
427156,0.016516167554073036
427157,0.16449495404958725
427158,0.08787881024181843
427159,0.06447257054969668
427160,0.008455094357486814
427161,0.030462321359664202
427162,0.2094031646847725
427163,0.20786206983029842
427164,0.016620697337202728
427165,0.00815902985050343
427254,0.02015385578852147
427263,0.04703355673700571
427324,0.09278346644714475
427330,0.17145619355142117
427379,0.017688608437310904
427465,0.015840344538446516
427485,0.2870353255420923
427489,0.009997512155678123
427505,0.05956827383488417
427567,0.10661277454346418
427575,0.25979600846767426
427578,0.06066980306059122
427589,0.38704512268304825
427612,0.18041467480361462
427615,0.03477507596835494
427618,0.016738341480959207
427620,0.13025305606424809
427622,0.0018938346838694997
427627,0.03645354649052024
427628,0.04972513997927308
427632,0.052983983187004924
427634,0.009716419619508088
427635,0.08547866577282548
427637,0.075950613245368
427639,0.12467530556023121
427640,0.05363000533543527
427641,0.024781470536254346
427642,0.1450693802908063
427643,0.05525088752619922
427645,0.02398333966266364
427646,0.03637313796207309
427647,0.044173450442031026
427649,0.01081199839245528
427650,0.032534797908738256
427652,0.11452654236927629
427653,0.1262317979708314
427654,0.008624047535704449
427655,0.17408233787864447
427656,0.01808300183620304
427657,0.042570259189233184
427658,0.1281176907941699
427659,0.042689311783760786
427660,0.05066179018467665
427661,0.04631766420789063
427662,0.031729208305478096
427663,0.054932624800130725
427664,0.1496106218546629
427665,0.010674486635252833
427666,0.01726670388597995
427667,0.04170842049643397
427668,0.04868354229256511
427669,0.10206898860633373
427671,0.09012616192921996
427672,0.31358822248876095
427673,0.016068475204519928
427676,0.025087539106607437
427677,0.018808589316904545
427703,0.06153538962826133
427738,0.02891408815048635
427809,0.04051513294689357
427881,0.02602020394988358
427949,0.013116688758600503
427985,0.32855496369302273
428047,0.09929507924243808
428054,0.5908289290964603
428080,0.16501449886709452
428143,0.1560038086026907
428162,0.19854924641549587
428166,0.015293004864361137
428187,0.015492774778977036
428188,0.05691807088442147
428189,0.03430515108630061
428195,0.03134155471343547
428196,0.08536552358418703
428198,0.09266114514321089
428200,0.04176018387079239
428201,0.033739965641871095
428204,0.2690070513635874
428206,0.08444596454501152
428207,0.06485608173534274
428208,0.08882167469710112
428210,0.014715701574459672
428211,0.023552687955088913
428212,0.15491567365825176
428213,0.07881888374686241
428215,0.010340394859667867
428217,0.0620237928815186
428218,0.028719279682263732
428219,0.04374591144733131
428220,0.01580517034744844
428222,0.08532491466030478
428223,0.030727054458111525
428224,0.0661275745369494
428225,0.03265051078051329
428227,0.021594241610728204
428228,0.0558743174187839
428229,0.11392237711697817
428230,0.06570320902392268
428231,0.018786933389492333
428232,0.0822630450129509
428233,0.021587669383734465
428234,0.030279675498604774
428235,0.19825004413723946
428236,0.056325387209653854
428237,0.0695742154493928
428238,0.011740468558855355
428240,0.017750179045833647
428241,0.029982475331053138
428242,0.021412876318208873
428243,0.23134413175284863
428244,0.17700483836233616
428311,0.07941418560221791
428312,0.050282033160328865
428313,0.10113592445850372
428314,0.025068267015740275
428409,0.019924851367250085
428416,0.0212064734660089
428423,0.03605364938266575
428424,0.12612981349229813
428463,0.06244705896824598
428485,0.350166043266654
428517,0.051170873222872615
428518,0.16169298347085714
428561,0.01682323997374624
428565,0.047584412852302194
428590,0.07318694097921252
428597,0.013616904034279287
428614,0.04757289099507034
428616,0.10283088544383645
428621,0.0062364696059376
428626,0.03238273039460182
428629,0.016416260390542448
428636,0.07725482014939189
428647,0.05519708385691047
428654,0.020542287966236472
428659,0.042004918679594994
428686,0.02306778053753078
428690,0.017463001189753413
428701,0.046035208040848374
428708,0.0913770068436861
428714,0.0314327091909945
428722,0.03604941931553185
428729,0.036284592002630234
428745,0.018683035159483552
428751,0.044454558519646525
428757,0.03439338970929384
428764,0.04279653658159077
428774,0.07975449226796627
428778,0.022232818650081754
428783,0.031053871614858508
428789,0.007147653377614915
428797,0.020545748877339065
428799,0.05090360692702234
428801,0.31779874488711357
428804,0.04017407610081136
428806,0.016058945911936462
428813,0.014197812357451767
428816,0.022869845386594534
428821,0.07396534504368901
428832,0.022996499901637435
428839,0.018336187349632382
428842,0.04267110978253186
428850,0.1505439104512334
428859,0.0976296248845756
428871,0.06372179836034775
428907,0.10500354692339897
428913,0.020069756312295794
428920,0.15416548680514097
428924,0.0259123919531703
428928,0.03526776819489896
428930,0.02278784039663151
428933,0.07364142267033458
428938,0.05826754029840231
428944,0.11175330635160208
428948,0.14930431358516216
428963,0.026650470681488514
428975,0.08561183046549559
428979,0.015212256228551269
428982,0.23234312050044537
428984,0.015815327235031873
428987,0.030588118126615882
429015,0.009448614961002022
429018,0.030114835361018777
429028,0.012979355058632791
429035,0.05300109880045056
429037,0.020030736224725842
429042,0.01741459674667567
429055,0.017383687081746757
429066,0.042682158295065165
429067,0.1605390664190054
429069,0.011636763520073146
429077,0.07351926201954484
429078,0.1483091525733471
429083,0.01310805103275925
429091,0.11721247062087059
429093,0.015562997316010296
429094,0.04242516588419676
429103,0.022481881314888597
429109,0.05335079412907362
429121,0.08311088755726814
429129,0.01273623970337212
429134,0.01895940094254911
429138,0.044544412987306714
429164,0.054041446186602116
429173,0.08673052117228508
429182,0.02889838325791061
429190,0.012276334164198488
429199,0.002915753473644145
429219,0.09356038132682443
429224,0.013131672225426883
429226,0.08259669877588749
429230,0.03527429117821157
429239,0.017071267473511398
429243,0.0426009448710829
429256,0.04415507335215807
429266,0.05787085392512381
429269,0.14231748785823584
429294,0.004928896873025224
429295,0.10232470883056521
429297,0.16184609662741423
429299,0.03736904077231884
429302,0.021729942760430276
429305,0.09003144735470414
429308,0.020678304019384086
429314,0.20769217889755964
429318,0.015178157947957516
429348,0.03365171584300697
429356,0.32194201461970806
429359,0.07883097603917122
429372,0.06275971257127821
429373,0.048789556603878736
429384,0.11179225565865636
429385,0.14790751039981842
429398,0.023742609657347202
429405,0.03936851257458329
429407,0.010946429334580898
429408,0.02349278167821467
429412,0.03839076356962323
429414,0.13037862442433834
429415,0.0979202096350491
429421,0.03581620124168694
429422,0.011720993905328214
429430,0.059239684604108334
429432,0.03234061796683818
429440,0.10052295448258519
429442,0.6472896672785282
429451,0.213033901527524
429459,0.05835773213766515
429469,0.025541271781548858
429471,0.009171421232167631
429482,0.00534500801586546
429483,0.09654296096414328
429491,0.11691192397847772
429493,0.13314546644687653
429496,0.24907288141548634
429498,0.013924524071626365
429501,0.014347428106702864
429502,0.05852859537117183
429508,0.04433840676210821
429509,0.04115987871773541
429511,0.33404003269970417
429528,0.011937097529880702
429531,0.32080173306167126
429539,0.1746435659006238
429549,0.17851155065000057
429555,0.050053213723003864
429557,0.05384747125208378
429567,0.11704968102276325
429570,0.0330902892164886
429576,0.028888040222227573
429590,0.015974137117154896
429591,0.173606276512146
429597,0.03942941944114864
429600,0.35916633158922195
429602,0.011095970519818366
429604,0.06069744215346873
429623,0.04491918487474322
429625,0.006368779548211023
429626,0.036131140077486634
429628,0.012564998061861843
429634,0.04751738626509905
429637,0.01659819087944925
429666,0.026205930509604514
429667,0.07785411039367318
429670,0.041108070174232125
429673,0.010333745129173622
429678,0.030531582655385137
429693,0.02791186049580574
429702,0.01130727690178901
429708,0.04196836822666228
429737,0.016496400581672788
429739,0.015897554927505553
429740,0.024495727033354342
429750,0.08751892298460007
429770,0.10230065695941448
429774,0.03624732047319412
429777,0.0322443877812475
429780,0.02923267032019794
429809,0.0446625635959208
429810,0.006701404141495004
429831,0.019055546610616148
429835,0.06121429009363055
429838,0.04518024460412562
429846,0.019860864733345807
429851,0.08526112558320165
429852,0.006824185838922858
429856,0.03041952766943723
429857,0.13431269023567438
429866,0.23589638248085976
429871,0.033840923802927136
429873,0.16666959039866924
429879,0.29549760557711124
429882,0.014976790058426559
429885,0.021081525715999305
429890,0.046582404524087906
429897,0.013931696710642427
429933,0.10407636407762766
429936,0.017736223177053034
429948,0.019881544169038534
429952,0.116977509111166
429967,0.01069426815956831
429982,0.01673632545862347
429989,0.10746979154646397
430000,0.01550119201419875
430003,0.02721445611678064
430011,0.0687248450703919
430019,0.07827940350398421
430035,0.0069673770340159535
430042,0.2466040439903736
430047,0.02008632046636194
430048,0.030243264511227608
430059,0.02527472225483507
430060,0.04142737574875355
430077,0.026297538075596094
430080,0.06436182372272015
430083,0.17473001405596733
430086,0.05827167211100459
430090,0.06583182606846094
430103,0.020172711345367134
430107,0.06615616660565138
430114,0.011866274289786816
430116,0.02824670891277492
430124,0.05335221393033862
430129,0.08841246971860528
430132,0.10433165077120066
430146,0.04778782231733203
430155,0.12111506331712008
430156,0.023293042206205428
430160,0.0695764203555882
430168,0.07390939141623676
430170,0.029114993754774332
430176,0.06874123867601156
430177,0.524152547121048
430186,0.5829490423202515
430187,0.047812862088903785
430195,0.1055965144187212
430198,0.2400563359260559
430204,0.11349029093980789
430210,0.052287092665210366
430211,0.18743303604424
430213,0.09221913618966937
430216,0.16750220861285925
430217,0.05156942969188094
430227,0.023665954475291073
430253,0.03075686690863222
430266,0.13770526461303234
430274,0.04357441933825612
430280,0.015202177164610475
430300,0.0032113253109855577
430301,0.011408732272684574
430309,0.08241225266829133
430313,0.018851780681870878
430316,0.07254834286868572
430319,0.07410094235092402
430332,0.12250736076384783
430346,0.026824151165783405
430357,0.06442448031157255
430359,0.025430051377043128
430368,0.022788892267271876
430376,0.04199360706843436
430383,0.07087605958804488
430389,0.03228096873499453
430393,0.1315810540691018
430394,0.028176911873742938
430404,0.0535396346822381
430405,0.017760685877874494
430407,0.06818156037479639
430433,0.05547774396836758
430445,0.015869936323724687
430446,0.04495024727657437
430451,0.03925618762150407
430452,0.01355675858212635
430459,0.011986444762442261
430466,0.052277250215411186
430467,0.008932331518735737
430473,0.12251707445830107
430477,0.013876998447813094
430483,0.09326576814055443
430512,0.030359048629179597
430521,0.006053669465472922
430524,0.01287566585233435
430529,0.07009204803034663
430533,0.029726788867264986
430536,0.04823725391179323
430538,0.013173614395782351
430540,0.10687631787732244
430548,0.07121274620294571
430549,0.04158086748793721
430550,0.03955270955339074
430566,0.10395870544016361
430574,0.049474754370749
430576,0.05701648769900203
430582,0.08447701577097178
430585,0.08492365851998329
430625,0.02692118182312697
430627,0.05545099196024239
430629,0.028739030938595533
430637,0.0848027509637177
430639,0.008268909732578322
430641,0.043845276115462184
430656,0.015313678013626486
430659,0.008427754743024707
430661,0.010259659320581704
430671,0.05849148263223469
430672,0.07920980220660567
430673,0.027023994945921004
430674,0.020889651495963335
430676,0.010832440806552768
430691,0.00517403514822945
430698,0.02399830473586917
430699,0.09822763409465551
430708,0.08446853328496218
430719,0.08251167694106698
430726,0.02273931005038321
430728,0.3034574631601572
430730,0.19218444917351007
430731,0.09075574204325676
430732,0.07522371876984835
430738,0.09040084993466735
430770,0.11336538847535849
430782,0.06634425930678844
430785,0.06596765015274286
430786,0.03293555276468396
430806,0.18583325296640396
430818,0.17845060117542744
430819,0.031403973465785384
430820,0.03725742222741246
430835,0.02337937511038035
430836,0.034318178659304976
430837,0.04017101088538766
430838,0.028508153976872563
430839,0.027051153127104044
430847,0.3081788830459118
430853,0.033428502385504544
430856,0.006542584189446643
430876,0.032230629585683346
430886,0.010218914714641869
430887,0.017084364779293537
430889,0.029479587450623512
430927,0.01020988030359149
430931,0.0694188461638987
430939,0.022368433186784387
430942,0.011859338206704706
430949,0.044896316481754184
430957,0.022417471394874156
430960,0.012007601384539157
430961,0.018361654714681208
430962,0.06491748616099358
430973,0.0487053154502064
430975,0.010323188675101846
430976,0.03935493901371956
430981,0.011927549785468727
430992,0.06007048627361655
431007,0.1734652118757367
431010,0.16928347572684288
431013,0.023885661736130714
431023,0.01601924269925803
431027,0.026721220114268363
431044,0.027718327939510345
431056,0.017316086567007005
431058,0.00651982263661921
431065,0.017152264714241028
431077,0.212130231782794
431080,0.08266902901232243
431082,0.01046041282825172
431088,0.19966159388422966
431095,0.11992575228214264
431100,0.06873152917250991
431106,0.044364750385284424
431107,0.03446005075238645
431110,0.1650825124233961
431114,0.1685318537056446
431138,0.0784854432567954
431144,0.017882820568047464
431162,0.08225150918588042
431170,0.33710196055471897
431171,0.027397143421694636
431176,0.08537174947559834
431203,0.04391494230367243
431211,0.11150141106918454
431212,0.028596083750016987
431215,0.013793206657283008
431238,0.3663286156952381
431241,0.06968790758401155
431244,0.08607847429811954
431254,0.04134891461580992
431263,0.011452103790361434
431278,0.009683353651780635
431285,0.07831766502931714
431286,0.09095008252188563
431298,0.021815855288878083
431305,0.00814540492137894
431315,0.4265945516526699
431323,0.018528852495364845
431325,0.005534931318834424
431334,0.00828080455539748
431358,0.16827019955962896
431372,0.03829921688884497
431373,0.007688642537686974
431374,0.35149029456079006
431377,0.1029177587479353
431386,0.0673621236346662
431388,0.16486051585525274
431395,0.013327297056093812
431396,0.06080267857760191
431413,0.01865025528240949
431416,0.08651496469974518
431418,0.048720964696258307
431431,0.07888595620170236
431444,0.018141436274163425
431449,0.3931027315557003
431467,0.09105479763820767
431469,0.013230172451585531
431479,0.02215608349069953
431480,0.03338997368700802
431481,0.02434988017193973
431488,0.04577763960696757
431492,0.21102594397962093
431496,0.05216787522658706
431497,0.02014813886489719
431508,0.0679940152913332
431511,0.04091503447853029
431517,0.01823818648699671
431520,0.08429399318993092
431538,0.04569305991753936
431540,0.01075742905959487
431543,0.6596274375915527
431545,0.013717143854591995
431560,0.01811086933594197
431561,0.041869599372148514
431584,0.3979395478963852
431591,0.09368585050106049
431593,0.11711796186864376
431625,0.10078291594982147
431630,0.07599816471338272
431633,0.09382560383528471
431635,0.0719748786650598
431649,0.10029588779434562
431650,0.05658757546916604
431651,0.06919883121736348
431652,0.013377460185438395
431667,0.15552368480712175
431668,0.1793376374989748
431672,0.014546631136909127
431675,0.12154916860163212
431680,0.2721792794764042
431682,0.022849218687042594
431683,0.015761507442221045
431693,0.034773042192682624
431697,0.0554262965451926
431726,0.1381167583167553
431731,0.05612508859485388
431732,0.06343454914167523
431744,0.0033468980400357395
431750,0.014985801943112165
431755,0.11270155012607574
431756,0.049406422302126884
431757,0.056841345969587564
431765,0.05995876248925924
431766,0.029676903039216995
431768,0.05377936945296824
431770,0.006839085603132844
431773,0.019431097665801644
431775,0.057476488407701254
431777,0.2007422223687172
431778,0.14812083914875984
431801,0.06560015957802534
431807,0.02347774268127978
431810,0.012392103963065892
431815,0.08202946837991476
431816,0.055199113208800554
431823,0.044719058787450194
431831,0.024596798582933843
431837,0.04294611676596105
431841,0.07732663908973336
431845,0.011258579441346228
431854,0.06659069377928972
431857,0.0804034136235714
431865,0.07359236106276512
431866,0.09711482841521502
431867,0.04625031701289117
431869,0.08879796741530299
431889,0.046257924288511276
431899,0.0152766885003075
431903,0.0940879643894732
431909,0.05163520132191479
431914,0.08954229392111301
431916,0.006254803447518498
431918,0.1241248743608594
431931,0.03995122667402029
431940,0.01942905073519796
431948,0.12237476650625467
431962,0.012454812356736511
431965,0.016975163016468287
431974,0.013303341867867857
431976,0.012534551613498479
431987,0.026195987593382597
431988,0.012676218699198216
431995,0.14410273637622595
431999,0.140577407553792
432003,0.00680220581125468
432005,0.13857122510671616
432009,0.03549484768882394
432011,0.010241195966955274
432022,0.21235810220241547
432028,0.0931807211600244
432030,0.0071550310822203755
432037,0.01972878712695092
432065,0.03515386558137834
432070,0.011783515161368996
432075,0.21084385178983212
432078,0.0852766651660204
432080,0.07003424363210797
432085,0.021173730841837823
432092,0.027979788254015148
432111,0.1330274911597371
432112,0.01501563424244523
432115,0.017727216065395623
432117,0.07824231032282114
432118,0.04399389564059675
432129,0.17908486165106297
432132,0.05424249218776822
432133,0.020892826141789556
432145,0.03319966793060303
432146,0.011743672483135015
432148,0.03384758858010173
432156,0.05839432729408145
432167,0.06372558744624257
432169,0.005158018713700585
432188,0.006740556680597365
432192,0.1934775374829769
432221,0.047769890166819096
432226,0.09718605317175388
432231,0.018725517322309315
432247,0.024426943622529507
432252,0.02518650027923286
432254,0.027856277069076896
432263,0.06473319977521896
432265,0.03746627119835466
432271,0.09965405566617846
432280,0.06030933931469917
432282,0.03571526147425175
432284,0.00973897596122697
432291,0.20006472244858742
432296,0.04547614115290344
432298,0.09657246991991997
432301,0.027734240284189582
432309,0.028742513386532664
432312,0.08638000162318349
432320,0.009926328202709556
432324,0.017456039902754128
432330,0.025091910734772682
432339,0.009904731472488493
432356,0.02285576576832682
432357,0.009089491562917829
432362,0.01600658835377544
432365,0.028193614212796092
432366,0.06814599828794599
432370,0.19362802430987358
432377,0.08753533428534865
432384,0.027066092239692807
432391,0.013515909435227513
432405,0.047981648705899715
432406,0.09080855874344707
432414,0.2098778523504734
432415,0.012383045977912843
432417,0.01245041232323274
432419,0.04782329127192497
432424,0.046352246310561895
432425,0.06641286285594106
432432,0.11505209654569626
432438,0.017821362242102623
432441,0.053616723511368036
432444,0.4515024535357952
432446,0.3954432960599661
432452,0.06279967352747917
432454,0.07616536505520344
432473,0.3018883038312197
432482,0.08732835296541452
432489,0.034072368405759335
432492,0.35878165252506733
432495,0.012374181998893619
432501,0.1194131774827838
432507,0.018564834957942367
432509,0.26251458190381527
432510,0.022637286223471165
432522,0.011685928155202419
432525,0.04745923657901585
432526,0.021891117678023875
432527,0.1878454089164734
432532,0.024991329642944038
432535,0.015952349174767733
432544,0.020787476911209524
432547,0.022068035905249417
432551,0.02348336554132402
432553,0.03871112549677491
432555,0.014593689353205264
432560,0.02822778676636517
432569,0.09969996055588126
432577,0.037038633367046714
432585,0.015076312236487865
432590,0.016354594728909433
432591,0.0692290267907083
432594,0.01235030178213492
432607,0.05164094618521631
432608,0.16127562802284956
432609,0.07966822665184736
432612,0.16233789548277855
432613,0.010538743750657886
432616,0.04110481054522097
432618,0.31467898935079575
432622,0.019123983685858548
432626,0.016209530062042177
432639,0.0075964933494105935
432640,0.07442014710977674
432642,0.07461328571662307
432648,0.028646483551710844
432653,0.038811373291537166
432661,0.04819914675317705
432668,0.03078277036547661
432682,0.18857782147824764
432686,0.11726367473602295
432693,0.01284484687494114
432695,0.10427735466510057
432696,0.0864745695143938
432698,0.12407394871115685
432699,0.02214545593596995
432702,0.07445497857406735
432707,0.02338795829564333
432712,0.01582110219169408
432719,0.013372001820243895
432724,0.006315195671049878
432728,0.16611085273325443
432737,0.03826620080508292
432745,0.3972393162548542
432746,0.07075876742601395
432749,0.09112128848209977
432752,0.019886552123352885
432758,0.02352613303810358
432769,0.026844186475500464
432770,0.021706129889935255
432771,0.013671292341314256
432788,0.01595891371835023
432804,0.05264176172204316
432807,0.1932780835777521
432830,0.22624588012695312
432831,0.03125360677950084
432842,0.12574437074363232
432849,0.11918113380670547
432876,0.1528174839913845
432886,0.03444540360942483
432888,0.0330087294569239
432897,0.0072022344975266606
432918,0.06411767425015569
432919,0.08110625995323062
432920,0.021485758130438626
432921,0.04474506713449955
432930,0.09209317294880748
432932,0.07260662503540516
432943,0.09685303550213575
432944,0.0435280401725322
432951,0.056123079964891076
432952,0.016419215477071702
432965,0.10243090055882931
432969,0.01762356620747596
432981,0.017620224156416953
432985,0.04660970205441117
432986,0.013491133053321391
432988,0.17784028127789497
432991,0.03566707856953144
432992,0.030559853184968233
433002,0.027008706238120794
433018,0.007958975329529494
433019,0.023356915335170925
433021,0.04355953191407025
433024,0.01508245593868196
433031,0.043222191743552685
433035,0.14632466156035662
433047,0.10285476688295603
433050,0.01037983616697602
433051,0.012050481280311942
433055,0.013651580724399537
433058,0.08213997585698962
433069,0.027167285792529583
433079,0.0743982782587409
433098,0.1247868137434125
433099,0.01645145856309682
433104,0.08631678484380245
433112,0.03066180576570332
433117,0.02803178469184786
433119,0.00740500571555458
433130,0.008000079309567809
433132,0.05924719525501132
433158,0.3406047038733959
433159,0.020345211261883378
433162,0.01609677285887301
433166,0.05475192191079259
433169,0.13257080409675837
433173,0.06990549108013511
433174,0.027824954711832106
433183,0.23761054314672947
433184,0.025555139407515526
433198,0.03600682457908988
433205,0.12478287983685732
433221,0.1391474036499858
433271,0.20508957840502262
433274,0.02408264297991991
433276,0.2085703071206808
433281,0.03990550269372761
433283,0.02798964362591505
433296,0.037341542076319456
433300,0.047023675637319684
433304,0.027614308055490255
433308,0.08176298020407557
433312,0.013703439908567816
433313,0.12195137329399586
433319,0.009083989833015949
433332,0.08851251564919949
433342,0.047384548000991344
433343,0.016009005368687212
433344,0.07448487915098667
433345,0.009543108113575727
433347,0.15767114330083132
433350,0.03188592870719731
433355,0.20719303004443645
433356,0.026208233321085572
433359,0.038886350113898516
433361,0.02607516315765679
433363,0.14702219516038895
433370,0.00874291977379471
433371,0.024264751933515072
433374,0.16638281382620335
433384,0.03282577823847532
433390,0.04484304855577648
433392,0.01697962498292327
433396,0.0939967893064022
433403,0.1657094368711114
433405,0.024379705311730504
433408,0.2219917643815279
433410,0.18234136328101158
433411,0.06541889673098922
433424,0.03134226123802364
433431,0.029864771524444222
433432,0.17665683571249247
433440,0.01531579706352204
433441,0.043256765929982066
433451,0.07720812689512968
433452,0.052396565675735474
433459,0.03179204254411161
433463,0.015068239299580455
433464,0.04276707652024925
433470,0.03275726782158017
433480,0.05729174939915538
433482,0.16816322319209576
433485,0.08026369800791144
433494,0.16810380015522242
433495,0.05626264656893909
433496,0.010896599269472063
433505,0.03550977795384824
433509,0.021868714597076178
433515,0.07513743452727795
433518,0.03612869628705084
433519,0.352135369554162
433527,0.11098282691091299
433532,0.019694707123562694
433535,0.08556346176192164
433539,0.05655858386307955
433561,0.06719376286491752
433564,0.21414549835026264
433566,0.008996611431939527
433574,0.030176129308529198
433575,0.014383184374310076
433584,0.14162125624716282
433591,0.17097058985382318
433596,0.11002268642187119
433598,0.0515633188188076
433602,0.0352051358204335
433606,0.054401939269155264
433611,0.01459791511297226
433617,0.02468252822291106
433620,0.35251499712467194
433628,0.03655899642035365
433631,0.05452505312860012
433651,0.025241342023946345
433653,0.04837101139128208
433657,0.08642453700304031
433661,0.040981961879879236
433662,0.1271739238873124
433663,0.15588559675961733
433668,0.07939306134358048
433670,0.211452042683959
433680,0.13117767218500376
433686,0.2478811126202345
433709,0.019415482180193067
433725,0.04794365563429892
433731,0.029352921876125038
433735,0.08694906067103148
433745,0.056935937609523535
433748,0.010860040492843837
433754,0.04529010853730142
433762,0.1163515392690897
433766,0.035229302709922194
433767,0.023086710483767092
433779,0.08713190443813801
433783,0.012848201673477888
433785,0.20136484317481518
433789,0.004211913706967607
433794,0.09822972305119038
433799,0.04462786531075835
433800,0.020547431078739464
433804,0.06968559883534908
433816,0.02324325277004391
433820,0.046781893353909254
433829,0.01080944505520165
433837,0.014030319114681333
433840,0.01502473116852343
433842,0.046681464882567525
433849,0.057011489756405354
433853,0.008495105314068496
433862,0.014060361194424331
433872,0.028477367712184787
433882,0.09721676912158728
433892,0.032683975296095014
433896,0.006496535817859694
433906,0.025430069654248655
433913,0.11882485263049603
433914,0.02453991665970534
433957,0.026842843974009156
433958,0.0565767427906394
433965,0.05209332285448909
433976,0.031930463621392846
433984,0.011232138727791607
433995,0.048936053179204464
433996,0.029013566905632615
434006,0.26201649382710457
434007,0.01693895715288818
434009,0.023825534619390965
434019,0.10434576217085123
434024,0.073411347810179
434026,0.1598918242380023
434027,0.006629021692788228
434034,0.028937160852365196
434036,0.011139859794639051
434037,0.06451241252943873
434046,0.07815059926360846
434050,0.011252116411924362
434051,0.01258972130017355
434052,0.01830515672918409
434055,0.056125965900719166
434061,0.07272593816742301
434064,0.0456475077662617
434108,0.12090454157441854
434109,0.14079330954700708
434121,0.08000321639701724
434122,0.03681820910423994
434140,0.00508248116238974
434151,0.06963021354749799
434156,0.028830572264268994
434157,0.02332104172091931
434160,0.08294362341985106
434164,0.005488056194735691
434167,0.016925882431678474
434169,0.04443807573989034
434173,0.012489408487454057
434176,0.10088285338133574
434177,0.1524243587628007
434179,0.04843826126307249
434180,0.029354540864005685
434183,0.05593883851543069
434192,0.019229284953325987
434205,0.018121793866157532
434209,0.052534886403009295
434212,0.13505183905363083
434214,0.06898682424798608
434216,0.22617490217089653
434222,0.3546906393021345
434223,0.03216590313240886
434224,0.1985446596518159
434259,0.23177661187946796
434261,0.01833521790103987
434263,0.06769210705533624
434264,0.15473838988691568
434282,0.018202705192379653
434283,0.00460575710167177
434293,0.17566432524472475
434317,0.08001931291073561
434322,0.05203349981456995
434326,0.02485868730582297
434327,0.021963539184071124
434328,0.0306576038710773
434336,0.04134911275468767
434340,0.03386594774201512
434342,0.03419836680404842
434350,0.14001945964992046
434355,0.05173281813040376
434375,0.01489139988552779
434387,0.08032264513894916
434390,0.019721333403140306
434391,0.03090386651456356
434408,0.01794426457490772
434410,0.0625623653177172
434423,0.0128386365249753
434439,0.18151764199137688
434442,0.037287567276507616
434445,0.16798349935561419
434448,0.019891593721695244
434460,0.026900947093963623
434465,0.007105376338586211
434467,0.08182448940351605
434468,0.10494152083992958
434501,0.05504239583387971
434504,0.14752393309026957
434505,0.04570142459124327
434507,0.007719397195614874
434514,0.09126083226874471
434535,0.01971009955741465
434538,0.3149255234748125
434542,0.0866618431173265
434545,0.06459104083478451
434554,0.1766584599390626
434556,0.08503791084513068
434568,0.08999234437942505
434569,0.07203078176826239
434571,0.16065364889800549
434574,0.10493981232866645
434579,0.02089782932307571
434599,0.1357333306223154
434604,0.13018985651433468
434606,0.005472086108056828
434607,0.017758539877831936
434608,0.015698107541538775
434610,0.06442342419177294
434615,0.13781494181603193
434616,0.11170776188373566
434619,0.11729730851948261
434658,0.10086480155587196
434669,0.03902378608472645
434675,0.013111840991768986
434678,0.01543993188533932
434680,0.046847350196912885
434690,0.1570170922204852
434698,0.03741812868975103
434702,0.17924419790506363
434704,0.009018153243232518
434722,0.015378489450085908
434727,0.20944053679704666
434730,0.013662710785865784
434735,0.01996406982652843
434739,0.04735149024054408
434765,0.04254876961931586
434767,0.15237396769225597
434784,0.12608797382563353
434787,0.14136007148772478
434788,0.2078951671719551
434789,0.0372000050265342
434790,0.07529906323179603
434791,0.08154953643679619
434802,0.024509173003025353
434806,0.006467181054176763
434807,0.07374173030257225
434808,0.21782360970973969
434815,0.06957585457712412
434816,0.08337337523698807
434817,0.09068424021825194
434818,0.16772629972547293
434830,0.12274880334734917
434918,0.03475517779588699
434920,0.032150710467249155
434921,0.034784020157530904
434922,0.18119321204721928
434937,0.0098032908863388
434948,0.030374355847015977
434949,0.06381170591339469
434952,0.08404602948576212
434954,0.04293870786204934
434957,0.02602320967707783
434968,0.024666907498613
434974,0.02677788119763136
434982,0.07939974358305335
434986,0.04486359283328056
434993,0.025322316447272897
434995,0.1102598188444972
435005,0.05934803606942296
435013,0.03173188795335591
435027,0.01746133342385292
435034,0.32045222260057926
435056,0.2471886593848467
435060,0.07851979322731495
435062,0.29190148040652275
435068,0.03238975896965712
435069,0.0396563692484051
435071,0.20755091309547424
435079,0.010341438406612724
435086,0.18841380067169666
435092,0.04988185176625848
435099,0.016286596714053303
435100,0.12116834986954927
435108,0.026319654658436775
435118,0.040426348336040974
435120,0.01671742892358452
435129,0.05929261865094304
435132,0.22176594659686089
435138,0.006752225483069196
435139,0.12896930798888206
435142,0.1342521132901311
435147,0.07497104303911328
435148,0.04867738485336304
435151,0.02151434530969709
435153,0.012108887429349124
435154,0.18755966611206532
435164,0.1289453748613596
435173,0.018153519835323095
435174,0.04652585322037339
435179,0.00744048721389845
435199,0.030822693137452006
435202,0.03401702316477895
435203,0.11638251878321171
435214,0.1876522172242403
435217,0.07433206727728248
435222,0.06169406557455659
435229,0.36733867786824703
435239,0.010198519274126738
435248,0.0429871529340744
435259,0.01671596639789641
435260,0.008446111110970378
435263,0.08097610576078296
435264,0.029544331482611597
435267,0.009478781081270427
435274,0.1445694351568818
435286,0.007733332022326067
435296,0.017771132290363312
435308,0.03661637264303863
435328,0.10204653767868876
435333,0.07255428191274405
435363,0.058594835456460714
435366,0.02636727294884622
435375,0.014018490503076464
435378,0.15052722580730915
435400,0.04143452667631209
435408,0.04894467908889055
435409,0.010122711188159883
435415,0.0071834728005342185
435419,0.11906714597716928
435422,0.020478883176110685
435428,0.17043887823820114
435432,0.06199760502204299
435434,0.0657025477848947
435435,0.05264662392437458
435440,0.04668024578131735
435455,0.029937127837911248
435464,0.07126524671912193
435470,0.005714238592190668
435475,0.11017836490646005
435478,0.022915463661774993
435480,0.15463603474199772
435482,0.011926185281481594
435490,0.03839065064676106
435507,0.074625791516155
435509,0.050833637826144695
435510,0.02056239522062242
435519,0.08582403650507331
435527,0.1181269371882081
435533,0.016630355268716812
435534,0.08005485776811838
435535,0.04348997166380286
435536,0.044688501162454486
435540,0.0371190553996712
435551,0.037645960226655006
435562,0.3912768065929413
435564,0.1035844162106514
435585,0.05488051101565361
435590,0.00779672572389245
435609,0.017215188592672348
435610,0.022143540089018643
435611,0.03006234299391508
435623,0.044919238425791264
435681,0.21419922448694706
435682,0.042802014388144016
435683,0.04297106037847698
435704,0.12460956303402781
435711,0.041912419721484184
435713,0.028577894321642816
435714,0.05243228632025421
435716,0.008374999597435817
435717,0.12614939734339714
435718,0.08554017217829823
435719,0.029382069129496813
435741,0.01568323076935485
435765,0.1667819144204259
435766,0.027785765239968896
435767,0.008594116603489965
435773,0.1981724426150322
435802,0.013398985844105482
435806,0.036104662576690316
435807,0.20454795099794865
435809,0.020716301980428398
435811,0.13512546475976706
435816,0.02593873767182231
435823,0.024121390539221466
435835,0.22994277067482471
435848,0.1450390638783574
435849,0.33402412571012974
435858,0.0271709521766752
435870,0.07303237868472934
435874,0.023557138280011714
435890,0.16804037988185883
435892,0.015013112861197442
435911,0.039745142217725515
435915,0.016067415475845337
435924,0.07679317612200975
435937,0.03063016477972269
435943,0.20707824639976025
435958,0.0186798203503713
435962,0.026292271213606
435965,0.33549694530665874
435968,0.21979915350675583
435997,0.012629034055862576
435998,0.07309587625786662
435999,0.04108195868320763
436009,0.03873686376027763
436021,0.054003963246941566
436022,0.0264475813601166
436026,0.1054109362885356
436032,0.01665335928555578
436037,0.027764074970036745
436049,0.07484464254230261
436058,0.04436671640723944
436059,0.07827738858759403
436062,0.06112729129381478
436068,0.014621821930631995
436079,0.09158394811674953
436082,0.08316637901589274
436083,0.17344848532229662
436093,0.16960520297288895
436098,0.015212057274766266
436113,0.030947321094572544
436127,0.12806617468595505
436148,0.08804553607478738
436152,0.2553035654127598
436159,0.007363227021414787
436165,0.021237826091237366
436170,0.028607538202777505
436174,0.0041095314954873174
436176,0.032802642323076725
436183,0.008587493968661875
436194,0.01612673979252577
436196,0.049092687433585525
436204,0.03798248083330691
436207,0.23416533321142197
436210,0.01932441268581897
436219,0.25395049154758453
436227,0.033127159578725696
436230,0.018905525212176144
436233,0.04961662064306438
436235,0.28295006789267063
436250,0.014416671183425933
436260,0.1513436073437333
436285,0.07475406304001808
436291,0.018426187336444855
436304,0.024813182186335325
436307,0.20517512504011393
436308,0.11185096204280853
436311,0.02081595384515822
436314,0.03571614692918956
436322,0.041608239291235805
436323,0.21324773877859116
436339,0.011157055501826108
436350,0.009821489918977022
436358,0.07827293872833252
436359,0.02220237976871431
436363,0.012912325328215957
436365,0.03535421541891992
436369,0.009899308206513524
436377,0.021382487611845136
436378,0.12648593727499247
436387,0.04544130736030638
436394,0.08091006660833955
436397,0.04269226919859648
436399,0.24377867951989174
436401,0.06433145282790065
436404,0.029083142522722483
436421,0.04140283749438822
436422,0.05998703930526972
436426,0.019917114404961467
436430,0.011687963968142867
436464,0.020098452805541456
436471,0.020299340307246894
436476,0.03020009188912809
436478,0.014527499908581376
436486,0.009705517353722826
436497,0.029489328153431416
436508,0.01234198739985004
436509,0.020212256000377238
436510,0.07414904702454805
436511,0.316005103290081
436528,0.08984407596290112
436531,0.051886110100895166
436534,0.11525332275778055
436535,0.06385431461967528
436536,0.010487702733371407
436537,0.017571344855241477
436560,0.013322620128747076
436562,0.0972292055375874
436563,0.11704557482153177
436564,0.07335256598889828
436598,0.024372322019189596
436599,0.02533571282401681
436600,0.11960627231746912
436637,0.08031005878001451
436674,0.013680186006240547
436706,0.038556861225515604
436721,0.04779817350208759
436722,0.03905872441828251
436735,0.015080122859217227
436747,0.2127894051373005
436748,0.029606820782646537
436750,0.06303376564756036
436757,0.3328923024237156
436767,0.04396943747997284
436771,0.0046571848361054435
436781,0.09189181309193373
436786,0.01484438229817897
436799,0.014047883334569633
436807,0.04221537848934531
436812,0.06155995884910226
436821,0.06975955562666059
436835,0.03352041053585708
436836,0.1626526741310954
436846,0.02837544889189303
436874,0.014957218896597624
436880,0.17824681848287582
436882,0.11342041753232479
436885,0.009882318554446101
436893,0.04744129511527717
436894,0.008817941969027743
436896,0.02065668860450387
436902,0.23000897280871868
436918,0.013940189208369702
436921,0.043750644428655505
436935,0.034310567076317966
436955,0.008535061322618276
436961,0.1682904763147235
436963,0.01996423222590238
436964,0.04922292288392782
436970,0.02023864386137575
436975,0.023510166443884373
437005,0.05731647741049528
437014,0.12508059479296207
437020,0.07374481484293938
437043,0.039028554456308484
437045,0.04738376708701253
437070,0.10339420894160867
437078,0.012118826271034777
437095,0.03531839791685343
437097,0.037337568355724216
437123,0.0072246300696861
437127,0.04208588809706271
437128,0.04558958928100765
437130,0.021102759754285216
437147,0.23807490430772305
437156,0.014038277673535049
437157,0.07996508246287704
437160,0.024508104077540338
437161,0.020225507207214832
437169,0.018120191409252584
437189,0.11784270871430635
437196,0.11739533860236406
437198,0.055974820628762245
437200,0.015000535291619599
437206,0.06391926808282733
437211,0.011295922799035907
437215,0.06997552514076233
437218,0.052466561552137136
437226,0.020969568169675767
437229,0.0481248761061579
437235,0.016071746707893908
437244,0.012234818132128567
437245,0.029491550521925092
437246,0.02973599056713283
437264,0.025352371972985566
437266,0.007331517670536414
437268,0.04321885691024363
437269,0.05194514594040811
437273,0.012285795412026346
437275,0.12602936942130327
437276,0.03808340709656477
437302,0.01978416508063674
437304,0.09791191341355443
437305,0.04122692160308361
437306,0.03912779502570629
437334,0.016707621980458498
437335,0.11234265146777034
437336,0.027462143101729453
437338,0.07509884890168905
437343,0.6031419038772583
437356,0.04480343102477491
437357,0.039851272478699684
437358,0.10957016330212355
437359,0.028184349182993174
437360,0.16861699987202883
437393,0.005791376577690244
437397,0.06978047359734774
437403,0.01760286884382367
437409,0.023064607637934387
437426,0.11419714614748955
437430,0.1855847230181098
437446,0.2454692255705595
437459,0.058001225348562
437461,0.029264208395034075
437462,0.06125107919797301
437463,0.022496501449495554
437475,0.011580452730413526
437478,0.033373890444636345
437480,0.012228431180119514
437482,0.20835017506033182
437486,0.044280521804466844
437491,0.05429593310691416
437492,0.020669900812208652
437493,0.08981067407876253
437496,0.08510805433616042
437510,0.013053243746981025
437515,0.01908983592875302
437516,0.06612429092638195
437519,0.005896458445931785
437522,0.04551611212082207
437524,0.017991303117014468
437532,0.04161989432759583
437538,0.014854902401566505
437546,0.04955748445354402
437551,0.04861879022791982
437553,0.13840811792761087
437556,0.07845054613426328
437573,0.2007775977253914
437575,0.0384327822830528
437584,0.06952956411987543
437591,0.23661060258746147
437592,0.028682048665359616
437595,0.025032298523001373
437602,0.02091017970815301
437610,0.01741391164250672
437611,0.011200472596101463
437621,0.07914971094578505
437622,0.08509639464318752
437624,0.02430878032464534
437630,0.0482367598451674
437631,0.13484727777540684
437636,0.2610527481883764
437666,0.007904138474259526
437672,0.06117170909419656
437676,0.09347331337630749
437687,0.050138304475694895
437689,0.1101333824917674
437706,0.2724359091371298
437712,0.06873616203665733
437735,0.01819278032053262
437757,0.018483096500858665
437763,0.09916166681796312
437790,0.023978543234989047
437791,0.00857768306741491
437795,0.05323518789373338
437803,0.020120108034461737
437810,0.06825881311669946
437811,0.17926268186420202
437813,0.019771939609199762
437820,0.030937099130824208
437823,0.08596298564225435
437832,0.009872229304164648
437841,0.023862561560235918
437852,0.052225357852876186
437858,0.1708790184929967
437862,0.012850511819124222
437892,0.017304528737440705
437896,0.025100848986767232
437903,0.12779809441417456
437905,0.02925193915143609
437911,0.18924007564783096
437913,0.050071412697434425
437918,0.012174458068329841
437922,0.06383036961778998
437933,0.02513672725763172
437936,0.05673412187024951
437945,0.014704394503496587
437966,0.04362015030346811
437967,0.09163840534165502
437972,0.010047517833299935
437977,0.1450025485828519
437984,0.3680282533168793
437996,0.02133762079756707
437997,0.013408643484581262
437999,0.015527902520261705
438001,0.010837120993528515
438004,0.11743500269949436
438007,0.049856980331242085
438029,0.025517608621157706
438031,0.01910067116841674
438034,0.03885550075210631
438038,0.215683713555336
438054,0.06282695289701223
438058,0.020103872753679752
438064,0.06700389413163066
438065,0.07199325179681182
438074,0.05530478758737445
438084,0.11511716060340405
438088,0.07994226226583123
438089,0.006884422095026821
438090,0.01873448333935812
438117,0.1297870296984911
438118,0.0489951241761446
438151,0.09449227247387171
438152,0.031712193973362446
438153,0.16137337032705545
438154,0.03285484644584358
438167,0.028511914308182895
438187,0.059586289105936885
438192,0.5370962955057621
438195,0.1470230668783188
438196,0.1739275800064206
438220,0.024661030969582498
438223,0.18199021834880114
438229,0.06448022089898586
438256,0.036824208684265614
438258,0.0800364944152534
438260,0.07314920239150524
438264,0.0856974646449089
438273,0.1330239148810506
438306,0.2349885106086731
438307,0.05131616978906095
438308,0.046043310314416885
438309,0.012904639239422977
438310,0.06832699291408062
438341,0.11210295371711254
438348,0.013449196121655405
438349,0.02601777424570173
438364,0.01724469754844904
438368,0.08046902576461434
438380,0.14290282409638166
438382,0.012831607484258711
438402,0.04153205920010805
438404,0.05605036416091025
438408,0.06967780366539955
438410,0.09084365935996175
438429,0.028415697161108255
438434,0.05616740323603153
438435,0.025738378753885627
438437,0.18260246980935335
438438,0.07912725955247879
438444,0.06062437780201435
438471,0.03555620997212827
438506,0.02413598564453423
438521,0.043788370210677385
438524,0.11607225798070431
438525,0.06220749253407121
438534,0.017989034531638026
438541,0.04121779231354594
438546,0.013875554664991796
438547,0.018903924385085702
438564,0.030255625839345157
438568,0.012078914092853665
438570,0.009217276267008856
438578,0.011671195621602237
438582,0.06266406457871199
438587,0.0816194461658597
438604,0.036207580007612705
438620,0.015449461759999394
438621,0.005556727322982624
438624,0.024202679749578238
438634,0.08981151506304741
438644,0.07398735592141747
438645,0.033420584397390485
438651,0.03685561195015907
438659,0.06903397105634212
438660,0.015796926920302212
438662,0.037935457192361355
438668,0.005484990571858361
438673,0.13200830481946468
438677,0.02649600722361356
438683,0.2848758287727833
438687,0.051993797766044736
438700,0.08893782878294587
438713,0.11032522656023502
438714,0.02081483299843967
438715,0.01913516130298376
438717,0.031368196941912174
438721,0.1308259442448616
438738,0.082099842838943
438749,0.015321705141104758
438750,0.02881623525172472
438756,0.06807620776817203
438771,0.022301477729342878
438777,0.030848972382955253
438781,0.02084503334481269
438783,0.11521672643721104
438786,0.22341488860547543
438792,0.02388773881830275
438802,0.0495371394790709
438808,0.04139674874022603
438814,0.024034172296524048
438829,0.0918858670629561
438846,0.06934716086834669
438851,0.06496086763218045
438856,0.608818281441927
438858,0.08741602301597595
438861,0.010389972478151321
438862,0.06773883290588856
438876,0.2773068808019161
438880,0.013894548988901079
438891,0.15970508009195328
438896,0.16272332798689604
438898,0.20719812624156475
438904,0.01593362318817526
438908,0.01588339905720204
438921,0.0438358630053699
438923,0.1074796300381422
438929,0.08740618266165257
438942,0.0393196027725935
438950,0.1042674076743424
438979,0.18948027212172747
438994,0.11780060362070799
438995,0.022688597557134926
438996,0.007092145970091224
439002,0.10813288856297731
439013,0.01649286353494972
439015,0.009584984742105007
439017,0.06681710295379162
439029,0.007207931921584532
439047,0.17550387140363455
439048,0.017815774772316217
439049,0.20690851844847202
439050,0.13470532279461622
439061,0.0903235343284905
439065,0.1612579794600606
439069,0.08879955997690558
439070,0.35384353809058666
439071,0.0663626198656857
439072,0.06064263731241226
439073,0.19298217818140984
439076,0.01685208547860384
439077,0.016640310757793486
439078,0.03262519673444331
439089,0.04924104502424598
439095,0.008459810633212328
439113,0.027781402925029397
439122,0.013176256965380162
439127,0.07861634530127048
439153,0.02698971889913082
439154,0.058464635629206896
439157,0.02270179206971079
439197,0.009037566371262074
439205,0.15773817617446184
439207,0.13440064247697592
439209,0.009606413426809013
439213,0.019472210202366114
439218,0.11653928551822901
439222,0.029201218392699957
439229,0.05446840589866042
439233,0.031286827055737376
439235,0.02677871275227517
439236,0.05459155794233084
439239,0.05831181490793824
439248,0.09010552475228906
439255,0.13877401687204838
439265,0.019603645079769194
439266,0.09141825465485454
439268,0.0353329936042428
439270,0.02033806871622801
439276,0.14085396751761436
439285,0.008182819292414933
439294,0.060479543171823025
439296,0.034318138379603624
439299,0.34925722144544125
439310,0.051408992148935795
439319,0.02791627636179328
439320,0.01087982504395768
439325,0.030902684899047017
439327,0.032950472086668015
439328,0.01508585677947849
439334,0.04099689587019384
439335,0.0962564880028367
439339,0.06571575347334146
439343,0.016009245882742107
439353,0.13698935694992542
439356,0.013756367843598127
439374,0.012314361636526883
439391,0.23561568930745125
439400,0.06716044247150421
439405,0.07744019944220781
439413,0.023351510521024466
439448,0.06380757410079241
439451,0.08445448288694024
439455,0.04626867035403848
439468,0.15625964105129242
439472,0.023625319940038025
439473,0.03547492530196905
439477,0.007503963599447161
439483,0.025170711218379438
439484,0.028097282513044775
439501,0.018078027293086052
439505,0.07231667684391141
439512,0.050221156096085906
439515,0.03539909562096
439525,0.02825014549307525
439535,0.11056287866085768
439539,0.026166961528360844
439548,0.09281178703531623
439549,0.11858177185058594
439550,0.07873002346605062
439551,0.021986271487548947
439558,0.011674369918182492
439562,0.024356195703148842
439566,0.03833806235343218
439571,0.039098469307646155
439587,0.02270068507641554
439591,0.05019311886280775
439595,0.04131654556840658
439611,0.06774738430976868
439614,0.16034884192049503
439618,0.26898689568042755
439620,0.05481893545947969
439626,0.013697929854970425
439633,0.03746547666378319
439657,0.03302361071109772
439660,0.051479481626302004
439661,0.015987512888386846
439666,0.017933001974597573
439673,0.01782075787195936
439675,0.05331338825635612
439705,0.04210001486353576
439707,0.1366517711430788
439720,0.11273698974400759
439727,0.06153859058395028
439733,0.09540101140737534
439736,0.027162418351508677
439737,0.07269234489649534
439746,0.08811321575194597
439755,0.030802738619968295
439763,0.08170187612995505
439765,0.08314154762774706
439766,0.019289651536382735
439768,0.1002225624397397
439774,0.048312986735254526
439779,0.018333766725845635
439781,0.1170696234330535
439784,0.09466381138190627
439808,0.027695995988324285
439816,0.035569156287238
439818,0.019112393376417458
439820,0.01217014528810978
439824,0.015049096778966486
439830,0.10133475996553898
439839,0.018953385413624346
439841,0.26106893830001354
439845,0.025754290632903576
439874,0.020519373938441277
439875,0.012397510290611535
439879,0.03293861774727702
439882,0.02662252844311297
439883,0.21352903358638287
439900,0.04465227830223739
439901,0.009777522325748578
439906,0.0988921420648694
439909,0.13592577446252108
439911,0.13751612417399883
439914,0.017269376781769097
439936,0.04952072189189494
439937,0.030297941295430064
439945,0.022220924496650696
439950,0.019850462791509926
439955,0.14137885067611933
439956,0.03416299389209598
439971,0.03434337000362575
439977,0.055745747638866305
439984,0.18770883325487375
439985,0.031041580252349377
439990,0.01055987604195252
439994,0.04728710628114641
440003,0.01410689833573997
440030,0.05695365578867495
440042,0.10916817747056484
440048,0.046102299354970455
440054,0.17655638977885246
440073,0.02728150598704815
440074,0.06493806885555387
440080,0.02614059508778155
440082,0.09952685656026006
440085,0.12785810511559248
440088,0.041860231664031744
440091,0.011399325041566044
440100,0.016360378125682473
440103,0.013821721309795976
440113,0.16038239654153585
440119,0.015100491989869624
440127,0.009980766975786537
440130,0.010174151975661516
440131,0.020175532088615
440135,0.13709984254091978
440139,0.02712843520566821
440147,0.04544715886004269
440156,0.2812558151781559
440158,0.04203868377953768
440162,0.06985660316422582
440163,0.10139524145051837
440176,0.018054495099931955
440181,0.006121245009126142
440191,0.01243988232454285
440192,0.047244511311873794
440215,0.012094156758394092
440219,0.0990334041416645
440222,0.04535211925394833
440238,0.020009961735922843
440239,0.024747109971940517
440244,0.018418244610074908
440245,0.0180608764057979
440252,0.06769547704607248
440266,0.04858860420063138
440267,0.05885572172701359
440281,0.10326353646814823
440283,0.09387303609400988
440292,0.08806132478639483
440307,0.026916039059869945
440309,0.013533831981476396
440313,0.015205946285277605
440315,0.04573870659805834
440320,0.026266587199643254
440332,0.006579001608770341
440336,0.05400941800326109
440338,0.04745408985763788
440342,0.13579794019460678
440350,0.04767718864604831
440352,0.03430010937154293
440356,0.020255511393770576
440359,0.02617339021526277
440384,0.016890383907593787
440395,0.08454914530739188
440396,0.03233927767723799
440397,0.0834285921882838
440401,0.01564452995080501
440408,0.09030681475996971
440411,0.06027869926765561
440425,0.01997437688987702
440439,0.03597547300159931
440451,0.18144913017749786
440460,0.12651899550110102
440463,0.06408741930499673
440473,0.027613881742581725
440479,0.012381198932416737
440497,0.07200410030782223
440506,0.033601126400753856
440509,0.03892449755221605
440518,0.007900192838860676
440528,0.1316485283896327
440536,0.03134294180199504
440543,0.26927789486944675
440561,0.015827039198484272
440562,0.05138211417943239
440566,0.02680248219985515
440572,0.04465937823988497
440574,0.1714508170261979
440585,0.10748853627592325
440592,0.0448939991183579
440601,0.09756032563745975
440606,0.04641972342506051
440632,0.060720343608409166
440643,0.026242291438393295
440653,0.02041095495223999
440669,0.04224936733953655
440682,0.010565543198026717
440691,0.019028074922971427
440701,0.0056746830814518034
440706,0.01517789310310036
440708,0.03244651202112436
440714,0.3271617628633976
440721,0.24101023562252522
440723,0.1776378294453025
440750,0.021793094696477056
440759,0.17665038537234068
440773,0.042085262946784496
440792,0.23541270941495895
440793,0.01841698493808508
440798,0.16651793755590916
440804,0.050194329814985394
440819,0.06023787520825863
440827,0.17039173562079668
440851,0.1368830529972911
440861,0.008151901012752205
440862,0.02231451973784715
440868,0.040522627998143435
440874,0.028207594761624932
440877,0.1578006139025092
440883,0.013311046524904668
440884,0.18280512187629938
440886,0.006908169627422467
440900,0.06978504545986652
440902,0.030303611885756254
440904,0.10163387283682823
440910,0.13357871863991022
440913,0.031096243066713214
440915,0.15557269100099802
440923,0.09720386937260628
440924,0.026847921079024673
440927,0.019074912532232702
440936,0.028605315601453185
440968,0.03495753277093172
440973,0.0133464994141832
440975,0.03926186147145927
440979,0.12181221693754196
440986,0.10703655052930117
440987,0.013744671770837158
440995,0.01214880944462493
440998,0.05196238635107875
441000,0.006174688402097672
441004,0.058402445167303085
441007,0.1907177809625864
441014,0.09393176017329097
441026,0.11679156962782145
441032,0.23674033395946026
441042,0.01433833473129198
441051,0.0916804769076407
441060,0.006826947879744694
441061,0.08141742181032896
441081,0.04374870751053095
441082,0.06133495131507516
441085,0.04710891540162265
441087,0.08930384088307619
441089,0.034834102261811495
441091,0.025951599702239037
441095,0.06975004822015762
441114,0.03830856829881668
441128,0.07484623277559876
441138,0.06353797297924757
441154,0.0161459410446696
441156,0.16106955893337727
441157,0.24289569817483425
441175,0.03260733187198639
441183,0.03397799073718488
441189,0.0176026972476393
441207,0.012148267589509487
441209,0.06967302737757564
441217,0.05501091224141419
441228,0.01717640017159283
441229,0.019312658114358783
441239,0.014403144537936896
441244,0.03149737266357988
441256,0.04561207885853946
441275,0.11205695383250713
441278,0.015276491758413613
441284,0.014017880312167108
441288,0.03780334256589413
441293,0.1755784647539258
441294,0.12582716066390276
441297,0.499845739454031
441298,0.03070226591080427
441304,0.008279045723611489
441316,0.006105448672315106
441318,0.020781846018508077
441351,0.07609355356544256
441354,0.08497109822928905
441363,0.0538689405657351
441373,0.22016241773962975
441375,0.01883819990325719
441382,0.033147324807941914
441385,0.02039114572107792
441388,0.033765379106625915
441392,0.22290979139506817
441402,0.12088237516582012
441413,0.05283736577257514
441417,0.25044186785817146
441427,0.07444002572447062
441437,0.03334938385523856
441453,0.05054698046296835
441458,0.052101890090852976
441459,0.03110367408953607
441463,0.0029920868037152104
441466,0.02016280812676996
441475,0.013637670024763793
441479,0.025925028370693326
441497,0.041136981220915914
441501,0.04732665489427745
441509,0.04717111913487315
441513,0.07218427257612348
441546,0.055160834919661283
441547,0.02321503555867821
441563,0.22837486490607262
441565,0.15703335124999285
441567,0.03993165516294539
441576,0.14775078929960728
441577,0.04051202116534114
441578,0.19315864518284798
441597,0.03924285643734038
441607,0.016383689711801708
441609,0.019002946326509118
441611,0.04264658526517451
441613,0.03161392314359546
441622,0.012637300125788897
441637,0.03780740546062589
441638,0.030523556051775813
441652,0.016596783883869648
441660,0.16583908908069134
441667,0.07707682531327009
441671,0.07361579081043601
441672,0.016562652657739818
441675,0.06960358005017042
441679,0.01885727618355304
441700,0.03132068761624396
441701,0.02787399711087346
441711,0.015344129060395062
441725,0.022114758263342083
441732,0.020308003411628306
441741,0.09289731411263347
441743,0.016934000654146075
441761,0.019138062081765383
441763,0.011587716464418918
441766,0.009489788266364485
441778,0.1491873124614358
441780,0.03665393544360995
441782,0.06738990265876055
441785,0.12043938506394625
441796,0.024306667502969503
441808,0.0788802350871265
441809,0.060740184504538774
441811,0.012172652001027018
441825,0.04548836243338883
441828,0.10812362562865019
441835,0.23495887219905853
441860,0.03766829124651849
441865,0.06639008596539497
441871,0.023634817800484598
441874,0.00917458237381652
441876,0.017893381998874247
441885,0.022158622974529862
441896,0.10522593231871724
441908,0.006350177223794162
441913,0.019846662296913564
441921,0.1144696269184351
441926,0.018189787107985467
441936,0.022844733903184533
441941,0.02524545311462134
441947,0.029129323549568653
441957,0.09156484669074416
441961,0.020650645368732512
441969,0.00851341593079269
441979,0.020989202545024455
441986,0.0271616856334731
441987,0.020433038123883307
441996,0.19278628565371037
441997,0.01713292271597311
441998,0.03444153466261923
442001,0.01726189604960382
442002,0.10735726356506348
442003,0.0525446948595345
442010,0.009977489069569856
442013,0.02482816972769797
442015,0.10729996673762798
442026,0.030533787794411182
442030,0.03124433569610119
442032,0.1447927439585328
442033,0.3132552709430456
442039,0.056584395468235016
442049,0.0242598217446357
442054,0.09114287700504065
442060,0.024140981025993824
442065,0.08565647946670651
442067,0.07191954040899873
442074,0.028580103535205126
442076,0.029316556407138705
442080,0.055456784553825855
442085,0.009216418489813805
442093,0.020250436384230852
442100,0.04339305008761585
442123,0.09416868444532156
442124,0.12783022318035364
442128,0.03924160171300173
442149,0.16917411237955093
442151,0.08966049971058965
442157,0.044977794867008924
442158,0.05511067318730056
442159,0.024431926663964987
442161,0.06001794757321477
442179,0.06494030961766839
442187,0.12547348579391837
442190,0.03393310424871743
442195,0.0503825256600976
442199,0.04491364932619035
442233,0.024924363242462277
442234,0.23101838864386082
442235,0.008843886433169246
442250,0.006596926890779287
442256,0.01822289451956749
442258,0.10212930804118514
442264,0.10507601778954268
442280,0.020020591793581843
442288,0.009357773174997419
442290,0.013291499868500978
442293,0.06955143716186285
442299,0.24500275030732155
442303,0.12739871256053448
442306,0.012759484874550253
442308,0.028228912269696593
442312,0.049714665627107024
442315,0.02761206473223865
442320,0.05214968277141452
442321,0.0664763511158526
442328,0.08086727140471339
442331,0.21632111817598343
442359,0.022273087757639587
442361,0.020056571578606963
442366,0.03322474332526326
442368,0.04236390441656113
442372,0.1742560351267457
442378,0.03423634357750416
442392,0.1964194905012846
442393,0.02548944263253361
442399,0.056001664604991674
442401,0.28117967769503593
442404,0.014432486379519105
442405,0.06406090268865228
442438,0.039079128531739116
442442,0.025523208547383547
442451,0.17293708957731724
442452,0.009881299221888185
442458,0.22942889109253883
442461,0.06705581210553646
442464,0.016740079154260457
442468,0.07186256535351276
442479,0.13647824432700872
442484,0.035800914745777845
442504,0.031856131041422486
442505,0.04226404940709472
442513,0.02596635080408305
442520,0.00492483822745271
442527,0.04013887676410377
442539,0.025348567171022296
442540,0.1278970092535019
442541,0.00697012479940895
442555,0.013547478651162237
442577,0.17242780793458223
442586,0.05717201391234994
442588,0.011445435578934848
442613,0.20001958310604095
442616,0.12842203117907047
442622,0.10190797317773104
442626,0.037950906436890364
442627,0.04852951085194945
442641,0.02144933131057769
442647,0.012304948002565652
442653,0.12531090062111616
442656,0.03782320534810424
442662,0.05916527006775141
442672,0.006302086665527895
442682,0.09360077185556293
442684,0.09924828913062811
442685,0.042502520605921745
442698,0.110227988101542
442709,0.04729125776793808
442716,0.03340782248415053
442718,0.024589392356574535
442723,0.04403625731356442
442724,0.056768725626170635
442737,0.014222565689124167
442742,0.11311984900385141
442743,0.007866117433877662
442746,0.03305528394412249
442766,0.052188565488904715
442767,0.08387337392196059
442769,0.020401768619194627
442792,0.041815992211923
442797,0.04922725260257721
442799,0.046469817869365215
442804,0.031470326939597726
442807,0.027985364431515336
442816,0.13296734541654587
442819,0.023544802446849644
442826,0.08195572393015027
442831,0.09257398964837193
442846,0.03117027773987502
442854,0.055034963646903634
442861,0.011521148087922484
442862,0.013142350304406136
442870,0.18355778977274895
442875,0.05995907308533788
442890,0.015343868813943118
442891,0.170939682982862
442896,0.01672614400740713
442897,0.02921183011494577
442902,0.06665380322374403
442903,0.04615744319744408
442905,0.007694925734540448
442915,0.17619064170867205
442937,0.08759619249030948
442947,0.3393429908901453
442949,0.04862574487924576
442954,0.09752882225438952
442972,0.061398740857839584
443012,0.08795640105381608
443018,0.05270665418356657
443029,0.05325440946035087
443031,0.021281064487993717
443033,0.014971087570302188
443035,0.06917820638045669
443039,0.004036989761516452
443040,0.017050715920049697
443051,0.07621105946600437
443062,0.07936695404350758
443069,0.24510573223233223
443080,0.05415452644228935
443081,0.10150864580646157
443090,0.1535841040313244
443092,0.009657511545810848
443106,0.027585348580032587
443119,0.157861839979887
443134,0.01885035482700914
443161,0.04377734870649874
443170,0.010159746743738651
443177,0.060021109879016876
443189,0.024720832123421133
443193,0.018966819043271244
443199,0.0596482758410275
443212,0.09239180292934179
443226,0.27413975447416306
443230,0.018406231189146638
443239,0.04422983434051275
443241,0.006755060952855274
443244,0.011775044724345207
443249,0.011893443355802447
443253,0.06840354227460921
443262,0.013636252144351602
443264,0.5050755105912685
443266,0.07393014058470726
443274,0.031075108563527465
443283,0.01623464876320213
443295,0.00843590300064534
443304,0.0192520763957873
443313,0.05370775191113353
443317,0.007664541917620227
443324,0.01396337040932849
443339,0.025093449628911912
443344,0.09033081959933043
443345,0.024789475020952523
443352,0.034070252208039165
443355,0.03410555305890739
443356,0.1317317821085453
443360,0.05476170824840665
443364,0.23463945649564266
443368,0.00465086629264988
443375,0.057460326701402664
443380,0.05824467935599387
443391,0.1289308862760663
443392,0.003551491172402166
443397,0.028057653573341668
443403,0.04792220261879265
443406,0.06188488099724054
443420,0.11152525991201401
443431,0.01456094643799588
443441,0.04609933448955417
443456,0.20041869767010212
443457,0.22196554020047188
443459,0.058966239681467414
443460,0.07288600225001574
443471,0.03577377973124385
443474,0.06534035038203001
443486,0.04766201204620302
443487,0.09220815962180495
443490,0.01811407774221152
443492,0.18346797954291105
443495,0.05774429114535451
443505,0.02955207508057356
443512,0.045215258141979575
443555,0.031155755976215005
443576,0.0884427260607481
443582,0.0020270447348593734
443583,0.0056501438084524125
443585,0.01455788651946932
443588,0.02707828115671873
443592,0.01063302787952125
443596,0.049005054868757725
443597,0.005324213037965819
443606,0.02964097331278026
443607,0.05695426790043712
443608,0.14350039139389992
443611,0.08545560855418444
443612,0.04731071670539677
443618,0.17679436411708593
443623,0.01446757052326575
443632,0.009681702125817537
443633,0.08674560440704226
443634,0.021214075852185488
443637,0.022147979820147157
443638,0.32593657076358795
443669,0.02515900577418506
443672,0.02830889169126749
443685,0.017548253876157105
443686,0.012710300157777965
443694,0.02523463941179216
443695,0.10924521880224347
443697,0.14480114914476871
443700,0.060556235490366817
443734,0.1516053518280387
443738,0.057080987840890884
443742,0.01700057100970298
443759,0.11111163627356291
443760,0.04152797977440059
443770,0.05759670166298747
443776,0.021785348770208657
443788,0.010550021310336888
443791,0.1278868978843093
443792,0.041700916131958365
443803,0.026212342083454132
443808,0.013063555001281202
443832,0.06032306561246514
443842,0.012468895118217915
443847,0.011283881438430399
443853,0.027881397865712643
443854,0.2599433232098818
443868,0.03403895767405629
443873,0.02573480235878378
443879,0.02778171212412417
443883,0.0481319110840559
443891,0.15406095422804356
443908,0.06247121328487992
443910,0.2532234136015177
443918,0.012584442796651274
443927,0.024977452703751624
443935,0.07713183108717203
443965,0.16282530222088099
443974,0.0071798565331846476
443984,0.022047725738957524
443986,0.036190371261909604
443991,0.010440170299261808
443996,0.009605633385945112
444008,0.006131028552772477
444014,0.019788044970482588
444015,0.026186471106484532
444016,0.0680418643169105
444018,0.037966666743159294
444053,0.07965705916285515
444058,0.1206715777516365
444065,0.08422539848834276
444069,0.018913105130195618
444082,0.01678843714762479
444087,0.023236671928316355
444089,0.03911218070425093
444093,0.0776691623032093
444104,0.004491127765504643
444113,0.012883724994026124
444118,0.13898179586976767
444122,0.04083872144110501
444123,0.05812102044001222
444128,0.04987772228196263
444136,0.023268423974514008
444152,0.024838774115778506
444155,0.03506130794994533
444182,0.012703062908258289
444183,0.0371024867054075
444185,0.031124266446568072
444213,0.04022265411913395
444229,0.026316710165701807
444231,0.029673529439605772
444234,0.016227139392867684
444240,0.022281742305494845
444249,0.03297919221222401
444265,0.13120313733816147
444268,0.03934642765671015
444271,0.03473104676231742
444278,0.018723131041042507
444279,0.07798264874145389
444283,0.13369356840848923
444285,0.012440895836334676
444291,0.0913225719705224
444297,0.01216269814176485
444313,0.05681092734448612
444318,0.041749986819922924
444322,0.012432696064934134
444333,0.03647425165399909
444334,0.015605544089339674
444359,0.03963768505491316
444367,0.0628344751894474
444369,0.055480025708675385
444370,0.11356797441840172
444376,0.009490148513577878
444384,0.0063403160602319986
444387,0.03050854243338108
444406,0.015677301678806543
444409,0.056062586372718215
444412,0.017452895524911582
444418,0.1114343935623765
444420,0.054512415546923876
444424,0.01599536300636828
444429,0.009923240751959383
444432,0.0315458916593343
444434,0.027064204798080027
444440,0.01998661004472524
444444,0.032496159663423896
444450,0.020936581771820784
444456,0.015053915441967547
444457,0.011047358391806483
444461,0.07674197945743799
444504,0.14286648761481047
444515,0.06845528446137905
444516,0.08850262127816677
444517,0.007087430712999776
444519,0.0675352830439806
444540,0.029252048349007964
444573,0.07171737821772695
444581,0.0260565597563982
444582,0.015691692824475467
444602,0.18822629004716873
444605,0.0197536067571491
444611,0.007765331887640059
444614,0.01511199923697859
444622,0.09860413987189531
444624,0.19929072819650173
444625,0.029462106991559267
444639,0.026153075275942683
444658,0.03783581801690161
444673,0.016445419401861727
444696,0.08871067268773913
444719,0.0348229524679482
444729,0.018965342547744513
444737,0.03482371591962874
444743,0.10332990810275078
444758,0.03760322416201234
444764,0.04114844021387398
444780,0.030618801130913198
444789,0.04326647147536278
444795,0.04751267610117793
444811,0.03289821115322411
444814,0.006496989022707567
444825,0.05489707691594958
444831,0.011392643733415753
444832,0.009809091687202454
444835,0.10188946640118957
444840,0.049766244599595666
444841,0.0316657938528806
444842,0.06156535167247057
444846,0.028708295430988073
444849,0.03767341538332403
444867,0.01594284502789378
444876,0.06584953190758824
444893,0.019474917207844555
444896,0.028535690042190254
444897,0.029423214262351394
444907,0.015961189579684287
444908,0.019850818440318108
444932,0.11007962375879288
444933,0.028203991008922458
444936,0.017998946830630302
444941,0.05342252366244793
444942,0.0603130841627717
444950,0.04051313083618879
444956,0.02535679959692061
444965,0.018032207619398832
444966,0.08991696871817112
444970,0.02033565123565495
444971,0.2188927475363016
444978,0.024453758378513157
444982,0.07055775541812181
444984,0.06685300217941403
444986,0.02676454314496368
445001,0.03528412524610758
445016,0.02377053489908576
445027,0.07818957837298512
445029,0.032306139124557376
445032,0.021892375545576215
445037,0.01682814781088382
445043,0.009135410859016702
445044,0.0457977878395468
445047,0.19474849477410316
445052,0.1756199300289154
445073,0.031899231718853116
445075,0.005216026125708595
445076,0.049840336199849844
445092,0.046368103474378586
445095,0.043790724128484726
445106,0.03732981067150831
445110,0.05744232842698693
445123,0.017546052346006036
445124,0.02783473301678896
445141,0.0882483059540391
445151,0.019617393729276955
445160,0.008382506668567657
445161,0.07844194211065769
445164,0.08889384614303708
445165,0.01607133587822318
445169,0.032282507861964405
445175,0.2420955915004015
445178,0.021974573959596455
445182,0.09660616144537926
445183,0.007710397068876773
445192,0.009333338937722147
445193,0.11917948629707098
445200,0.015182513918261975
445202,0.013208006916102022
445203,0.006713487789966166
445207,0.0846280138939619
445245,0.022769641829654574
445256,0.018494355492293835
445282,0.08365795016288757
445294,0.06365710217505693
445300,0.14163192082196474
445316,0.03155013907235116
445331,0.03116780216805637
445332,0.007054003537632525
445343,0.03279566764831543
445345,0.03391560516320169
445346,0.08134850021451712
445354,0.14312192145735025
445355,0.3898276872932911
445356,0.08092715684324503
445366,0.09838798362761736
445369,0.12587812636047602
445390,0.0355639373883605
445392,0.058976166881620884
445398,0.009926987520884722
445401,0.07975094253197312
445417,0.032351308735087514
445427,0.02525863249320537
445465,0.15550877712666988
445469,0.02021938713733107
445472,0.019114987459033728
445475,0.25741494074463844
445483,0.01167218026239425
445484,0.06548317242413759
445493,0.20006013102829456
445496,0.0481867678463459
445504,0.008706797350896522
445505,0.17153684422373772
445507,0.01019739406183362
445531,0.5622169449925423
445536,0.04610414057970047
445544,0.06505021220073104
445559,0.00411809359502513
445580,0.030048056039959192
445589,0.011430803395342082
445591,0.026536317309364676
445595,0.04662314825691283
445601,0.03155919385608286
445612,0.07015051413327456
445639,0.021535871783271432
445656,0.03049392788670957
445666,0.08353475527837873
445682,0.29849512316286564
445686,0.03083253907971084
445700,0.05514522269368172
445713,0.0845497022382915
445716,0.07521640416234732
445725,0.005388200515881181
445728,0.03631252585910261
445731,0.008281402522698045
445742,0.07355221919715405
445743,0.36109920404851437
445755,0.015378199983388186
445766,0.023839592351578176
445781,0.3038358148187399
445798,0.11366561707109213
445799,0.16315607074648142
445801,0.1780038122087717
445810,0.013250216841697693
445813,0.05242485390044749
445822,0.011602459766436368
445824,0.052291099447757006
445826,0.09386586537584662
445828,0.060756098944693804
445829,0.014771920104976743
445838,0.037466936744749546
445840,0.016158988932147622
445845,0.02775187778752297
445847,0.03989133797585964
445849,0.022206563968211412
445852,0.1008391696959734
445853,0.1124987592920661
445856,0.01768463640473783
445863,0.013010339811444283
445864,0.28775615245103836
445871,0.09346386417746544
445907,0.030498482985422015
445908,0.01940214552450925
445917,0.019210514379665256
445919,0.11455089785158634
445925,0.02533237065654248
445930,0.03867669706232846
445938,0.030148784106131643
445943,0.07987439492717385
445946,0.010435165255330503
445948,0.172487230040133
445970,0.023910220246762037
445972,0.01133293122984469
445974,0.20277699083089828
445976,0.020950343110598624
445979,0.07169765327125788
445993,0.016955499013420194
446001,0.10967886261641979
446004,0.047886340878903866
446025,0.04384387517347932
446026,0.04337326087988913
446046,0.12772691901773214
446048,0.056258984142914414
446055,0.02223879680968821
446064,0.04172727419063449
446068,0.014497765863779932
446078,0.008328421274200082
446094,0.03487330093048513
446096,0.11524141859263182
446120,0.07067956775426865
446131,0.06448361976072192
446139,0.04801768530160189
446157,0.1311861053109169
446179,0.04814235446974635
446180,0.06163689121603966
446186,0.08275731466710567
446189,0.2724721785634756
446200,0.10849427431821823
446208,0.14550614263862371
446210,0.061181720811873674
446214,0.027348291827365756
446226,0.020555823808535933
446229,0.01982613606378436
446237,0.02626728476025164
446247,0.02489680703729391
446256,0.014354026643559337
446273,0.05191674409434199
446286,0.051939882803708315
446296,0.01695699035190046
446302,0.09712750278413296
446310,0.05160373542457819
446315,0.014282651827670634
446319,0.2847848627716303
446320,0.0911058965139091
446322,0.03337195981293917
446356,0.34237811155617237
446374,0.03728451253846288
446375,0.04134209337644279
446406,0.014875662629492581
446407,0.011496701394207776
446426,0.10728375986218452
446428,0.08430374646559358
446431,0.08242539782077074
446433,0.012319151777774096
446437,0.1800304213538766
446441,0.16337259486317635
446452,0.021382426959462464
446464,0.1282060844823718
446466,0.10257917642593384
446468,0.13366310019046068
446469,0.11212124768644571
446472,0.4799792617559433
446476,0.06113442545756698
446478,0.019573970581404865
446485,0.010773488087579608
446499,0.05103235971182585
446503,0.05907761165872216
446504,0.005948612990323454
446509,0.11850251723080873
446512,0.16393693163990974
446525,0.028729240642860532
446534,0.028379193623550236
446535,0.043662770884111524
446543,0.17973944637924433
446546,0.006144545419374481
446550,0.1763749560341239
446555,0.053122214740142226
446560,0.009087875601835549
446564,0.020534949377179146
446572,0.010798431700095534
446593,0.03660570061765611
446616,0.32786338590085506
446617,0.04964177147485316
446625,0.018534590490162373
446626,0.14195839781314135
446631,0.15188386756926775
446643,0.053226149873808026
446647,0.18873492069542408
446652,0.02858393732458353
446655,0.047564845997840166
446657,0.24173139221966267
446663,0.04567234730347991
446665,0.11156476708129048
446676,0.031108546536415815
446684,0.06246362021192908
446694,0.013389286934398115
446699,0.008363573579117656
446702,0.10488760098814964
446713,0.028014459181576967
446720,0.12901290226727724
446724,0.10103406058624387
446728,0.04486785386689007
446730,0.034070839174091816
446738,0.07655310537666082
446742,0.011211895034648478
446743,0.018847994972020388
446744,0.04404307366348803
446750,0.09670669957995415
446759,0.04286244208924472
446760,0.08407076681032777
446772,0.013899704965297133
446786,0.04184083640575409
446799,0.051138017093762755
446800,0.1832757107913494
446803,0.12995219323784113
446812,0.09151257947087288
446813,0.11236428841948509
446815,0.025821950286626816
446816,0.0176231482764706
446832,0.09734564973041415
446845,0.02980591543018818
446846,0.016291419859044254
446847,0.03386454773135483
446850,0.01780430378858
446851,0.24541117064654827
446855,0.03003807016648352
446856,0.013608867244329304
446867,0.011209958349354565
446877,0.2196437232196331
446880,0.03761316533200443
446885,0.010378442762885243
446892,0.02047753764782101
446905,0.0663006529211998
446909,0.2679563667625189
446924,0.007586513587739319
446935,0.022849104017950594
446944,0.039035493740811944
446945,0.02741801762022078
446949,0.004538238514214754
446952,0.03473787312395871
446957,0.011806254042312503
446961,0.03478842962067574
446979,0.03530484950169921
446980,0.0551744787953794
446987,0.06529628345742822
446991,0.055684784427285194
447001,0.009458793501835316
447013,0.07588693452998996
447014,0.027559963753446937
447023,0.07135784439742565
447062,0.0078192678920459
447072,0.02426930726505816
447082,0.05908517027273774
447084,0.018818664306309074
447087,0.008001756097655743
447092,0.028347662882879376
447106,0.03256417624652386
447107,0.03397100162692368
447112,0.029157549841329455
447147,0.05480616935528815
447160,0.10275116842240095
447176,0.017315216595306993
447184,0.016570048173889518
447188,0.009812011907342821
447190,0.024974856292828918
447191,0.032027427572757006
447198,0.03300188551656902
447199,0.047596317483112216
447200,0.1184541154652834
447202,0.008605800976511091
447209,0.18905382230877876
447210,0.10536225372925401
447228,0.4019836187362671
447230,0.008505603123921901
447235,0.056902388809248805
447246,0.11686175083741546
447248,0.08577368780970573
447263,0.019504117779433727
447265,0.05104326154105365
447272,0.014031995611730963
447285,0.02336115192156285
447293,0.23855237290263176
447305,0.03316392353735864
447312,0.023104152642190456
447326,0.041107329772785306
447327,0.03378936764784157
447361,0.012368373922072351
447367,0.16275678854435682
447381,0.030178967164829373
447387,0.08491183072328568
447390,0.21233298815786839
447391,0.0351006337441504
447416,0.10881683975458145
447419,0.07300505833700299
447420,0.03615702665410936
447422,0.015419088304042816
447425,0.05648576864041388
447444,0.011718025547452271
447458,0.06780356727540493
447460,0.016950414050370455
447467,0.012685040826909244
447479,0.07691532652825117
447482,0.05283997068181634
447496,0.036466379184275866
447504,0.010090402385685593
447507,0.021177084650844336
447519,0.01720513717737049
447522,0.037531281588599086
447528,0.03217912744730711
447529,0.020799204823561013
447532,0.18147035408765078
447540,0.02790866873692721
447543,0.08285177778452635
447546,0.05179255991242826
447554,0.022813396295532584
447571,0.026456022751517594
447575,0.01831837452482432
447591,0.046531294006854296
447599,0.12134542316198349
447600,0.08495061751455069
447601,0.0146326192189008
447606,0.10970686515793204
447607,0.029294379986822605
447618,0.08758123917505145
447621,0.013952207460533828
447633,0.0067399707331787795
447638,0.014999362465459853
447642,0.014759765472263098
447644,0.028474241611547768
447654,0.08718440169468522
447670,0.01554332347586751
447671,0.03097333968617022
447672,0.04948563617654145
447674,0.059869412798434496
447676,0.0601075142621994
447692,0.1361569995060563
447696,0.1373240454122424
447698,0.05214852327480912
447704,0.05051273852586746
447705,0.04332161881029606
447708,0.048209475353360176
447709,0.2309244628995657
447715,0.05648573534563184
447727,0.012236450682394207
447736,0.01603642839472741
447742,0.011923342826776206
447743,0.16025101859122515
447745,0.042854170547798276
447748,0.1703794002532959
447751,0.1837840871885419
447752,0.05799309629946947
447796,0.02164526656270027
447810,0.01914364378899336
447812,0.02128162933513522
447814,0.19692334067076445
447815,0.013568261230830103
447816,0.0857844166457653
447817,0.2544555328786373
447835,0.037079441361129284
447842,0.2450627163052559
447844,0.005604473204584792
447862,0.19884124398231506
447865,0.09308924619108438
447868,0.1388030219823122
447873,0.009049255575519055
447876,0.0073184697539545596
447881,0.05289884703233838
447882,0.11407565046101809
447883,0.006235744280274957
447904,0.030891939299181104
447907,0.17688441555947065
447915,0.21183813735842705
447931,0.04377311025746167
447945,0.060249495320022106
447947,0.1663383711129427
447958,0.02163477160502225
447967,0.004169208841631189
447968,0.09960750956088305
447972,0.28446505405008793
447975,0.028910569148138165
447976,0.10201565083116293
447978,0.008175626280717552
447983,0.016116232960484922
447993,0.14155428018420935
447998,0.14915751107037067
448001,0.037887024926021695
448005,0.1803429313004017
448007,0.03789300424978137
448011,0.18990902230143547
448012,0.022847834159620106
448016,0.07934710057452321
448030,0.04537436389364302
448039,0.08194596879184246
448040,0.02381828799843788
448045,0.06524893268942833
448046,0.087471267208457
448051,0.018373803817667067
448084,0.052918536588549614
448091,0.10892912233248353
448100,0.06146110035479069
448125,0.1265674578025937
448143,0.025751855922862887
448146,0.10572615591809154
448150,0.06691233115270734
448160,0.1314090248197317
448163,0.027528845239430666
448165,0.08799664070829749
448182,0.008256824337877333
448185,0.017849291034508497
448188,0.0448281797580421
448189,0.020264496910385787
448209,0.023158936179243028
448210,0.09225717699155211
448218,0.01523483422352001
448224,0.14010112918913364
448241,0.03760616690851748
448243,0.010354886122513562
448244,0.012420783168636262
448245,0.10500895604491234
448254,0.020541231730021536
448278,0.1681944690644741
448279,0.06525679584592581
448282,0.043640858959406614
448284,0.04928788589313626
448285,0.27075050584971905
448301,0.14599041454494
448302,0.1700621321797371
448305,0.054785649292171
448317,0.04892292944714427
448330,0.16056390292942524
448335,0.034016042947769165
448338,0.06102840695530176
448340,0.006645614397712052
448341,0.024131474317982793
448347,0.14724828489124775
448350,0.0657925233244896
448353,0.05717110517434776
448361,0.0853537330403924
448370,0.04977289377711713
448380,0.10449820663779974
448400,0.12340509332716465
448411,0.17894014902412891
448412,0.08288050210103393
448417,0.01625428465195
448420,0.04263002029620111
448422,0.03418139577843249
448424,0.020575523376464844
448447,0.09297897620126605
448459,0.034929222194477916
448464,0.019905180670320988
448470,0.08430922776460648
448490,0.00914688385091722
448494,0.16277989093214273
448500,0.16271135210990906
448515,0.0031448495283257216
448522,0.07956349989399314
448526,0.012010383885353804
448536,0.31542472913861275
448548,0.006328300223685801
448566,0.04943458060733974
448573,0.046003943076357245
448584,0.016320726019330323
448585,0.04026998742483556
448597,0.03857895312830806
448599,0.03598964377306402
448601,0.013378206174820662
448604,0.025399898178875446
448606,0.0539447283372283
448610,0.030564019922167063
448642,0.059785228688269854
448660,0.02232427231501788
448669,0.006470254011219367
448674,0.09667085530236363
448675,0.03714339924044907
448678,0.02486886619590223
448690,0.03902674885466695
448693,0.015458191861398518
448695,0.2868122421205044
448700,0.12527250964194536
448703,0.025877079810015857
448704,0.1702647591009736
448707,0.027016213978640735
448720,0.33693234249949455
448727,0.16254071425646544
448728,0.055723381927236915
448734,0.13291855854913592
448746,0.02999294886831194
448755,0.01658127742120996
448760,0.2673315480351448
448770,0.027940939064137638
448778,0.043470875127241015
448788,0.03837497835047543
448790,0.09401039918884635
448801,0.023049855488352478
448805,0.04253842425532639
448806,0.007925379439257085
448812,0.007912896398920566
448817,0.21360304951667786
448834,0.02631897386163473
448837,0.3880477901548147
448838,0.029771200148388743
448853,0.10392254265025258
448856,0.0391003533732146
448868,0.0849575842730701
448876,0.007705599389737472
448909,0.20654591266065836
448917,0.10781608615070581
448919,0.07767613604664803
448922,0.08062623394653201
448931,0.07112926617264748
448935,0.02289315825328231
448937,0.01463864796096459
448940,0.015836813719943166
448948,0.08575811423361301
448958,0.06338385958224535
448967,0.03205072693526745
448968,0.01124818017706275
448973,0.14201929420232773
448993,0.023616910446435213
449000,0.19935048557817936
449011,0.16747110057622194
449015,0.009614962560590357
449030,0.04318336118012667
449035,0.017475830507464707
449040,0.007033360016066581
449045,0.00652367839938961
449060,0.021952870301902294
449081,0.036046434892341495
449082,0.028198468731716275
449087,0.16135102603584528
449095,0.04333145963028073
449105,0.0936231049709022
449110,0.023231061990372837
449117,0.03756428021006286
449126,0.1668928638100624
449134,0.02170735679101199
449141,0.027185999788343906
449148,0.2439187616109848
449155,0.02408439212013036
449158,0.10164628829807043
449160,0.01623743842355907
449178,0.07503284653648734
449180,0.11474364344030619
449183,0.08303337823599577
449186,0.06683902814984322
449193,0.042311119846999645
449196,0.0312351631000638
449203,0.024321413598954678
449213,0.03976827394217253
449214,0.00767747953068465
449215,0.03225842001847923
449216,0.05297132395207882
449224,0.060247060377150774
449227,0.05423688795417547
449230,0.01919371192343533
449233,0.21856093872338533
449253,0.03876757645048201
449254,0.08011580724269152
449264,0.22513800859451294
449289,0.09185367729514837
449302,0.011365972284693271
449308,0.096891057677567
449314,0.017423867713660002
449322,0.083073191344738
449323,0.030358970165252686
449364,0.02981629897840321
449368,0.018515317351557314
449391,0.01691109105013311
449403,0.04989622952416539
449408,0.04607942746952176
449409,0.013782316818833351
449412,0.01114788738777861
449424,0.03911048825830221
449427,0.021796309505589306
449462,0.031074436847120523
449465,0.037351843900978565
449469,0.05083043244667351
449475,0.00766865597688593
449476,0.041152417892590165
449483,0.007147422496927902
449484,0.1730046672746539
449487,0.019683179794810712
449492,0.026906375773251057
449499,0.1530375685542822
449502,0.009958887472748756
449506,0.026973721687681973
449508,0.06835760129615664
449514,0.021803634939715266
449517,0.0591852031648159
449534,0.06365419505164027
449540,0.02666808757930994
449543,0.06369013013318181
449545,0.019219856127165258
449548,0.06016344018280506
449555,0.14479631651192904
449556,0.12016293127089739
449558,0.03539504902437329
449566,0.07808361109346151
449574,0.06396553386002779
449576,0.04501502122730017
449578,0.007767286151647568
449581,0.02523584326263517
449586,0.12499579321593046
449591,0.09010309679433703
449594,0.04398057283833623
449599,0.07131839403882623
449606,0.017378400545567274
449615,0.014141312218271196
449616,0.037751960568130016
449625,0.031753736548125744
449633,0.01594991935417056
449636,0.3285271003842354
449637,0.21616355329751968
449642,0.010863111790968105
449683,0.07249822281301022
449684,0.011478659464046359
449711,0.015692475717514753
449713,0.033376775681972504
449716,0.12191496044397354
449741,0.08562661288306117
449745,0.018701135646551847
449747,0.022173604113049805
449756,0.0990027254447341
449759,0.017529110540635884
449760,0.08199463924393058
449768,0.010426504886709154
449773,0.02937749121338129
449775,0.02576189918909222
449780,0.009569061454385519
449788,0.3393714651465416
449792,0.03704668674618006
449802,0.03197399782948196
449812,0.26505869440734386
449815,0.12058712169528008
449818,0.023531685350462794
449820,0.03738255659118295
449821,0.01230524550192058
449822,0.22030607052147388
449831,0.016803542501293123
449837,0.067821997217834
449855,0.0883258180692792
449857,0.016813058755360544
449865,0.025876299594528973
449866,0.027455155737698078
449871,0.0968028986826539
449873,0.061539878603070974
449874,0.03617500700056553
449877,0.015473051171284169
449881,0.022000889061018825
449889,0.07809264911338687
449893,0.006593038619030267
449894,0.05079434020444751
449897,0.08360415091738105
449900,0.017965402803383768
449910,0.01267062732949853
449924,0.07402175618335605
449928,0.07123178895562887
449932,0.2720154616981745
449942,0.03564374358393252
449947,0.03323253081180155
449955,0.03553841798566282
449972,0.0072186657635029405
449984,0.0850356500595808
450004,0.025861938949674368
450027,0.05488422606140375
450029,0.005865040177013725
450035,0.042734055081382394
450038,0.009240649233106524
450042,0.5184295512735844
450044,0.037344178184866905
450060,0.0596874114125967
450065,0.017359398072585464
450076,0.04295523930341005
450081,0.12101055309176445
450083,0.05487311934120953
450096,0.05419562151655555
450102,0.031478004064410925
450107,0.08719108998775482
450109,0.048621628200635314
450110,0.038637824822217226
450111,0.03514452977105975
450114,0.03738859901204705
450117,0.04834079975262284
450118,0.14439145848155022
450124,0.08570785447955132
450141,0.24175736494362354
450145,0.03145907376892865
450148,0.05056924186646938
450169,0.03850415558554232
450172,0.16667339764535427
450173,0.017218968365341425
450180,0.01324351888615638
450182,0.010312150756362826
450190,0.016962470952421427
450200,0.030417201574891806
450216,0.019709061831235886
450221,0.014406499918550253
450227,0.25626867078244686
450229,0.037194328382611275
450233,0.02628641144838184
450244,0.10374691989272833
450251,0.5192632861435413
450260,0.016185994376428425
450266,0.19935338385403156
450267,0.04193117446266115
450272,0.011801450164057314
450280,0.043042004108428955
450287,0.015891989693045616
450290,0.030886123422533274
450291,0.29655046574771404
450303,0.020287857158109546
450310,0.04698250093497336
450311,0.10404737899079919
450358,0.06507486710324883
450373,0.08230219827964902
450376,0.06635125447064638
450383,0.03511894075199962
450395,0.07988483784720302
450398,0.30093980208039284
450412,0.18346246052533388
450415,0.05689154239371419
450420,0.01666370511520654
450421,0.18482482619583607
450427,0.021710148314014077
450428,0.019437628448940814
450429,0.03254962991923094
450433,0.021182667464017868
450443,0.028643020428717136
450453,0.017490179860033095
450454,0.01662389503326267
450458,0.0894656297750771
450464,0.02745863562449813
450469,0.09818886406719685
450475,0.04461563867516816
450478,0.18442710116505623
450498,0.05376727622933686
450501,0.07232545642182231
450503,0.04263681941665709
450513,0.16618896089494228
450523,0.02054440847132355
450530,0.11573067866265774
450537,0.0429301040712744
450543,0.023819771828129888
450554,0.04306266829371452
450555,0.024004166130907834
450558,0.11491963174194098
450568,0.027599236462265253
450569,0.04087836039252579
450580,0.020439731772057712
450581,0.02559890551492572
450588,0.016632565413601696
450589,0.0916157541796565
450602,0.06376519612967968
450603,0.028600024757906795
450621,0.023753287037834525
450626,0.32673641480505466
450640,0.010459351091412827
450641,0.02622419490944594
450644,0.365165539085865
450658,0.06568961357697845
450672,0.12263165414333344
450685,0.023723368416540325
450687,0.14382858388125896
450689,0.1193702444434166
450690,0.1176010025665164
450693,0.011339953634887934
450699,0.018312109634280205
450706,0.13790906313806772
450708,0.21130486950278282
450710,0.044434886425733566
450716,0.050550136948004365
450722,0.035353040089830756
450752,0.24192368425428867
450759,0.2546973619610071
450763,0.06784593127667904
450767,0.03227639989927411
450768,0.11269027832895517
450772,0.05580707686021924
450778,0.05709325475618243
450781,0.017091125482693315
450788,0.012180918594822288
450792,0.09822173463180661
450817,0.007027757412288338
450820,0.010964835644699633
450835,0.11024670675396919
450848,0.18757434841245413
450853,0.21699451468884945
450865,0.0323003038065508
450878,0.012451428105123341
450883,0.0061284510302357376
450885,0.04103950201533735
450896,0.008024589595152065
450897,0.02560377772897482
450898,0.0603513796813786
450904,0.05814069649204612
450908,0.1488128313794732
450917,0.020031623193062842
450921,0.014637706917710602
450923,0.11461650673300028
450926,0.07125564804300666
450929,0.025329455616883934
450937,0.06350569846108556
450963,0.1619792552664876
450971,0.17414026241749525
450973,0.04711799486540258
450978,0.12456013821065426
450982,0.009365129051730037
450995,0.07421709271147847
450997,0.010430021211504936
451033,0.011072813882492483
451035,0.010647583403624594
451037,0.25007705576717854
451039,0.00892691983608529
451063,0.009760811546584591
451079,0.028536914382129908
451081,0.0063699544698465616
451083,0.051633612252771854
451100,0.032771029276773334
451101,0.01068661775207147
451104,0.03358075860887766
451109,0.023503612843342125
451119,0.049410034669563174
451124,0.01575234450865537
451126,0.015178422792814672
451146,0.07327419565990567
451155,0.010405145236290991
451156,0.007877349969930947
451160,0.29565172269940376
451163,0.014972945500630885
451168,0.047668131766840816
451175,0.13047340884804726
451184,0.05909993499517441
451189,0.05999810807406902
451206,0.060240756487473845
451208,0.019906608038581908
451225,0.021271274657920003
451226,0.009402538649737835
451228,0.1357274241745472
451230,0.11347393319010735
451235,0.020556025905534625
451239,0.0117840557359159
451242,0.03731040097773075
451247,0.08547742292284966
451248,0.06534042162820697
451255,0.11106258258223534
451261,0.051004454260692
451270,0.15041429828852415
451277,0.010823957505635917
451278,0.05923699960112572
451282,0.02495097601786256
451283,0.05989840906113386
451302,0.03552042390219867
451310,0.05424621282145381
451315,0.036894281627610326
451328,0.04384238412603736
451330,0.08124870387837291
451331,0.2566122431308031
451338,0.03205096197780222
451342,0.08452959079295397
451347,0.026064961683005095
451350,0.09857286512851715
451351,0.05412889691069722
451354,0.011363361729308963
451358,0.02007538196630776
451370,0.01420282234903425
451379,0.3447218295186758
451383,0.037286725360900164
451390,0.22409356012940407
451391,0.011701539508067071
451392,0.09321622317656875
451412,0.030134675092995167
451422,0.010760870121885091
451429,0.007370546110905707
451432,0.04499147040769458
451437,0.026175770675763488
451442,0.0624691522680223
451455,0.11083814268931746
451457,0.07033181749284267
451464,0.04959270334802568
451472,0.04300178634002805
451474,0.08934620302170515
451488,0.1253765793517232
451512,0.016492397524416447
451516,0.09168119076639414
451519,0.17659052833914757
451528,0.014184973435476422
451531,0.012267606856767088
451551,0.10512758046388626
451564,0.04298453009687364
451570,0.18811715859919786
451571,0.04393386002629995
451575,0.10431136842817068
451576,0.11863407399505377
451582,0.0849765376187861
451586,0.03385298675857484
451587,0.16476193442940712
451594,0.11415923200547695
451596,0.017639613710343838
451600,0.10695287864655256
451615,0.035685227485373616
451616,0.07079005520790815
451646,0.18262998759746552
451648,0.08769950224086642
451650,0.04006256116554141
451651,0.0918282107450068
451662,0.18465173617005348
451675,0.012995072756893933
451680,0.04649095027707517
451682,0.07936238311231136
451688,0.03379924641922116
451691,0.056601945078000426
451698,0.045022793812677264
451703,0.032741467002779245
451709,0.0589491561986506
451714,0.08903083903715014
451716,0.06114235147833824
451719,0.017158437753096223
451724,0.05619371752254665
451726,0.0383106607478112
451733,0.036191531689837575
451743,0.040530149824917316
451747,0.012868757883552462
451756,0.01828220474999398
451761,0.11184663791209459
451762,0.1523443227633834
451768,0.006089702917961404
451785,0.02297590801026672
451805,0.006476081791333854
451811,0.16992221400141716
451817,0.018819340970367193
451823,0.12507631350308657
451831,0.018861823598854244
451840,0.07630391558632255
451845,0.03308133431710303
451852,0.04371160292066634
451855,0.029807097278535366
451856,0.014299520757049322
451871,0.044447306310757995
451873,0.06697960710152984
451897,0.05148405348882079
451907,0.0701905912719667
451908,0.06992379110306501
451919,0.03725058049894869
451932,0.03260827995836735
451934,0.06693756766617298
451935,0.04842492286115885
451936,0.06941501377150416
451938,0.01773257413879037
451954,0.014771921676583588
451958,0.08875308372080326
451976,0.1115743825212121
451977,0.08933997945860028
451983,0.103687833994627
452000,0.12633568793535233
452023,0.02103303582407534
452024,0.006644178065471351
452028,0.006585752285900526
452039,0.028875299729406834
452043,0.03141270135529339
452047,0.014905364601872861
452067,0.30374318175017834
452069,0.038266922580078244
452071,0.015032189316116273
452096,0.21500582061707973
452101,0.17831727769225836
452107,0.07909649610519409
452108,0.04001440783031285
452109,0.037791950860992074
452123,0.04234022926539183
452127,0.018878767383284867
452131,0.10532798152416945
452133,0.012789629166945815
452136,0.09292089147493243
452137,0.0795507705770433
452142,0.03751639020629227
452147,0.06110209599137306
452158,0.06487614754587412
452172,0.13861596304923296
452190,0.17677866481244564
452191,0.02989529725164175
452192,0.005696051986888051
452195,0.014772578841075301
452209,0.042189486091956496
452237,0.027745704166591167
452239,0.009485275484621525
452242,0.030917050316929817
452246,0.007660864444915205
452249,0.05691591138020158
452263,0.04647687659598887
452267,0.023829204495996237
452273,0.07841872051358223
452274,0.022181724780239165
452291,0.1370894741266966
452310,0.12004067003726959
452319,0.06743755610659719
452325,0.018395810155197978
452328,0.06950641144067049
452330,0.21289636380970478
452332,0.019464144250378013
452337,0.015668389154598117
452353,0.1753794839605689
452356,0.1685989461839199
452368,0.010378111794125289
452379,0.07252572616562247
452380,0.3687861543148756
452396,0.04078870709054172
452398,0.14846366457641125
452401,0.025334123754873872
452408,0.06567556969821453
452409,0.08665694436058402
452414,0.059248633682727814
452418,0.07666469225659966
452422,0.06554857408627868
452430,0.07805367792025208
452432,0.026373872300609946
452451,0.06451162043958902
452455,0.025923138950020075
452495,0.02287937724031508
452497,0.20214957743883133
452511,0.16310940962284803
452514,0.015561677981168032
452522,0.048315023770555854
452529,0.0889635719358921
452530,0.10760632390156388
452542,0.03502381732687354
452545,0.02325103827752173
452558,0.02142669353634119
452592,0.20888618379831314
452604,0.015056094503961504
452616,0.01328362338244915
452619,0.02867437549866736
452620,0.010652610973920673
452630,0.013980591727886349
452644,0.1405327282845974
452658,0.007357972965110093
452663,0.06587597215548158
452668,0.02337466401513666
452672,0.07214301871135831
452679,0.040924887638539076
452685,0.03841318003833294
452690,0.0494903358630836
452701,0.14716313779354095
452702,0.08625033963471651
452708,0.04449484124779701
452714,0.02092359750531614
452718,0.07436130428686738
452731,0.008972437033662573
452733,0.07814183831214905
452741,0.026152672595344484
452748,0.274407010525465
452750,0.021373200579546392
452753,0.04994441894814372
452759,0.007494586694519967
452767,0.17111875116825104
452768,0.28480492904782295
452788,0.01288836682215333
452802,0.03085694764740765
452807,0.02509382681455463
452819,0.03413549903780222
452820,0.01335521461442113
452821,0.013804877235088497
452840,0.10554130934178829
452851,0.01755254529416561
452861,0.01887685596011579
452865,0.027560684829950333
452871,0.05108877317979932
452882,0.015922685444820672
452903,0.015555858379229903
452906,0.07817253423854709
452907,0.22745484858751297
452914,0.02537515596486628
452929,0.033780353143811226
452931,0.14620117843151093
452932,0.02368700667284429
452948,0.041703285882249475
452950,0.045644653495401144
452963,0.025599775835871696
452974,0.018592354957945645
452982,0.10809285379946232
452984,0.09665008028969169
452994,0.016437066602520645
452995,0.02123220858629793
452998,0.014992898853961378
453003,0.25821143947541714
453021,0.018547365441918373
453040,0.12774636130779982
453042,0.12070813030004501
453052,0.12076147180050611
453056,0.04826148017309606
453066,0.03922735224477947
453067,0.011629791173618287
453072,0.017073497700039297
453085,0.08897620253264904
453093,0.061805726028978825
453094,0.011066980951000005
453100,0.009867053828202188
453101,0.05649439571425319
453107,0.05625844351015985
453110,0.17151623405516148
453111,0.2196342796087265
453113,0.01619931950699538
453114,0.007890813110861927
453124,0.009954940411262214
453129,0.00809544266667217
453142,0.22624737210571766
453145,0.03277793270535767
453152,0.15095783863216639
453159,0.02820935577619821
453168,0.0595308281481266
453196,0.06677515059709549
453212,0.02399975899606943
453214,0.018211273942142725
453215,0.03699466725811362
453220,0.005149859614903107
453230,0.23940075002610683
453233,0.20185335725545883
453235,0.038701155222952366
453244,0.1798206903040409
453248,0.30739209800958633
453262,0.0074244236457161605
453268,0.03132431046105921
453283,0.019993784022517502
453284,0.02253556775394827
453287,0.03799262421671301
453299,0.058470990508794785
453314,0.04177090851590037
453322,0.01944367925170809
453349,0.14231995213776827
453354,0.08262207917869091
453356,0.1386270597577095
453359,0.11055396497249603
453366,0.04500880977138877
453367,0.08215571800246835
453372,0.02269809623248875
453378,0.39760255068540573
453390,0.015160389360971749
453397,0.026219294173642993
453403,0.033267937833443284
453406,0.26654076389968395
453412,0.12413142062723637
453415,0.3110054451972246
453428,0.04189907223917544
453431,0.014829172054305673
453442,0.0435077496804297
453449,0.017661243793554604
453465,0.0324741187505424
453473,0.26507232524454594
453476,0.01729198289103806
453479,0.012659200525376946
453480,0.014063932409044355
453481,0.031548354076221585
453493,0.02244272781535983
453494,0.04321407317183912
453507,0.2118775136768818
453509,0.023971698596142232
453514,0.02856852044351399
453524,0.06563270138576627
453534,0.03607268549967557
453538,0.028550776420161128
453544,0.08740644389763474
453549,0.005335866328096017
453550,0.06630163406953216
453551,0.026774424477480352
453556,0.029878148925490677
453560,0.16273789200931787
453566,0.030856878263875842
453569,0.07356596319004893
453579,0.010065873269923031
453582,0.010879689536523074
453586,0.07943960512056947
453618,0.02076122967991978
453620,0.04071912867948413
453655,0.1386375231668353
453659,0.02648516441695392
453668,0.10239515546709299
453681,0.012731624359730631
453686,0.05894183227792382
453687,0.047352675814181566
453704,0.03424890316091478
453707,0.07722421828657389
453708,0.016104445792734623
453709,0.06670250045135617
453715,0.03303753980435431
453721,0.14015310537070036
453725,0.019348823348991573
453727,0.015560578263830394
453747,0.2079829592257738
453753,0.13812874350696802
453755,0.021125978091731668
453761,0.016771462513133883
453763,0.007663332857191563
453766,0.01659803686197847
453774,0.021168858278542757
453781,0.46907419711351395
453790,0.05987068195827305
453797,0.2329973392188549
453808,0.1547840852290392
453814,0.027071928256191313
453836,0.1176297040656209
453837,0.02182770729996264
453843,0.044602380599826574
453844,0.05880157742649317
453871,0.012012189428787678
453881,0.08678680891171098
453892,0.2248317450284958
453893,0.014353246369864792
453894,0.024215263547375798
453895,0.024611592409200966
453903,0.057202977826818824
453906,0.03497253474779427
453918,0.11473525129258633
453924,0.03030547429807484
453930,0.10221442114561796
453940,0.01899641111958772
453944,0.11423438880592585
453947,0.21326710656285286
453949,0.14724897220730782
453952,0.2111526895314455
453959,0.06768639059737325
453971,0.05044101434759796
453986,0.2783053368330002
453988,0.026156252715736628
453989,0.08665928244590759
453999,0.12267627101391554
454007,0.12829901464283466
454021,0.013079300115350634
454023,0.1694088289514184
454036,0.0284249447286129
454046,0.0051048442255705595
454052,0.04581125592812896
454066,0.028368412982672453
454070,0.20357386767864227
454071,0.03193727880716324
454075,0.1883961847051978
454080,0.03839827259071171
454085,0.02168076834641397
454097,0.08623948553577065
454103,0.027226277044974267
454105,0.08465758990496397
454108,0.04758970718830824
454109,0.14547076262533665
454137,0.11166698671877384
454150,0.00967145006870851
454155,0.020055308123119175
454164,0.055857126135379076
454165,0.01578313362551853
454170,0.14573175460100174
454173,0.02664336108136922
454181,0.004516545974183828
454183,0.16313144378364086
454188,0.1502038910984993
454192,0.011794639867730439
454198,0.6339867375791073
454200,0.016168889589607716
454209,0.005511504743481055
454211,0.27289629355072975
454212,0.017926299362443388
454218,0.36369598284363747
454220,0.03579604555852711
454231,0.01422655355418101
454242,0.011561684834305197
454245,0.014737521298229694
454261,0.01536400243639946
454269,0.04068118869327009
454271,0.01386443036608398
454287,0.06222153827548027
454293,0.18023031577467918
454296,0.02790248580276966
454304,0.04756621108390391
454313,0.2777528055012226
454315,0.15180679038167
454321,0.03533858014270663
454333,0.1194146927446127
454334,0.03511486412025988
454345,0.04852800536900759
454347,0.09628820046782494
454361,0.08543951902538538
454380,0.03457168489694595
454382,0.2872402258217335
454386,0.07832658989354968
454390,0.06563286622986197
454396,0.03174702334217727
454398,0.1617900924757123
454403,0.03480461135040969
454405,0.030759063316509128
454406,0.037349414778873324
454412,0.13624382950365543
454418,0.03208241402171552
454436,0.10815226007252932
454443,0.04310472519136965
454449,0.06014477601274848
454457,0.23269884288311005
454466,0.01773423468694091
454471,0.1516677439212799
454476,0.18426141887903214
454489,0.19426596350967884
454493,0.15309108141809702
454495,0.06100874417461455
454497,0.0096278473502025
454522,0.021556952386163175
454554,0.06852456042543054
454557,0.008946675399783999
454560,0.02319214353337884
454561,0.03910128097049892
454563,0.09439485613256693
454565,0.03603575751185417
454566,0.14046323206275702
454578,0.05183056881651282
454605,0.08331580506637692
454608,0.032394031062722206
454612,0.0056815977732185274
454618,0.19647715985774994
454622,0.03972090478055179
454631,0.08675169106572866
454638,0.01660399977117777
454639,0.1586016984656453
454640,0.08547302894294262
454653,0.11103470716625452
454663,0.012046582938637584
454664,0.1396637037396431
454674,0.23614584282040596
454678,0.1951703354716301
454680,0.026449698605574667
454687,0.04232743685133755
454690,0.027980311773717403
454698,0.09446256933733821
454700,0.054559335578233004
454707,0.010790369706228375
454714,0.012897633539978415
454722,0.1452888622879982
454723,0.02730609569698572
454739,0.08564131893217564
454745,0.02393489016685635
454763,0.09356711339205503
454765,0.039014627458527684
454774,0.02340126852504909
454778,0.020595613634213805
454780,0.039076719898730516
454781,0.0727599048987031
454789,0.011693275417201221
454801,0.0842949659563601
454802,0.027447059168480337
454835,0.09841496264562011
454837,0.025749957421794534
454841,0.011214699654374272
454872,0.0974568510428071
454878,0.01590175402816385
454884,0.01244159392081201
454891,0.09325065556913614
454897,0.025045787799172103
454908,0.05171398050151765
454912,0.057641816791146994
454922,0.024186620605178177
454929,0.063867739867419
454935,0.03174269734881818
454946,0.08676659921184182
454959,0.024390771868638694
454970,0.021126039791852236
454991,0.03612765530124307
455002,0.10253536514937878
455005,0.12156761903315783
455016,0.17085248045623302
455021,0.013527399394661188
455022,0.03218595893122256
455024,0.1434487346559763
455044,0.2093776073306799
455050,0.006981808430282399
455055,0.10552444495260715
455056,0.040304201655089855
455067,0.018519171979278326
455069,0.010391817311756313
455082,0.03818061854690313
455087,0.029422665829770267
455088,0.03539365576580167
455112,0.04590890440158546
455126,0.0440147053450346
455132,0.02890215744264424
455135,0.11513914819806814
455148,0.02059133572038263
455156,0.08600053424015641
455161,0.053655813448131084
455162,0.20805753022432327
455164,0.1516968971118331
455171,0.17180547025054693
455174,0.015739720198325813
455175,0.04803374083712697
455184,0.14846667367964983
455188,0.035838340409100056
455200,0.2054445594549179
455209,0.18458618596196175
455212,0.17665871884673834
455217,0.08848110074177384
455222,0.02719190320931375
455223,0.015754121937789023
455228,0.04006491741165519
455243,0.06124055664986372
455246,0.028058358700945973
455255,0.33476636931300163
455262,0.0496199585031718
455268,0.020051307743415236
455277,0.15938140824437141
455281,0.1351150218397379
455296,0.04546212125569582
455297,0.015822768618818372
455322,0.014683897665236145
455326,0.24277827329933643
455327,0.1729982327669859
455328,0.037860349752008915
455368,0.009543207183014601
455374,0.09216722147539258
455377,0.00583322870079428
455378,0.006248227786272764
455379,0.06916042976081371
455395,0.023780145798809826
455424,0.11238925624638796
455425,0.02952314238063991
455429,0.008647158392705023
455434,0.10774088744074106
455436,0.014767622109502554
455438,0.014987956848926842
455439,0.03832039749249816
455440,0.010460341407451779
455441,0.006487627630122006
455481,0.012271753745153546
455482,0.022489594877697527
455483,0.003959087494877167
455484,0.11424960941076279
455489,0.03233706345781684
455490,0.06257695751264691
455513,0.4021320976316929
455515,0.09191308775916696
455536,0.03796075819991529
455537,0.025013153557665646
455538,0.007940433803014457
455539,0.051719387993216515
455567,0.1336535755544901
455583,0.12941603735089302
455607,0.012361540633719414
455636,0.3124855738133192
455638,0.023018580628558993
455640,0.17253568395972252
455644,0.014541899145115167
455645,0.018576267641037703
455648,0.054195957724004984
455650,0.029193232068791986
455658,0.09505781717598438
455694,0.024297970347106457
455695,0.02184391743503511
455696,0.026787241455167532
455703,0.12335576955229044
455742,0.016475091455504298
455748,0.026931228581815958
455749,0.053060887614265084
455750,0.13052935618907213
455751,0.02711819566320628
455752,0.048525931080803275
455787,0.05379696050658822
455798,0.05944880237802863
455802,0.09300829097628593
455803,0.09105461090803146
455804,0.10776264499872923
455805,0.02870614011771977
455829,0.004410937675856985
455840,0.03326199925504625
455849,0.019431498600170016
455850,0.08950038766488433
455852,0.042787634301930666
455854,0.15785459894686937
455863,0.028772006276994944
455897,0.02650861511938274
455902,0.020869828178547323
455907,0.009974313667044044
455908,0.0456992459949106
455909,0.04572597937658429
455940,0.06545156519860029
455955,0.03538927808403969
455958,0.0413689895067364
455959,0.06593336863443255
455960,0.006190914253238589
455961,0.2405320331454277
455962,0.04843780561350286
455963,0.013558247592300177
455965,0.010818126320373267
456007,0.17878415901213884
456008,0.00922497664578259
456009,0.02232506952714175
456010,0.0909209824167192
456011,0.02086135419085622
456013,0.1775313187390566
456028,0.09815205074846745
456058,0.06639308575540781
456111,0.14672555401921272
456114,0.06884705973789096
456115,0.02015318302437663
456116,0.02896893909201026
456119,0.014063543756492436
456120,0.11241798987612128
456122,0.06762317079119384
456123,0.021091234288178384
456166,0.1479394817724824
456167,0.043109847931191325
456168,0.04730518790893257
456169,0.04024072200991213
456170,0.011196354287676513
456189,0.11869345512241125
456202,0.04882845655083656
456221,0.04483974166214466
456222,0.03774269809946418
456223,0.008982075320091099
456224,0.04857678199186921
456250,0.08680757298134267
